gender,senior_citizen,partner,dependents,tenure,phone_service,multiple_lines,online_security,online_backup,device_protection,tech_support,streaming_tv,streaming_movies,paperless_billing,monthly_charges,total_logins,avg_session_mins,login_days_active,days_since_last_login,total_tickets,avg_resolution_hours,max_resolution_hours,billing_tickets,technical_tickets,billing_ticket_ratio,total_bills,total_late_payments,late_payment_rate,avg_payment_gap,max_payment_gap,avg_amount_due,avg_monthly_spend,charge_vs_tier_avg,logins_per_active_day,num_services,risk_score,contract_encoded,internet_service_Fiber Optic,internet_service_No,payment_method_Credit Card (Automatic),payment_method_Electronic Check,payment_method_Mailed Check
0,0,1,0,1.0,0,0,0,1,0,0,0,0,1,29.85,0.0,0.0,0.0,365.0,0.0,0.0,0.0,0.0,0.0,0.0,3,0,0.0,0.0,0.0,91.65,29.85,-28.21,0.0,1,2,0,0,0,0,1,0
1,0,0,0,34.0,1,0,1,0,1,0,0,0,0,56.95,0.0,0.0,0.0,365.0,0.0,0.0,0.0,0.0,0.0,0.0,1,0,0.0,0.0,0.0,71.62,55.5735294117647,-1.11,0.0,2,0,1,0,0,0,0,1
1,0,0,0,2.0,1,0,1,1,0,0,0,0,1,53.85,0.0,0.0,0.0,365.0,0.0,0.0,0.0,0.0,0.0,0.0,3,1,0.33,4.77,14.32,68.09,54.075,-4.21,0.0,2,3,0,0,0,0,0,1
1,0,0,0,45.0,0,0,1,0,1,1,0,0,0,42.3,5.0,107.0,1.0,232.0,0.0,0.0,0.0,0.0,0.0,0.0,1,0,0.0,0.0,0.0,30.34,40.90555555555556,-15.76,5.0,3,0,1,0,0,0,0,0
0,0,0,0,2.0,1,0,0,0,0,0,0,0,1,70.7,0.0,0.0,0.0,365.0,0.0,0.0,0.0,0.0,0.0,0.0,3,0,0.0,0.0,0.0,66.65,75.825,-20.84,0.0,0,2,0,1,0,0,1,0
0,0,0,0,8.0,1,1,0,0,1,0,1,1,1,99.65,0.0,0.0,0.0,365.0,0.0,0.0,0.0,0.0,0.0,0.0,2,0,0.0,0.0,0.0,38.74,102.5625,8.11,0.0,3,2,0,1,0,0,1,0
1,0,0,1,22.0,1,1,0,1,0,0,1,0,1,89.1,0.0,0.0,0.0,365.0,0.0,0.0,0.0,0.0,0.0,0.0,2,0,0.0,0.0,0.0,90.64,88.60909090909091,-2.44,0.0,2,1,0,1,0,1,0,0
0,0,0,0,10.0,0,0,1,0,0,0,0,0,0,29.75,6.0,294.0,1.0,292.0,0.0,0.0,0.0,0.0,0.0,0.0,1,0,0.0,0.0,0.0,96.55,30.189999999999998,-28.31,6.0,1,2,0,0,0,0,0,1
0,0,1,0,28.0,1,1,0,0,1,1,1,1,1,104.8,10.0,263.0,1.0,287.0,0.0,0.0,0.0,0.0,0.0,0.0,2,0,0.0,0.0,0.0,60.47,108.78750000000001,13.26,10.0,4,1,0,1,0,0,1,0
1,0,0,1,62.0,1,0,1,1,0,0,0,0,0,56.15,0.0,0.0,0.0,365.0,0.0,0.0,0.0,0.0,0.0,0.0,3,1,0.33,3.53,10.58,53.31,56.25725806451613,-1.91,0.0,2,1,1,0,0,0,0,0
1,0,1,1,13.0,1,0,1,0,0,0,0,0,1,49.95,0.0,0.0,0.0,365.0,0.0,0.0,0.0,0.0,0.0,0.0,3,0,0.0,0.0,0.0,55.21,45.18846153846154,-8.11,0.0,1,1,0,0,0,0,0,1
1,0,0,0,16.0,1,0,0,0,0,0,0,0,0,18.95,5.0,38.0,1.0,191.0,0.0,0.0,0.0,0.0,0.0,0.0,1,0,0.0,0.0,0.0,97.34,20.425,-2.12,5.0,0,0,2,0,1,1,0,0
1,0,1,0,58.0,1,1,0,0,1,0,1,1,0,100.35,0.0,0.0,0.0,365.0,0.0,0.0,0.0,0.0,0.0,0.0,2,1,0.5,4.16,8.32,50.72,97.95,8.81,0.0,3,1,1,1,0,1,0,0
1,0,0,0,49.0,1,1,0,1,1,0,1,1,1,103.7,0.0,0.0,0.0,365.0,0.0,0.0,0.0,0.0,0.0,0.0,2,0,0.0,0.0,0.0,60.0,102.78163265306122,12.16,0.0,4,1,0,1,0,0,0,0
1,0,0,0,25.0,1,0,1,0,1,1,1,1,1,105.5,1.0,173.0,1.0,200.0,0.0,0.0,0.0,0.0,0.0,0.0,2,1,0.5,4.59,9.18,54.78,107.44200000000001,13.96,1.0,5,2,0,1,0,0,1,0
0,0,1,1,69.0,1,1,1,1,1,1,1,1,0,113.25,5.0,8.0,1.0,142.0,1.0,13.6,13.6,0.0,0.0,0.0,1,0,0.0,0.0,0.0,48.51,114.42246376811593,21.71,5.0,6,0,2,1,0,1,0,0
0,0,0,0,52.0,1,0,0,0,0,0,0,0,0,20.65,5.0,130.0,1.0,72.0,0.0,0.0,0.0,0.0,0.0,0.0,3,1,0.33,6.52,19.56,88.67,19.672115384615385,-0.42,5.0,0,1,1,0,1,0,0,1
1,0,0,1,71.0,1,1,1,0,1,0,1,1,0,106.7,0.0,0.0,0.0,365.0,0.0,0.0,0.0,0.0,0.0,0.0,2,0,0.0,0.0,0.0,102.57,103.97535211267606,15.16,0.0,4,0,2,1,0,0,0,0
0,0,1,1,10.0,1,0,0,0,1,1,0,0,0,55.2,0.0,0.0,0.0,365.0,1.0,0.8,0.8,0.0,1.0,0.0,1,0,0.0,0.0,0.0,61.83,52.835,-2.86,0.0,2,2,0,0,0,1,0,0
0,0,0,0,21.0,1,0,0,1,1,0,0,1,1,90.05,0.0,0.0,0.0,365.0,0.0,0.0,0.0,0.0,0.0,0.0,1,1,1.0,4.73,4.73,64.44,88.70952380952382,-1.49,0.0,3,2,0,1,0,0,1,0
1,1,0,0,1.0,0,0,0,0,1,0,0,1,1,39.65,0.0,0.0,0.0,365.0,0.0,0.0,0.0,0.0,0.0,0.0,3,0,0.0,0.0,0.0,82.48,39.65,-18.41,0.0,2,2,0,0,0,0,1,0
1,0,1,0,12.0,1,0,0,0,0,0,0,0,0,19.8,0.0,0.0,0.0,365.0,0.0,0.0,0.0,0.0,0.0,0.0,3,1,0.33,9.65,28.94,56.49,16.854166666666668,-1.27,0.0,0,1,1,0,1,0,0,0
1,0,0,0,1.0,1,0,0,0,0,0,0,0,0,20.15,5.0,35.0,1.0,41.0,0.0,0.0,0.0,0.0,0.0,0.0,3,1,0.33,10.15,30.45,72.67,20.15,-0.92,5.0,0,3,0,0,1,0,0,1
0,0,1,0,58.0,1,1,0,1,0,1,0,0,1,59.9,3.0,23.0,1.0,267.0,0.0,0.0,0.0,0.0,0.0,0.0,3,0,0.0,0.0,0.0,79.87,60.432758620689654,1.84,3.0,2,0,2,0,0,1,0,0
1,0,1,1,49.0,1,0,1,1,0,1,0,0,0,59.6,0.0,0.0,0.0,365.0,0.0,0.0,0.0,0.0,0.0,0.0,1,0,0.0,0.0,0.0,31.52,60.61836734693878,1.54,0.0,3,1,0,0,0,1,0,0
0,0,0,0,30.0,1,0,1,1,0,0,0,0,1,55.3,0.0,0.0,0.0,365.0,0.0,0.0,0.0,0.0,0.0,0.0,3,0,0.0,0.0,0.0,71.36,51.019999999999996,-2.76,0.0,2,1,0,0,0,0,0,0
1,0,1,1,47.0,1,1,0,1,0,0,1,1,1,99.35,0.0,0.0,0.0,365.0,0.0,0.0,0.0,0.0,0.0,0.0,3,0,0.0,0.0,0.0,51.39,101.04574468085106,7.81,0.0,3,1,0,1,0,0,1,0
1,0,1,1,1.0,0,0,0,1,0,0,0,0,0,30.2,10.0,29.5,2.0,25.0,0.0,0.0,0.0,0.0,0.0,0.0,1,1,1.0,8.63,8.63,25.48,30.2,-27.86,5.0,1,3,0,0,0,0,1,0
1,0,1,0,72.0,1,1,1,1,1,1,1,1,1,90.25,0.0,0.0,0.0,365.0,0.0,0.0,0.0,0.0,0.0,0.0,2,0,0.0,0.0,0.0,80.24,88.46458333333334,32.19,0.0,6,0,2,0,0,1,0,0
0,0,0,1,17.0,1,0,0,0,0,0,1,1,1,64.7,0.0,0.0,0.0,365.0,0.0,0.0,0.0,0.0,0.0,0.0,1,0,0.0,0.0,0.0,26.58,64.3,6.64,0.0,2,1,0,0,0,0,0,1
0,1,1,0,71.0,1,1,1,1,1,1,0,0,1,96.35,6.0,97.0,1.0,125.0,0.0,0.0,0.0,0.0,0.0,0.0,1,0,0.0,0.0,0.0,102.11,95.30915492957746,4.81,6.0,4,0,2,1,0,1,0,0
1,1,1,0,12.0,1,0,0,0,1,0,1,1,1,95.5,0.0,0.0,0.0,365.0,0.0,0.0,0.0,0.0,0.0,0.0,2,0,0.0,0.0,0.0,78.86,15.137500000000001,3.96,0.0,3,1,0,1,0,1,0,0
0,0,1,1,27.0,1,0,1,1,1,1,0,0,0,66.15,0.0,0.0,0.0,365.0,0.0,0.0,0.0,0.0,0.0,0.0,3,0,0.0,0.0,0.0,79.65,69.42407407407407,8.09,0.0,4,0,1,0,0,0,0,1
1,0,0,0,1.0,1,0,0,0,0,0,0,0,0,20.2,0.0,0.0,0.0,365.0,0.0,0.0,0.0,0.0,0.0,0.0,2,0,0.0,0.0,0.0,91.33,20.2,-0.87,0.0,0,2,0,0,1,0,0,0
1,1,0,0,1.0,1,0,0,0,0,0,0,0,0,45.25,0.0,0.0,0.0,365.0,2.0,21.1,39.2,1.0,0.0,0.5,1,0,0.0,0.0,0.0,61.94,45.25,-12.81,0.0,0,2,0,0,0,0,0,0
0,0,1,1,72.0,1,1,1,1,0,1,1,0,0,99.9,0.0,0.0,0.0,365.0,1.0,10.0,10.0,1.0,0.0,1.0,3,0,0.0,0.0,0.0,70.14,100.71805555555555,8.36,0.0,4,0,2,1,0,0,0,0
1,0,0,0,5.0,1,0,0,0,0,0,0,0,1,69.7,4.0,95.0,1.0,346.0,0.0,0.0,0.0,0.0,0.0,0.0,2,0,0.0,0.0,0.0,27.33,63.379999999999995,-21.84,4.0,0,2,0,1,0,0,1,0
0,0,0,0,12.0,1,0,0,0,1,0,0,0,1,74.8,2.0,283.0,1.0,142.0,0.0,0.0,0.0,0.0,0.0,0.0,2,0,0.0,0.0,0.0,90.15,295.69166666666666,-16.74,2.0,1,1,0,1,0,1,0,0
1,0,0,0,34.0,1,1,0,1,1,0,1,1,1,106.35,0.0,0.0,0.0,365.0,0.0,0.0,0.0,0.0,0.0,0.0,3,2,0.67,9.47,18.6,79.29,104.38970588235294,14.81,0.0,4,2,0,1,0,0,1,0
0,0,0,0,11.0,1,1,0,0,1,0,1,1,1,97.85,0.0,0.0,0.0,365.0,0.0,0.0,0.0,0.0,0.0,0.0,3,0,0.0,0.0,0.0,49.49,100.4909090909091,6.31,0.0,3,2,0,1,0,0,0,0
1,0,1,1,10.0,1,0,0,1,0,0,0,0,0,49.55,0.0,0.0,0.0,365.0,0.0,0.0,0.0,0.0,0.0,0.0,1,0,0.0,0.0,0.0,32.6,47.57,-8.51,0.0,1,1,1,0,0,0,0,1
0,0,1,1,70.0,1,1,1,1,0,0,1,0,1,69.2,2.0,67.0,1.0,328.0,0.0,0.0,0.0,0.0,0.0,0.0,2,0,0.0,0.0,0.0,54.3,69.605,11.14,2.0,3,0,2,0,0,1,0,0
0,0,1,1,17.0,1,0,0,0,0,0,0,0,0,20.75,0.0,0.0,0.0,365.0,0.0,0.0,0.0,0.0,0.0,0.0,1,1,1.0,12.85,12.85,32.75,24.602941176470587,-0.32,0.0,0,1,1,0,1,0,0,1
0,0,0,0,63.0,1,1,1,1,1,1,1,0,1,79.85,0.0,0.0,0.0,365.0,0.0,0.0,0.0,0.0,0.0,0.0,2,0,0.0,0.0,0.0,83.07,77.16587301587302,21.79,0.0,5,0,2,0,0,1,0,0
0,0,1,0,13.0,1,1,1,1,0,1,1,0,1,76.2,4.0,71.0,1.0,243.0,0.0,0.0,0.0,0.0,0.0,0.0,1,0,0.0,0.0,0.0,66.31,75.49615384615385,18.14,4.0,4,1,0,0,0,0,1,0
0,0,0,0,49.0,1,1,0,0,0,0,0,1,1,84.5,0.0,0.0,0.0,365.0,0.0,0.0,0.0,0.0,0.0,0.0,3,0,0.0,0.0,0.0,48.54,79.72857142857143,-7.04,0.0,1,1,0,1,0,0,1,0
1,0,0,0,2.0,1,0,0,1,0,0,0,0,0,49.25,0.0,0.0,0.0,365.0,1.0,1.2,1.2,1.0,0.0,1.0,2,0,0.0,0.0,0.0,65.2,48.5,-8.81,0.0,1,2,0,0,0,0,0,1
0,0,0,0,2.0,1,0,0,0,0,0,1,0,1,80.65,5.0,84.0,1.0,64.0,1.0,5.1,5.1,0.0,1.0,0.0,2,0,0.0,0.0,0.0,99.27,72.075,-10.89,5.0,1,2,0,1,0,0,1,0
1,0,0,0,52.0,1,1,1,0,0,1,1,1,1,79.75,0.0,0.0,0.0,365.0,0.0,0.0,0.0,0.0,0.0,0.0,1,0,0.0,0.0,0.0,55.42,81.11153846153846,21.69,0.0,4,0,2,0,0,1,0,0
0,0,1,1,69.0,1,1,1,0,1,1,0,0,1,64.15,0.0,0.0,0.0,365.0,0.0,0.0,0.0,0.0,0.0,0.0,2,0,0.0,0.0,0.0,94.72,61.6536231884058,6.09,0.0,3,0,2,0,0,1,0,0
0,1,0,0,12.0,1,1,0,1,0,0,1,0,1,90.25,0.0,0.0,0.0,365.0,1.0,80.2,80.2,1.0,0.0,1.0,3,1,0.33,0.61,1.82,59.06,319.8958333333333,-1.29,0.0,2,2,0,1,0,0,1,0
0,0,0,0,15.0,1,0,1,1,0,0,1,1,1,99.1,3.0,78.0,1.0,23.0,0.0,0.0,0.0,0.0,0.0,0.0,3,0,0.0,0.0,0.0,73.35,95.09333333333333,7.56,3.0,4,1,0,1,0,1,0,0
0,1,1,0,25.0,1,1,1,0,0,1,1,0,1,69.5,0.0,0.0,0.0,365.0,0.0,0.0,0.0,0.0,0.0,0.0,1,0,0.0,0.0,0.0,51.68,70.10600000000001,11.44,0.0,3,1,0,0,0,1,0,0
0,1,1,0,8.0,1,1,0,1,0,0,0,0,1,80.65,0.0,0.0,0.0,365.0,0.0,0.0,0.0,0.0,0.0,0.0,1,1,1.0,35.0,35.0,113.09,79.1625,-10.89,0.0,1,3,0,1,0,1,0,0
0,1,1,1,60.0,1,0,1,1,1,1,0,1,1,74.85,17.0,106.33333333333331,3.0,88.0,0.0,0.0,0.0,0.0,0.0,0.0,1,0,0.0,0.0,0.0,31.55,74.27250000000001,16.79,5.667,5,0,1,0,0,1,0,0
1,1,0,0,18.0,1,1,0,0,0,0,1,1,1,95.45,0.0,0.0,0.0,365.0,0.0,0.0,0.0,0.0,0.0,0.0,3,0,0.0,0.0,0.0,83.22,97.36388888888888,3.91,0.0,2,1,0,1,0,0,1,0
0,0,1,1,63.0,1,1,1,0,0,0,1,1,1,99.65,0.0,0.0,0.0,365.0,0.0,0.0,0.0,0.0,0.0,0.0,3,0,0.0,0.0,0.0,55.44,100.17777777777778,8.11,0.0,3,0,1,1,0,1,0,0
1,1,1,1,66.0,1,1,0,1,1,1,1,1,1,108.45,6.0,111.0,1.0,210.0,0.0,0.0,0.0,0.0,0.0,0.0,3,0,0.0,0.0,0.0,64.67,107.21742424242424,16.91,6.0,5,0,1,1,0,0,1,0
0,0,1,1,34.0,1,1,0,0,0,0,0,0,0,24.95,5.0,93.0,1.0,294.0,0.0,0.0,0.0,0.0,0.0,0.0,3,0,0.0,0.0,0.0,97.64,26.302941176470586,3.88,5.0,0,0,2,0,1,1,0,0
0,0,0,0,72.0,1,1,0,0,1,1,1,1,1,107.5,0.0,0.0,0.0,365.0,0.0,0.0,0.0,0.0,0.0,0.0,3,2,0.67,23.33,48.04,103.23,109.07916666666667,15.96,0.0,4,1,2,1,0,1,0,0
0,0,1,0,47.0,1,1,0,0,1,0,1,1,1,100.5,0.0,0.0,0.0,365.0,0.0,0.0,0.0,0.0,0.0,0.0,3,0,0.0,0.0,0.0,77.95,100.15106382978725,8.96,0.0,3,1,0,1,0,0,1,0
1,0,0,0,60.0,1,1,0,1,0,0,1,0,1,89.9,0.0,0.0,0.0,365.0,1.0,5.0,5.0,1.0,0.0,1.0,1,0,0.0,0.0,0.0,84.2,90.845,-1.64,0.0,2,1,0,1,0,0,0,0
1,0,1,0,72.0,0,0,1,1,1,0,0,0,0,42.1,5.0,185.0,1.0,72.0,0.0,0.0,0.0,0.0,0.0,0.0,2,0,0.0,0.0,0.0,53.62,41.138888888888886,-15.96,5.0,3,0,2,0,0,0,0,0
0,0,1,1,18.0,1,0,0,0,1,1,0,0,1,54.4,0.0,0.0,0.0,365.0,0.0,0.0,0.0,0.0,0.0,0.0,2,0,0.0,0.0,0.0,67.32,53.172222222222224,-3.66,0.0,2,0,1,0,0,1,0,0
0,0,0,0,9.0,1,1,0,0,0,0,1,1,0,94.4,0.0,0.0,0.0,365.0,0.0,0.0,0.0,0.0,0.0,0.0,2,0,0.0,0.0,0.0,71.58,95.25,2.86,0.0,2,2,0,1,0,0,1,0
0,0,0,0,3.0,1,0,0,1,0,1,1,1,1,75.3,0.0,0.0,0.0,365.0,1.0,29.7,29.7,1.0,0.0,1.0,3,2,0.67,8.95,21.88,94.62,81.36666666666666,17.24,0.0,4,3,0,0,0,0,1,0
1,0,1,0,47.0,1,1,0,1,0,0,0,0,1,78.9,0.0,0.0,0.0,365.0,0.0,0.0,0.0,0.0,0.0,0.0,1,0,0.0,0.0,0.0,38.25,77.66702127659575,-12.64,0.0,1,0,1,1,0,0,1,0
0,0,0,0,31.0,1,0,0,1,1,1,1,1,0,79.2,0.0,0.0,0.0,365.0,1.0,20.2,20.2,1.0,0.0,1.0,1,0,0.0,0.0,0.0,21.61,80.55483870967741,21.14,0.0,5,0,2,0,0,0,0,1
0,0,1,1,50.0,1,0,0,0,0,0,0,0,0,20.15,0.0,0.0,0.0,365.0,0.0,0.0,0.0,0.0,0.0,0.0,2,0,0.0,0.0,0.0,22.38,18.618,-0.92,0.0,0,0,2,0,1,0,0,0
1,0,0,0,10.0,1,0,1,0,1,0,0,0,1,79.85,3.0,172.0,1.0,289.0,0.0,0.0,0.0,0.0,0.0,0.0,1,0,0.0,0.0,0.0,35.88,88.735,-11.69,3.0,2,2,0,1,0,0,0,1
1,0,0,0,1.0,1,0,0,0,0,1,0,0,0,49.05,6.0,47.0,1.0,40.0,1.0,25.4,25.4,1.0,0.0,1.0,1,1,1.0,11.58,11.58,90.0,49.05,-9.01,6.0,1,3,0,0,0,0,0,1
0,0,1,1,52.0,1,0,0,0,0,0,0,0,1,20.4,4.0,173.0,1.0,126.0,0.0,0.0,0.0,0.0,0.0,0.0,2,0,0.0,0.0,0.0,33.01,20.974038461538463,-0.67,4.0,0,0,1,0,1,0,1,0
1,1,1,1,64.0,1,1,1,0,1,1,1,1,1,111.6,0.0,0.0,0.0,365.0,1.0,13.0,13.0,1.0,0.0,1.0,3,1,0.33,4.61,13.82,83.98,110.921875,20.06,0.0,5,1,2,1,0,0,0,0
1,0,1,1,62.0,1,1,0,0,0,0,0,0,1,24.25,8.0,178.0,2.0,21.0,0.0,0.0,0.0,0.0,0.0,0.0,1,0,0.0,0.0,0.0,66.77,22.97741935483871,3.18,4.0,0,0,2,0,1,0,0,0
0,0,0,1,3.0,1,0,1,0,0,1,0,1,1,64.5,0.0,0.0,0.0,365.0,0.0,0.0,0.0,0.0,0.0,0.0,3,0,0.0,0.0,0.0,77.42,59.13333333333333,6.44,0.0,3,2,0,0,0,0,0,0
0,1,0,0,56.0,1,1,1,1,1,0,1,1,0,110.5,0.0,0.0,0.0,365.0,0.0,0.0,0.0,0.0,0.0,0.0,3,1,0.33,9.63,28.9,59.88,109.63392857142857,18.96,0.0,5,1,1,1,0,0,1,0
0,0,0,0,46.0,1,0,0,0,0,0,0,1,0,55.65,0.0,0.0,0.0,365.0,0.0,0.0,0.0,0.0,0.0,0.0,2,1,0.5,9.44,18.87,68.3,58.45326086956521,-2.41,0.0,1,1,1,0,0,1,0,0
0,0,1,1,8.0,1,0,1,1,0,0,0,0,0,54.65,0.0,0.0,0.0,365.0,0.0,0.0,0.0,0.0,0.0,0.0,1,0,0.0,0.0,0.0,40.5,60.28125,-3.41,0.0,2,2,0,0,0,0,0,1
1,1,0,0,30.0,1,0,1,1,0,0,1,1,1,74.75,0.0,0.0,0.0,365.0,0.0,0.0,0.0,0.0,0.0,0.0,1,0,0.0,0.0,0.0,108.35,70.37666666666668,16.69,0.0,4,1,0,0,0,0,1,0
0,0,1,1,44.0,1,1,0,0,0,0,0,0,1,25.9,4.0,102.0,1.0,247.0,0.0,0.0,0.0,0.0,0.0,0.0,3,1,0.33,3.65,10.95,55.5,27.65,4.83,4.0,0,1,1,0,1,1,0,0
0,0,0,1,1.0,1,0,0,0,0,0,1,0,1,79.35,4.0,254.5,2.0,6.0,1.0,0.3,0.3,1.0,0.0,1.0,1,1,1.0,26.74,26.74,68.58,79.35,-12.19,2.0,1,3,0,1,0,0,1,0
0,0,1,1,11.0,0,0,1,0,0,0,1,1,0,50.55,0.0,0.0,0.0,365.0,0.0,0.0,0.0,0.0,0.0,0.0,1,0,0.0,0.0,0.0,77.06,51.39545454545455,-7.51,0.0,3,2,0,0,0,0,1,0
0,0,1,0,7.0,1,0,0,0,1,0,0,0,1,75.15,0.0,0.0,0.0,365.0,0.0,0.0,0.0,0.0,0.0,0.0,2,1,0.5,25.84,51.68,84.18,70.98571428571428,-16.39,0.0,1,3,0,1,0,0,0,0
0,0,0,0,42.0,1,0,0,1,1,1,1,1,1,103.8,6.0,185.0,1.0,135.0,0.0,0.0,0.0,0.0,0.0,0.0,1,0,0.0,0.0,0.0,84.81,103.03571428571429,12.26,6.0,5,1,0,1,0,0,0,0
0,0,1,0,49.0,1,0,0,0,0,0,0,0,1,20.15,9.0,40.5,2.0,236.0,0.0,0.0,0.0,0.0,0.0,0.0,3,1,0.33,7.5,22.51,77.56,19.864285714285714,-0.92,4.5,0,1,2,0,1,0,0,0
1,0,0,0,9.0,1,1,0,1,0,0,1,1,1,99.3,3.0,189.0,1.0,329.0,0.0,0.0,0.0,0.0,0.0,0.0,2,0,0.0,0.0,0.0,98.02,102.08333333333333,7.76,3.0,3,2,0,1,0,1,0,0
0,0,1,0,35.0,1,0,1,0,0,0,1,0,1,62.15,0.0,0.0,0.0,365.0,0.0,0.0,0.0,0.0,0.0,0.0,2,1,0.5,7.36,14.73,98.72,63.29857142857142,4.09,0.0,2,1,1,0,0,0,0,0
0,0,1,1,48.0,1,0,0,0,0,0,0,0,0,20.65,0.0,0.0,0.0,365.0,0.0,0.0,0.0,0.0,0.0,0.0,2,0,0.0,0.0,0.0,85.72,22.020833333333332,-0.42,0.0,0,0,2,0,1,0,0,0
0,0,1,1,46.0,1,0,0,0,0,0,0,0,1,19.95,2.0,280.0,1.0,133.0,0.0,0.0,0.0,0.0,0.0,0.0,2,0,0.0,0.0,0.0,73.5,20.15434782608696,-1.12,2.0,0,0,2,0,1,0,0,1
1,0,1,0,29.0,0,0,0,0,0,0,1,0,0,33.75,6.0,262.0,1.0,253.0,1.0,3.3,3.3,1.0,0.0,1.0,1,0,0.0,0.0,0.0,57.69,34.80172413793103,-24.31,6.0,1,1,0,0,0,0,0,1
1,0,1,1,30.0,1,0,0,1,1,0,0,0,0,82.05,0.0,0.0,0.0,365.0,0.0,0.0,0.0,0.0,0.0,0.0,2,0,0.0,0.0,0.0,100.32,85.67333333333333,-9.49,0.0,2,1,0,1,0,0,0,0
1,1,0,0,1.0,1,0,0,0,0,1,0,0,0,74.7,0.0,0.0,0.0,365.0,1.0,10.6,10.6,0.0,1.0,0.0,2,0,0.0,0.0,0.0,98.65,74.7,-16.84,0.0,1,2,0,1,0,0,1,0
1,0,1,1,66.0,1,1,1,0,1,1,1,1,1,84.0,0.0,0.0,0.0,365.0,0.0,0.0,0.0,0.0,0.0,0.0,1,0,0.0,0.0,0.0,35.56,86.57954545454545,25.94,0.0,5,0,2,0,0,0,0,1
0,0,0,0,65.0,1,1,1,1,1,0,1,1,1,111.05,0.0,0.0,0.0,365.0,0.0,0.0,0.0,0.0,0.0,0.0,2,0,0.0,0.0,0.0,64.34,109.33846153846154,19.51,0.0,5,1,0,1,0,1,0,0
1,0,0,0,72.0,1,1,0,1,1,0,1,1,1,100.9,6.0,202.0,1.0,240.0,0.0,0.0,0.0,0.0,0.0,0.0,1,0,0.0,0.0,0.0,102.38,103.59791666666666,9.36,6.0,4,0,2,1,0,0,0,0
0,0,0,0,12.0,1,1,1,0,0,0,0,0,1,78.95,6.0,277.0,1.0,308.0,0.0,0.0,0.0,0.0,0.0,0.0,2,0,0.0,0.0,0.0,61.94,77.27916666666667,-12.59,6.0,1,1,0,1,0,0,1,0
1,0,1,1,71.0,1,1,1,1,0,1,0,0,1,66.85,0.0,0.0,0.0,365.0,0.0,0.0,0.0,0.0,0.0,0.0,3,1,0.33,3.85,11.54,75.26,66.8830985915493,8.79,0.0,3,1,1,0,0,1,0,0
1,0,0,0,5.0,1,0,0,0,0,0,0,0,0,21.05,6.0,291.0,1.0,19.0,0.0,0.0,0.0,0.0,0.0,0.0,2,1,0.5,3.0,6.0,59.14,22.77,-0.02,6.0,0,3,0,0,1,0,0,1
1,0,0,0,52.0,1,0,0,0,0,0,0,0,0,21.0,0.0,0.0,0.0,365.0,0.0,0.0,0.0,0.0,0.0,0.0,2,0,0.0,0.0,0.0,41.32,21.292307692307695,-0.07,0.0,0,0,2,0,1,0,0,0
0,1,1,0,25.0,1,0,0,1,1,0,1,1,1,98.5,0.0,0.0,0.0,365.0,0.0,0.0,0.0,0.0,0.0,0.0,2,1,0.5,18.82,37.65,59.79,100.58,6.96,0.0,4,2,0,1,0,0,1,0
1,0,0,0,1.0,1,0,0,0,0,0,0,0,0,20.2,0.0,0.0,0.0,365.0,0.0,0.0,0.0,0.0,0.0,0.0,2,0,0.0,0.0,0.0,38.22,20.2,-0.87,0.0,0,2,0,0,1,0,0,1
0,0,1,1,12.0,1,0,0,0,0,0,0,0,0,19.45,6.0,21.0,1.0,348.0,0.0,0.0,0.0,0.0,0.0,0.0,3,0,0.0,0.0,0.0,69.55,1.6208333333333333,-1.62,6.0,0,1,0,0,1,0,1,0
1,0,0,0,38.0,1,1,0,0,1,1,1,0,0,95.0,18.0,126.25,4.0,18.0,0.0,0.0,0.0,0.0,0.0,0.0,3,1,0.33,10.58,31.74,59.61,94.88421052631578,3.46,4.5,3,1,1,1,0,0,0,0
0,1,1,0,66.0,0,0,0,1,1,0,1,0,0,45.55,0.0,0.0,0.0,365.0,0.0,0.0,0.0,0.0,0.0,0.0,2,1,0.5,16.4,32.79,98.54,45.86742424242424,-12.51,0.0,3,1,1,0,0,0,0,0
1,0,1,0,68.0,1,1,0,1,1,1,1,1,1,110.0,0.0,0.0,0.0,365.0,1.0,37.7,37.7,1.0,0.0,1.0,1,0,0.0,0.0,0.0,50.57,111.93897058823529,18.46,0.0,5,0,2,1,0,0,0,0
1,0,0,0,5.0,0,0,0,0,0,0,0,0,0,24.3,0.0,0.0,0.0,365.0,0.0,0.0,0.0,0.0,0.0,0.0,3,0,0.0,0.0,0.0,33.93,20.04,-33.76,0.0,0,2,0,0,0,0,0,1
0,0,1,1,72.0,1,1,1,1,0,0,1,1,1,104.15,12.0,94.0,3.0,153.0,0.0,0.0,0.0,0.0,0.0,0.0,2,0,0.0,0.0,0.0,87.0,101.43125,12.61,4.0,4,0,1,1,0,0,1,0
0,0,0,0,32.0,0,0,1,0,0,0,0,0,0,30.15,12.0,137.5,2.0,76.0,0.0,0.0,0.0,0.0,0.0,0.0,3,0,0.0,0.0,0.0,93.25,28.9890625,-27.91,6.0,1,0,1,0,0,0,0,1
1,0,0,0,43.0,1,1,0,0,0,0,1,1,0,94.35,0.0,0.0,0.0,365.0,0.0,0.0,0.0,0.0,0.0,0.0,1,0,0.0,0.0,0.0,48.95,91.19302325581396,2.81,0.0,2,0,1,1,0,0,0,1
1,0,1,1,72.0,1,0,0,0,0,0,0,0,0,19.4,16.0,251.0,2.0,165.0,0.0,0.0,0.0,0.0,0.0,0.0,1,0,0.0,0.0,0.0,29.61,18.93402777777778,-1.67,8.0,0,0,2,0,1,1,0,0
1,0,1,0,55.0,1,1,1,1,0,0,1,0,1,96.75,5.0,234.0,2.0,58.0,1.0,2.1,2.1,1.0,0.0,1.0,3,1,0.33,17.12,51.37,72.08,95.25272727272727,5.21,2.5,3,2,0,1,0,0,1,0
0,0,0,0,52.0,1,0,1,0,1,1,0,0,0,57.95,1.0,219.0,1.0,137.0,1.0,11.9,11.9,0.0,0.0,0.0,1,0,0.0,0.0,0.0,20.9,58.50480769230769,-0.11,1.0,3,0,1,0,0,1,0,0
0,0,0,0,43.0,1,0,0,1,1,0,1,0,1,91.65,0.0,0.0,0.0,365.0,0.0,0.0,0.0,0.0,0.0,0.0,2,0,0.0,0.0,0.0,87.8,91.95581395348837,0.11,0.0,3,1,0,1,0,0,1,0
0,1,1,0,37.0,1,1,0,0,0,0,0,0,1,76.5,4.0,147.0,1.0,173.0,0.0,0.0,0.0,0.0,0.0,0.0,1,1,1.0,14.53,14.53,74.88,77.51756756756757,-15.04,4.0,0,2,0,1,0,0,1,0
0,0,1,1,64.0,0,0,0,1,0,1,1,1,1,54.6,0.0,0.0,0.0,365.0,0.0,0.0,0.0,0.0,0.0,0.0,2,0,0.0,0.0,0.0,93.9,53.4921875,-3.46,0.0,4,0,2,0,0,0,1,0
1,0,1,1,3.0,1,0,1,1,0,0,1,0,0,89.85,5.0,64.0,1.0,50.0,0.0,0.0,0.0,0.0,0.0,0.0,3,0,0.0,0.0,0.0,51.67,82.8,-1.69,5.0,3,2,0,1,0,0,1,0
0,0,0,0,36.0,0,0,1,0,0,0,0,0,0,31.05,4.0,226.0,1.0,44.0,0.0,0.0,0.0,0.0,0.0,0.0,1,0,0.0,0.0,0.0,43.7,31.287499999999998,-27.01,4.0,1,0,2,0,0,0,0,0
0,0,1,1,10.0,1,1,1,0,0,0,1,1,1,100.25,4.0,91.0,1.0,218.0,0.0,0.0,0.0,0.0,0.0,0.0,3,1,0.33,12.87,38.6,86.57,106.465,8.71,4.0,3,3,0,1,0,0,1,0
0,0,0,0,41.0,1,0,0,0,0,0,0,0,0,20.65,0.0,0.0,0.0,365.0,0.0,0.0,0.0,0.0,0.0,0.0,3,0,0.0,0.0,0.0,88.99,20.36951219512195,-0.42,0.0,0,0,2,0,1,0,0,1
1,0,1,1,27.0,1,1,0,1,0,1,0,0,1,85.2,0.0,0.0,0.0,365.0,0.0,0.0,0.0,0.0,0.0,0.0,1,0,0.0,0.0,0.0,37.1,79.68888888888888,-6.34,0.0,2,1,0,1,0,1,0,0
0,0,1,1,56.0,1,1,0,0,1,0,1,1,1,99.8,0.0,0.0,0.0,365.0,1.0,31.5,31.5,0.0,1.0,0.0,2,0,0.0,0.0,0.0,55.22,98.49017857142857,8.26,0.0,3,0,1,1,0,1,0,0
0,0,0,0,6.0,1,0,0,0,0,0,0,0,0,20.7,0.0,0.0,0.0,365.0,0.0,0.0,0.0,0.0,0.0,0.0,2,0,0.0,0.0,0.0,104.9,18.791666666666668,-0.37,0.0,0,2,0,0,1,0,0,1
1,0,0,0,3.0,1,1,0,0,0,0,0,0,1,74.4,3.0,39.0,1.0,203.0,0.0,0.0,0.0,0.0,0.0,0.0,1,1,1.0,35.51,35.51,75.77,76.51666666666667,-17.14,3.0,0,3,0,1,0,0,1,0
0,0,1,1,7.0,1,0,1,0,0,0,0,0,0,50.7,2.0,232.0,1.0,75.0,0.0,0.0,0.0,0.0,0.0,0.0,2,0,0.0,0.0,0.0,68.97,50.050000000000004,-7.36,2.0,1,2,0,0,0,0,0,1
0,0,1,1,4.0,1,0,0,0,0,0,0,0,0,20.85,5.0,39.0,1.0,183.0,0.0,0.0,0.0,0.0,0.0,0.0,1,0,0.0,0.0,0.0,105.09,15.725,-0.22,5.0,0,2,0,0,1,0,0,1
1,0,0,0,33.0,1,0,1,0,0,1,1,0,1,88.95,5.0,39.0,1.0,143.0,2.0,29.15,38.7,1.0,0.0,0.5,1,0,0.0,0.0,0.0,60.35,91.7469696969697,-2.59,5.0,3,0,2,1,0,0,1,0
0,1,0,0,27.0,1,1,0,0,1,0,0,0,1,78.05,0.0,0.0,0.0,365.0,0.0,0.0,0.0,0.0,0.0,0.0,2,1,0.5,1.78,3.56,55.52,79.0925925925926,-13.49,0.0,1,2,0,1,0,0,1,0
1,0,1,0,72.0,1,1,0,0,0,0,0,0,1,23.55,0.0,0.0,0.0,365.0,0.0,0.0,0.0,0.0,0.0,0.0,2,1,0.5,10.42,20.83,90.32,23.94375,2.48,0.0,0,1,2,0,1,0,0,0
1,0,0,0,1.0,1,0,0,0,0,0,0,0,0,20.15,0.0,0.0,0.0,365.0,0.0,0.0,0.0,0.0,0.0,0.0,3,1,0.33,6.25,18.75,60.21,19.75,-0.92,0.0,0,3,0,0,1,0,0,1
1,1,0,0,71.0,0,0,1,1,0,0,1,1,1,56.45,6.0,204.0,1.0,166.0,0.0,0.0,0.0,0.0,0.0,0.0,3,0,0.0,0.0,0.0,67.35,56.131690140845066,-1.61,6.0,4,0,1,0,0,0,1,0
0,0,0,0,13.0,1,1,0,0,0,0,0,1,1,85.95,0.0,0.0,0.0,365.0,0.0,0.0,0.0,0.0,0.0,0.0,3,1,0.33,12.44,37.31,76.11,93.51153846153846,-5.59,0.0,1,2,0,1,0,0,1,0
0,0,1,1,25.0,0,0,1,1,1,0,1,1,1,58.6,0.0,0.0,0.0,365.0,0.0,0.0,0.0,0.0,0.0,0.0,2,0,0.0,0.0,0.0,91.81,60.106,0.54,0.0,5,1,0,0,0,1,0,0
1,0,0,0,64.0,1,0,0,0,0,1,0,0,0,50.55,5.0,134.0,1.0,248.0,0.0,0.0,0.0,0.0,0.0,0.0,2,0,0.0,0.0,0.0,98.03,50.9390625,-7.51,5.0,1,0,2,0,0,0,0,0
1,0,0,0,1.0,0,0,0,0,0,0,0,1,1,35.45,2.0,243.0,1.0,134.0,0.0,0.0,0.0,0.0,0.0,0.0,3,1,0.33,5.64,16.91,71.73,35.45,-22.61,2.0,1,3,0,0,0,0,1,0
1,0,0,0,2.0,1,0,0,0,0,0,0,0,0,44.35,0.0,0.0,0.0,365.0,0.0,0.0,0.0,0.0,0.0,0.0,3,0,0.0,0.0,0.0,78.29,40.625,-13.71,0.0,0,2,0,0,0,0,1,0
0,0,0,0,43.0,1,1,0,0,0,0,0,0,1,25.7,6.0,43.0,1.0,346.0,0.0,0.0,0.0,0.0,0.0,0.0,3,0,0.0,0.0,0.0,89.54,27.632558139534886,4.63,6.0,0,0,2,0,1,1,0,0
0,0,0,0,23.0,1,0,1,0,0,0,0,0,1,75.0,6.0,179.0,1.0,105.0,1.0,18.5,18.5,0.0,0.0,0.0,3,0,0.0,0.0,0.0,73.21,77.32608695652173,-16.54,6.0,1,1,0,1,0,0,0,0
0,0,1,1,64.0,1,0,0,0,0,0,0,0,0,20.2,0.0,0.0,0.0,365.0,0.0,0.0,0.0,0.0,0.0,0.0,1,0,0.0,0.0,0.0,45.95,19.96484375,-0.87,0.0,0,0,2,0,1,0,0,1
1,0,0,1,57.0,1,0,0,0,0,0,0,0,1,19.6,3.0,285.0,1.0,41.0,0.0,0.0,0.0,0.0,0.0,0.0,1,0,0.0,0.0,0.0,38.1,20.5359649122807,-1.47,3.0,0,0,2,0,1,0,0,1
0,1,1,0,1.0,1,0,0,0,0,0,0,0,1,70.45,7.0,69.0,1.0,157.0,1.0,3.6,3.6,1.0,0.0,1.0,1,0,0.0,0.0,0.0,28.24,70.45,-21.09,7.0,0,2,0,1,0,0,0,1
0,1,1,1,72.0,1,1,1,1,1,1,1,1,1,88.05,0.0,0.0,0.0,365.0,0.0,0.0,0.0,0.0,0.0,0.0,2,0,0.0,0.0,0.0,64.14,89.24513888888889,29.99,0.0,6,0,2,0,0,1,0,0
0,0,0,0,8.0,1,1,1,0,0,1,0,1,0,71.15,0.0,0.0,0.0,365.0,0.0,0.0,0.0,0.0,0.0,0.0,3,1,0.33,1.39,4.16,56.8,70.45625,13.09,0.0,3,3,0,0,0,0,1,0
0,0,1,0,61.0,1,1,0,1,0,0,1,1,1,101.05,5.0,130.0,1.0,142.0,0.0,0.0,0.0,0.0,0.0,0.0,2,0,0.0,0.0,0.0,73.3,97.88934426229508,9.51,5.0,3,0,2,1,0,0,0,0
1,0,0,0,64.0,1,1,1,1,0,0,0,0,1,84.3,10.0,261.0,1.0,107.0,0.0,0.0,0.0,0.0,0.0,0.0,1,0,0.0,0.0,0.0,107.28,82.64140625,-7.24,10.0,2,0,1,1,0,1,0,0
1,1,1,0,71.0,1,1,0,0,0,0,0,0,0,23.95,0.0,0.0,0.0,365.0,0.0,0.0,0.0,0.0,0.0,0.0,1,0,0.0,0.0,0.0,35.35,24.735211267605635,2.88,0.0,0,0,2,0,1,0,0,0
0,0,1,1,65.0,1,1,1,1,0,1,1,0,1,99.05,0.0,0.0,0.0,365.0,0.0,0.0,0.0,0.0,0.0,0.0,2,0,0.0,0.0,0.0,72.76,98.71846153846154,7.51,0.0,4,0,2,1,0,1,0,0
1,0,0,0,3.0,1,0,0,0,0,0,0,0,0,19.6,0.0,0.0,0.0,365.0,0.0,0.0,0.0,0.0,0.0,0.0,3,0,0.0,0.0,0.0,85.94,20.45,-1.47,0.0,0,1,1,0,1,0,0,1
1,0,0,0,1.0,1,0,0,0,0,0,0,0,1,56.15,0.0,0.0,0.0,365.0,0.0,0.0,0.0,0.0,0.0,0.0,1,0,0.0,0.0,0.0,46.02,45.65,-1.91,0.0,0,2,0,0,0,0,1,0
1,0,0,1,30.0,1,0,0,1,1,0,1,0,0,64.5,0.0,0.0,0.0,365.0,0.0,0.0,0.0,0.0,0.0,0.0,1,1,1.0,16.61,16.61,39.1,64.33166666666666,6.44,0.0,3,1,1,0,0,1,0,0
1,0,1,1,15.0,1,0,0,1,1,1,0,1,1,69.5,2.0,83.0,1.0,354.0,0.0,0.0,0.0,0.0,0.0,0.0,2,0,0.0,0.0,0.0,44.1,71.42666666666668,11.44,2.0,4,1,0,0,0,0,0,1
0,0,1,1,8.0,1,0,0,0,0,1,1,1,1,68.55,0.0,0.0,0.0,365.0,0.0,0.0,0.0,0.0,0.0,0.0,2,0,0.0,0.0,0.0,83.94,70.54375,10.49,0.0,3,2,0,0,0,0,1,0
1,0,0,0,7.0,1,1,0,0,0,0,1,1,0,95.0,3.0,75.0,1.0,104.0,0.0,0.0,0.0,0.0,0.0,0.0,2,0,0.0,0.0,0.0,28.2,93.64285714285714,3.46,3.0,2,2,0,1,0,0,0,1
0,0,1,1,70.0,1,1,1,1,1,0,1,1,1,108.15,0.0,0.0,0.0,365.0,0.0,0.0,0.0,0.0,0.0,0.0,3,0,0.0,0.0,0.0,68.29,113.29357142857143,16.61,0.0,5,0,1,1,0,1,0,0
1,0,1,1,62.0,1,0,1,1,1,1,1,1,0,86.1,5.0,262.0,1.0,134.0,0.0,0.0,0.0,0.0,0.0,0.0,2,1,0.5,14.74,29.49,74.5,84.11693548387096,28.04,5.0,6,1,2,0,0,0,1,0
0,0,1,1,6.0,1,0,0,0,0,0,0,0,0,19.7,6.0,237.0,2.0,28.0,0.0,0.0,0.0,0.0,0.0,0.0,3,0,0.0,0.0,0.0,71.78,18.916666666666668,-1.37,3.0,0,2,0,0,1,0,0,1
0,0,1,1,14.0,1,0,0,0,0,0,0,1,1,80.9,0.0,0.0,0.0,365.0,0.0,0.0,0.0,0.0,0.0,0.0,2,1,0.5,14.52,29.04,62.87,82.34285714285714,-10.64,0.0,1,2,0,1,0,0,0,0
0,0,0,0,22.0,1,1,0,0,0,0,1,0,1,84.15,6.0,82.0,1.0,125.0,0.0,0.0,0.0,0.0,0.0,0.0,2,0,0.0,0.0,0.0,88.89,82.81590909090909,-7.39,6.0,1,1,0,1,0,0,0,0
1,0,1,1,22.0,1,0,0,0,0,0,0,0,0,20.15,0.0,0.0,0.0,365.0,2.0,36.7,60.2,1.0,1.0,0.5,2,1,0.5,18.09,36.18,102.71,19.086363636363636,-0.92,0.0,0,1,1,0,1,0,0,1
1,0,1,1,16.0,1,0,1,0,1,0,1,0,0,64.25,0.0,0.0,0.0,365.0,0.0,0.0,0.0,0.0,0.0,0.0,3,0,0.0,0.0,0.0,57.34,64.0,6.19,0.0,3,0,2,0,0,0,0,1
1,0,0,0,10.0,1,1,0,0,0,0,0,0,0,25.7,0.0,0.0,0.0,365.0,0.0,0.0,0.0,0.0,0.0,0.0,2,0,0.0,0.0,0.0,71.77,25.16,4.63,0.0,0,1,2,0,1,0,0,0
0,0,0,1,13.0,1,0,1,1,0,0,0,0,1,56.0,0.0,0.0,0.0,365.0,0.0,0.0,0.0,0.0,0.0,0.0,3,0,0.0,0.0,0.0,49.24,58.81153846153846,-2.06,0.0,2,1,0,0,0,0,1,0
0,0,1,0,20.0,1,1,1,0,0,0,0,0,0,82.4,19.0,136.0,3.0,22.0,0.0,0.0,0.0,0.0,0.0,0.0,2,0,0.0,0.0,0.0,40.34,79.61749999999999,-9.14,6.333,1,1,0,1,0,0,1,0
0,0,0,0,2.0,1,0,0,0,0,0,0,0,1,69.7,0.0,0.0,0.0,365.0,0.0,0.0,0.0,0.0,0.0,0.0,2,1,0.5,1.51,3.02,32.61,67.6,-21.84,0.0,0,3,0,1,0,0,1,0
1,0,0,0,53.0,1,1,0,1,1,1,0,1,1,73.9,3.0,92.0,1.0,255.0,0.0,0.0,0.0,0.0,0.0,0.0,1,0,0.0,0.0,0.0,92.76,74.68396226415095,15.84,3.0,4,0,2,0,0,0,0,0
0,0,1,1,11.0,1,0,0,0,0,0,0,0,0,20.6,0.0,0.0,0.0,365.0,0.0,0.0,0.0,0.0,0.0,0.0,1,0,0.0,0.0,0.0,40.38,21.263636363636365,-0.47,0.0,0,1,1,0,1,0,0,1
1,0,1,0,69.0,1,0,0,0,0,0,0,0,0,19.9,0.0,0.0,0.0,365.0,1.0,42.7,42.7,1.0,0.0,1.0,3,1,0.33,0.56,1.68,69.75,19.76014492753623,-1.17,0.0,0,1,2,0,1,0,0,1
0,0,0,0,4.0,1,0,0,0,0,0,0,0,1,70.9,8.0,229.0,2.0,128.0,0.0,0.0,0.0,0.0,0.0,0.0,3,0,0.0,0.0,0.0,67.14,68.25,-20.64,4.0,0,2,0,1,0,0,0,0
1,0,1,0,72.0,1,1,1,1,1,1,1,1,1,89.05,0.0,0.0,0.0,365.0,0.0,0.0,0.0,0.0,0.0,0.0,1,0,0.0,0.0,0.0,117.63,86.86736111111111,30.99,0.0,6,0,2,0,0,0,0,0
1,1,1,0,12.0,0,0,0,1,1,0,0,1,1,56.15,0.0,0.0,0.0,365.0,0.0,0.0,0.0,0.0,0.0,0.0,1,0,0.0,0.0,0.0,24.94,220.9333333333333,-1.91,0.0,3,1,0,0,0,0,1,0
0,0,1,1,12.0,1,0,0,0,0,0,0,0,0,20.15,0.0,0.0,0.0,365.0,0.0,0.0,0.0,0.0,0.0,0.0,2,0,0.0,0.0,0.0,84.48,26.78333333333333,-0.92,0.0,0,1,0,0,1,0,1,0
1,0,1,0,43.0,1,0,1,0,1,1,0,0,1,84.25,2.0,257.0,1.0,15.0,0.0,0.0,0.0,0.0,0.0,0.0,2,1,0.5,4.59,9.18,70.43,82.30813953488372,-7.29,2.0,3,1,1,1,0,0,0,0
0,0,1,0,2.0,1,1,0,0,1,1,1,1,1,104.4,0.0,0.0,0.0,365.0,0.0,0.0,0.0,0.0,0.0,0.0,3,0,0.0,0.0,0.0,48.35,121.4,12.86,0.0,4,2,0,1,0,0,1,0
1,0,1,0,14.0,1,0,0,1,1,1,1,1,0,81.95,0.0,0.0,0.0,365.0,0.0,0.0,0.0,0.0,0.0,0.0,3,0,0.0,0.0,0.0,113.91,84.41071428571429,23.89,0.0,5,0,2,0,0,0,0,1
0,0,1,0,53.0,1,0,0,0,1,0,1,1,1,94.85,6.0,73.0,1.0,283.0,0.0,0.0,0.0,0.0,0.0,0.0,2,1,0.5,4.62,9.25,65.18,94.3433962264151,3.31,6.0,3,1,1,1,0,0,0,0
0,0,0,0,32.0,1,0,0,0,0,0,0,0,0,20.55,0.0,0.0,0.0,365.0,1.0,7.3,7.3,0.0,0.0,0.0,3,1,0.33,12.29,36.87,75.79,20.4546875,-0.52,0.0,0,1,1,0,1,0,0,0
0,0,1,0,34.0,1,1,0,0,0,0,0,0,0,24.7,11.0,160.0,1.0,310.0,0.0,0.0,0.0,0.0,0.0,0.0,3,0,0.0,0.0,0.0,69.56,22.947058823529414,3.63,11.0,0,1,0,0,1,0,1,0
0,1,0,0,15.0,1,1,0,0,0,0,0,0,1,74.45,0.0,0.0,0.0,365.0,1.0,22.4,22.4,0.0,1.0,0.0,1,0,0.0,0.0,0.0,29.41,76.38000000000001,-17.09,0.0,0,1,0,1,0,0,0,1
0,1,0,0,12.0,1,0,1,0,0,0,0,0,0,76.45,0.0,0.0,0.0,365.0,0.0,0.0,0.0,0.0,0.0,0.0,1,0,0.0,0.0,0.0,104.37,41.96666666666667,-15.09,0.0,1,1,0,1,0,0,0,0
0,0,1,1,15.0,1,1,0,1,1,0,1,1,1,105.35,3.0,76.0,1.0,214.0,1.0,3.5,3.5,0.0,1.0,0.0,1,0,0.0,0.0,0.0,100.38,103.95,13.81,3.0,4,1,0,1,0,0,0,0
1,0,1,0,44.0,1,0,0,0,0,0,0,0,1,20.55,0.0,0.0,0.0,365.0,0.0,0.0,0.0,0.0,0.0,0.0,2,0,0.0,0.0,0.0,54.37,28.454545454545453,-0.52,0.0,0,0,1,0,1,1,0,0
0,0,0,0,1.0,0,0,0,1,0,0,0,0,0,29.95,0.0,0.0,0.0,365.0,0.0,0.0,0.0,0.0,0.0,0.0,2,1,0.5,12.12,24.25,66.4,29.95,-28.11,0.0,1,3,0,0,0,0,0,0
0,0,0,0,1.0,1,0,0,0,0,0,0,0,0,45.3,0.0,0.0,0.0,365.0,0.0,0.0,0.0,0.0,0.0,0.0,2,0,0.0,0.0,0.0,106.54,45.3,-12.76,0.0,0,2,0,0,0,0,0,1
1,0,0,0,8.0,1,1,0,0,0,0,0,1,0,84.5,0.0,0.0,0.0,365.0,0.0,0.0,0.0,0.0,0.0,0.0,2,0,0.0,0.0,0.0,71.54,82.83125,-7.04,0.0,1,2,0,1,0,0,0,0
1,0,1,1,33.0,1,0,1,0,1,0,1,1,0,56.15,0.0,0.0,0.0,365.0,2.0,50.2,68.3,1.0,0.0,0.5,3,0,0.0,0.0,0.0,68.03,74.34242424242424,-1.91,0.0,4,0,1,0,0,1,0,0
0,0,0,0,13.0,1,0,0,1,1,0,0,0,1,79.25,13.0,266.5,2.0,40.0,0.0,0.0,0.0,0.0,0.0,0.0,3,2,0.67,7.96,15.51,56.35,85.51153846153846,-12.29,6.5,2,2,0,1,0,0,1,0
0,0,1,0,12.0,0,0,0,0,0,0,0,0,1,24.8,10.0,62.5,2.0,230.0,2.0,8.9,14.5,2.0,0.0,1.0,3,0,0.0,0.0,0.0,84.89,2.066666666666667,-33.26,5.0,0,1,0,0,0,0,1,0
1,0,0,0,20.0,1,0,0,1,0,0,0,0,1,51.8,0.0,0.0,0.0,365.0,0.0,0.0,0.0,0.0,0.0,0.0,1,0,0.0,0.0,0.0,41.16,51.1925,-6.26,0.0,1,1,0,0,0,0,0,1
1,0,0,0,3.0,0,0,0,0,0,1,0,0,0,30.4,6.0,32.0,2.0,294.0,0.0,0.0,0.0,0.0,0.0,0.0,2,0,0.0,0.0,0.0,92.21,27.383333333333336,-27.66,3.0,1,2,0,0,0,0,1,0
0,0,0,0,13.0,1,0,0,0,0,0,0,0,0,19.65,0.0,0.0,0.0,365.0,1.0,78.1,78.1,0.0,1.0,0.0,1,0,0.0,0.0,0.0,30.67,18.83076923076923,-1.42,0.0,0,0,1,0,1,0,1,0
0,0,1,0,40.0,1,1,0,1,0,0,0,0,0,56.6,0.0,0.0,0.0,365.0,1.0,73.4,73.4,0.0,1.0,0.0,1,1,1.0,12.16,12.16,42.92,59.4775,-1.46,0.0,1,2,0,0,0,1,0,0
1,0,1,1,43.0,1,1,1,0,0,1,0,1,1,71.9,3.0,126.0,1.0,326.0,0.0,0.0,0.0,0.0,0.0,0.0,2,1,0.5,9.94,19.89,93.0,73.79883720930232,13.84,3.0,3,1,1,0,0,1,0,0
1,0,1,0,6.0,1,0,0,1,1,0,0,1,1,91.0,0.0,0.0,0.0,365.0,0.0,0.0,0.0,0.0,0.0,0.0,3,0,0.0,0.0,0.0,75.97,88.5,-0.54,0.0,3,2,0,1,0,0,1,0
0,0,1,1,69.0,1,0,0,0,0,0,0,0,0,19.75,0.0,0.0,0.0,365.0,0.0,0.0,0.0,0.0,0.0,0.0,1,0,0.0,0.0,0.0,31.8,19.933333333333334,-1.32,0.0,0,0,2,0,1,0,0,0
0,0,1,1,72.0,1,1,1,1,1,0,1,1,0,109.7,4.0,10.0,1.0,244.0,0.0,0.0,0.0,0.0,0.0,0.0,2,0,0.0,0.0,0.0,60.18,112.90694444444445,18.16,4.0,5,0,2,1,0,1,0,0
1,0,1,1,59.0,1,0,0,0,0,0,0,0,0,19.3,0.0,0.0,0.0,365.0,0.0,0.0,0.0,0.0,0.0,0.0,2,0,0.0,0.0,0.0,89.7,20.215254237288136,-1.77,0.0,0,0,2,0,1,1,0,0
0,0,1,0,20.0,1,0,1,1,0,1,1,0,1,96.55,0.0,76.0,1.0,365.0,0.0,0.0,0.0,0.0,0.0,0.0,3,1,0.33,4.66,13.99,72.34,95.08250000000001,5.01,0.0,4,2,0,1,0,0,1,0
1,0,1,1,24.0,1,1,0,0,0,0,0,0,1,24.1,0.0,0.0,0.0,365.0,0.0,0.0,0.0,0.0,0.0,0.0,3,0,0.0,0.0,0.0,63.81,24.474999999999998,3.03,0.0,0,0,2,0,1,0,0,0
1,0,0,0,59.0,1,1,0,1,1,1,1,1,1,111.35,0.0,0.0,0.0,365.0,0.0,0.0,0.0,0.0,0.0,0.0,2,1,0.5,2.82,5.64,40.32,110.5042372881356,19.81,0.0,5,2,0,1,0,0,1,0
1,0,1,1,72.0,1,1,0,1,1,1,1,1,1,112.25,0.0,0.0,0.0,365.0,0.0,0.0,0.0,0.0,0.0,0.0,3,0,0.0,0.0,0.0,43.64,111.68958333333333,20.71,0.0,5,0,2,1,0,0,0,0
1,0,0,1,1.0,1,0,0,0,0,0,0,0,0,20.75,0.0,0.0,0.0,365.0,1.0,14.5,14.5,1.0,0.0,1.0,1,0,0.0,0.0,0.0,52.58,20.75,-0.32,0.0,0,2,0,0,1,0,0,1
0,0,1,0,27.0,1,0,1,0,0,1,1,1,1,101.9,10.0,149.0,2.0,88.0,0.0,0.0,0.0,0.0,0.0,0.0,2,1,0.5,23.96,47.93,103.6,99.30185185185185,10.36,5.0,4,1,1,1,0,1,0,0
0,0,0,0,14.0,1,0,0,1,0,1,0,0,1,80.05,14.0,118.25,4.0,102.0,0.0,0.0,0.0,0.0,0.0,0.0,2,1,0.5,8.49,16.99,70.16,79.45,-11.49,3.5,2,2,0,1,0,1,0,0
1,0,1,1,71.0,1,1,1,0,1,0,1,1,0,91.75,0.0,0.0,0.0,365.0,0.0,0.0,0.0,0.0,0.0,0.0,3,1,0.33,10.17,30.51,74.27,104.30281690140845,0.21,0.0,4,1,2,1,0,0,1,0
1,0,0,1,13.0,1,0,0,0,0,0,1,0,1,78.3,0.0,0.0,0.0,365.0,0.0,0.0,0.0,0.0,0.0,0.0,3,0,0.0,0.0,0.0,81.8,79.53461538461539,-13.24,0.0,1,1,0,1,0,1,0,0
1,0,0,0,44.0,1,0,0,0,0,0,0,0,0,68.85,0.0,0.0,0.0,365.0,0.0,0.0,0.0,0.0,0.0,0.0,3,0,0.0,0.0,0.0,52.49,67.24886363636364,-22.69,0.0,0,1,0,1,0,1,0,0
0,0,0,0,33.0,1,0,0,1,0,1,0,0,1,79.95,0.0,0.0,0.0,365.0,0.0,0.0,0.0,0.0,0.0,0.0,3,0,0.0,0.0,0.0,101.65,81.35909090909091,-11.59,0.0,2,0,1,1,0,0,0,0
1,0,1,1,72.0,0,0,1,1,1,1,0,1,1,55.45,0.0,0.0,0.0,365.0,0.0,0.0,0.0,0.0,0.0,0.0,3,0,0.0,0.0,0.0,61.84,58.044444444444444,-2.61,0.0,5,0,2,0,0,1,0,0
1,0,0,0,1.0,1,0,0,0,0,0,0,1,0,79.9,0.0,0.0,0.0,365.0,0.0,0.0,0.0,0.0,0.0,0.0,2,0,0.0,0.0,0.0,81.42,79.9,-11.64,0.0,1,2,0,1,0,0,1,0
0,0,0,0,19.0,1,0,1,0,1,1,1,1,1,106.6,10.0,222.0,1.0,321.0,0.0,0.0,0.0,0.0,0.0,0.0,3,0,0.0,0.0,0.0,89.8,101.81315789473685,15.06,10.0,5,1,0,1,0,0,1,0
1,0,1,0,64.0,1,0,0,1,1,1,1,1,1,102.45,5.0,48.0,1.0,314.0,0.0,0.0,0.0,0.0,0.0,0.0,1,0,0.0,0.0,0.0,35.76,103.9703125,10.91,5.0,5,0,1,1,0,1,0,0
1,0,0,0,2.0,1,0,0,0,0,0,0,0,1,46.0,0.0,0.0,0.0,365.0,0.0,0.0,0.0,0.0,0.0,0.0,3,0,0.0,0.0,0.0,49.58,42.25,-12.06,0.0,0,2,0,0,0,1,0,0
0,0,0,0,1.0,0,0,0,0,0,0,0,0,0,25.25,0.0,0.0,0.0,365.0,0.0,0.0,0.0,0.0,0.0,0.0,2,0,0.0,0.0,0.0,97.42,25.25,-32.81,0.0,0,2,0,0,0,0,1,0
1,0,0,1,61.0,1,0,0,0,0,0,0,0,0,19.75,0.0,0.0,0.0,365.0,0.0,0.0,0.0,0.0,0.0,0.0,1,0,0.0,0.0,0.0,119.41,18.42950819672131,-1.32,0.0,0,0,2,0,1,0,0,1
0,0,1,1,29.0,1,0,0,0,0,0,0,0,0,20.0,6.0,227.0,1.0,234.0,0.0,0.0,0.0,0.0,0.0,0.0,2,0,0.0,0.0,0.0,53.1,18.622413793103448,-1.07,6.0,0,0,1,0,1,0,1,0
1,1,1,0,23.0,1,1,0,0,0,0,0,1,0,86.8,0.0,0.0,0.0,365.0,0.0,0.0,0.0,0.0,0.0,0.0,3,0,0.0,0.0,0.0,51.57,85.90652173913043,-4.74,0.0,1,1,0,1,0,0,1,0
0,0,1,0,57.0,0,0,1,1,1,0,1,1,1,58.75,0.0,0.0,0.0,365.0,0.0,0.0,0.0,0.0,0.0,0.0,3,0,0.0,0.0,0.0,77.67,60.30614035087719,0.69,0.0,5,1,0,0,0,0,0,0
1,0,1,1,72.0,0,0,1,1,1,1,0,0,0,45.25,0.0,0.0,0.0,365.0,1.0,36.9,36.9,0.0,1.0,0.0,1,0,0.0,0.0,0.0,99.9,43.608333333333334,-12.81,0.0,4,0,2,0,0,1,0,0
1,0,1,0,64.0,0,0,1,1,1,1,1,0,1,56.6,0.0,0.0,0.0,365.0,0.0,0.0,0.0,0.0,0.0,0.0,1,0,0.0,0.0,0.0,53.42,59.20625,-1.46,0.0,5,0,2,0,0,0,0,0
1,0,1,1,65.0,1,1,0,1,1,1,1,1,1,56.15,6.0,12.0,1.0,267.0,0.0,0.0,0.0,0.0,0.0,0.0,1,0,0.0,0.0,0.0,87.31,81.91538461538461,-1.91,6.0,5,0,2,0,0,0,0,0
0,0,0,0,8.0,1,0,0,0,0,0,1,0,1,80.0,6.0,154.0,1.0,159.0,0.0,0.0,0.0,0.0,0.0,0.0,3,0,0.0,0.0,0.0,40.46,78.075,-11.54,6.0,1,2,0,1,0,0,0,0
0,0,0,0,4.0,1,0,0,0,0,0,0,0,1,70.15,4.0,85.0,1.0,165.0,1.0,4.4,4.4,0.0,0.0,0.0,1,0,0.0,0.0,0.0,71.89,67.0875,-21.39,4.0,0,2,0,1,0,0,1,0
0,0,1,0,71.0,1,1,0,0,0,0,0,0,0,24.75,0.0,0.0,0.0,365.0,0.0,0.0,0.0,0.0,0.0,0.0,3,0,0.0,0.0,0.0,76.06,25.871830985915494,3.68,0.0,0,0,2,0,1,0,0,0
1,0,1,1,1.0,1,0,0,0,0,0,0,0,1,20.2,9.0,75.0,2.0,2.0,0.0,0.0,0.0,0.0,0.0,0.0,3,1,0.33,1.06,3.19,69.68,20.2,-0.87,4.5,0,2,1,0,1,0,1,0
1,0,1,0,4.0,1,0,0,0,0,1,0,0,0,50.05,0.0,0.0,0.0,365.0,0.0,0.0,0.0,0.0,0.0,0.0,1,0,0.0,0.0,0.0,43.66,44.8375,-8.01,0.0,1,2,0,0,0,0,0,1
0,0,0,0,12.0,1,0,0,0,0,0,0,0,1,19.35,0.0,0.0,0.0,365.0,0.0,0.0,0.0,0.0,0.0,0.0,3,1,0.33,11.32,33.96,96.9,18.279166666666665,-1.72,0.0,0,1,1,0,1,0,0,0
1,0,0,0,24.0,0,0,1,0,0,0,1,1,1,50.6,0.0,0.0,0.0,365.0,0.0,0.0,0.0,0.0,0.0,0.0,2,0,0.0,0.0,0.0,88.26,53.697916666666664,-7.46,0.0,3,0,1,0,0,0,0,1
0,0,1,1,31.0,1,0,1,0,1,1,1,1,1,81.15,0.0,0.0,0.0,365.0,1.0,36.1,36.1,1.0,0.0,1.0,1,0,0.0,0.0,0.0,48.85,82.12096774193549,23.09,0.0,5,0,1,0,0,0,0,1
0,0,1,0,1.0,1,0,0,0,0,0,1,0,0,55.2,4.0,27.0,1.0,220.0,1.0,114.5,114.5,1.0,0.0,1.0,1,0,0.0,0.0,0.0,20.59,55.2,-2.86,4.0,1,2,0,0,0,0,0,1
1,0,0,0,30.0,1,1,0,0,0,1,0,1,1,89.9,0.0,0.0,0.0,365.0,0.0,0.0,0.0,0.0,0.0,0.0,1,0,0.0,0.0,0.0,96.68,90.77166666666668,-1.64,0.0,2,1,0,1,0,1,0,0
0,0,1,1,47.0,1,1,1,1,0,1,1,1,1,85.3,5.0,144.0,1.0,240.0,0.0,0.0,0.0,0.0,0.0,0.0,2,0,0.0,0.0,0.0,79.19,87.38829787234043,27.24,5.0,5,0,2,0,0,1,0,0
1,0,0,0,64.0,1,1,1,1,0,1,1,1,1,108.0,0.0,0.0,0.0,365.0,0.0,0.0,0.0,0.0,0.0,0.0,1,1,1.0,3.9,3.9,21.83,90.01015625,16.46,0.0,5,1,2,1,0,1,0,0
1,0,0,0,50.0,1,0,1,1,0,1,0,1,1,93.5,0.0,0.0,0.0,365.0,1.0,8.4,8.4,1.0,0.0,1.0,1,0,0.0,0.0,0.0,115.96,94.95,1.96,0.0,4,1,0,1,0,1,0,0
1,0,0,0,1.0,1,0,1,0,0,0,0,1,1,84.6,10.0,126.0,1.0,342.0,0.0,0.0,0.0,0.0,0.0,0.0,1,1,1.0,18.83,18.83,82.07,84.6,-6.94,10.0,2,3,0,1,0,0,0,1
0,0,0,0,64.0,1,0,0,0,0,0,0,0,0,20.25,0.0,0.0,0.0,365.0,0.0,0.0,0.0,0.0,0.0,0.0,3,0,0.0,0.0,0.0,92.51,24.4828125,-0.82,0.0,0,0,2,0,1,1,0,0
0,0,0,0,29.0,1,1,0,0,0,0,0,0,0,25.15,0.0,0.0,0.0,365.0,0.0,0.0,0.0,0.0,0.0,0.0,2,0,0.0,0.0,0.0,71.0,24.20689655172414,4.08,0.0,0,1,0,0,1,0,1,0
1,0,0,0,2.0,1,1,0,1,0,0,0,0,1,54.4,0.0,0.0,0.0,365.0,0.0,0.0,0.0,0.0,0.0,0.0,2,0,0.0,0.0,0.0,27.99,57.05,-3.66,0.0,1,2,0,0,0,0,0,1
0,0,0,0,10.0,0,0,0,0,0,1,0,0,1,29.6,0.0,0.0,0.0,365.0,0.0,0.0,0.0,0.0,0.0,0.0,2,0,0.0,0.0,0.0,34.14,29.905,-28.46,0.0,1,1,2,0,0,0,0,1
1,0,1,0,18.0,1,1,0,0,0,0,0,0,1,73.15,0.0,0.0,0.0,365.0,0.0,0.0,0.0,0.0,0.0,0.0,2,0,0.0,0.0,0.0,102.62,72.55277777777778,-18.39,0.0,0,1,0,1,0,0,1,0
0,1,0,0,11.0,1,0,0,1,0,0,1,1,1,95.0,0.0,0.0,0.0,365.0,0.0,0.0,0.0,0.0,0.0,0.0,3,0,0.0,0.0,0.0,48.63,101.84545454545454,3.46,0.0,3,2,0,1,0,0,1,0
1,0,0,0,64.0,1,0,0,0,0,0,0,0,0,19.75,18.0,258.3333333333333,3.0,182.0,0.0,0.0,0.0,0.0,0.0,0.0,1,0,0.0,0.0,0.0,47.57,4.44296875,-1.32,6.0,0,0,2,0,1,0,0,1
0,0,0,0,72.0,1,1,0,1,1,1,1,1,0,86.6,6.0,251.0,1.0,244.0,0.0,0.0,0.0,0.0,0.0,0.0,1,0,0.0,0.0,0.0,114.56,88.20138888888889,28.54,6.0,5,0,2,0,0,0,0,0
1,0,0,0,72.0,1,1,0,1,1,1,1,1,0,109.2,0.0,0.0,0.0,365.0,1.0,37.5,37.5,1.0,0.0,1.0,1,0,0.0,0.0,0.0,110.9,109.42083333333333,17.66,0.0,5,0,2,1,0,0,0,0
0,0,1,1,41.0,1,0,1,0,0,1,1,1,1,74.7,0.0,0.0,0.0,365.0,0.0,0.0,0.0,0.0,0.0,0.0,2,2,1.0,15.98,23.68,59.96,77.74756097560976,16.64,0.0,4,1,1,0,0,1,0,0
0,1,1,0,65.0,1,0,1,1,1,0,0,1,0,94.4,0.0,0.0,0.0,365.0,0.0,0.0,0.0,0.0,0.0,0.0,1,0,0.0,0.0,0.0,34.73,94.24846153846153,2.86,0.0,4,1,0,1,0,0,1,0
0,1,0,0,13.0,1,0,0,1,1,0,0,0,1,54.8,4.0,89.0,1.0,355.0,0.0,0.0,0.0,0.0,0.0,0.0,1,0,0.0,0.0,0.0,83.05,56.25384615384615,-3.26,4.0,2,1,0,0,0,0,1,0
1,1,0,0,12.0,1,0,1,0,0,0,0,0,0,75.35,2.0,115.0,1.0,200.0,0.0,0.0,0.0,0.0,0.0,0.0,2,0,0.0,0.0,0.0,69.61,22.78333333333333,-16.19,2.0,1,1,0,1,0,0,1,0
1,0,0,0,41.0,1,1,0,0,1,0,0,1,0,65.0,0.0,0.0,0.0,365.0,0.0,0.0,0.0,0.0,0.0,0.0,2,0,0.0,0.0,0.0,87.34,61.75121951219513,6.94,0.0,2,0,1,0,0,0,0,1
1,1,0,0,15.0,1,0,0,1,0,0,0,0,1,74.4,0.0,0.0,0.0,365.0,0.0,0.0,0.0,0.0,0.0,0.0,1,0,0.0,0.0,0.0,63.55,71.61999999999999,-17.14,0.0,1,1,0,1,0,0,1,0
1,0,0,0,1.0,1,0,1,0,0,0,0,0,1,48.55,0.0,0.0,0.0,365.0,0.0,0.0,0.0,0.0,0.0,0.0,2,0,0.0,0.0,0.0,83.9,48.55,-9.51,0.0,1,2,0,0,0,0,0,1
1,0,0,0,42.0,1,1,1,1,1,0,0,1,1,99.0,4.0,200.0,1.0,332.0,0.0,0.0,0.0,0.0,0.0,0.0,1,0,0.0,0.0,0.0,80.62,102.34404761904761,7.46,4.0,4,0,1,1,0,0,1,0
0,0,1,0,51.0,1,0,1,1,1,0,1,0,1,93.5,0.0,0.0,0.0,365.0,0.0,0.0,0.0,0.0,0.0,0.0,1,1,1.0,11.55,11.55,52.79,90.57941176470588,1.96,0.0,4,1,1,1,0,0,1,0
0,0,1,1,2.0,1,0,0,0,0,0,0,0,0,70.4,4.0,242.0,1.0,187.0,0.0,0.0,0.0,0.0,0.0,0.0,1,0,0.0,0.0,0.0,33.03,73.575,-21.14,4.0,0,2,0,1,0,0,1,0
1,1,1,0,1.0,0,0,0,1,0,0,1,0,0,40.2,0.0,0.0,0.0,365.0,0.0,0.0,0.0,0.0,0.0,0.0,2,0,0.0,0.0,0.0,95.73,40.2,-17.86,0.0,2,2,0,0,0,0,1,0
1,0,0,1,32.0,1,1,0,1,1,1,1,1,0,83.7,0.0,0.0,0.0,365.0,0.0,0.0,0.0,0.0,0.0,0.0,3,1,0.33,2.11,6.33,50.11,82.290625,25.64,0.0,5,1,1,0,0,1,0,0
1,0,0,0,10.0,1,0,0,0,0,0,0,0,1,19.85,0.0,0.0,0.0,365.0,0.0,0.0,0.0,0.0,0.0,0.0,1,0,0.0,0.0,0.0,93.68,19.305,-1.22,0.0,0,2,0,0,1,0,0,1
0,0,1,1,67.0,0,0,0,1,1,1,1,1,1,59.55,5.0,68.0,1.0,49.0,2.0,24.8,27.5,0.0,1.0,0.0,2,0,0.0,0.0,0.0,76.17,61.252238805970144,1.49,5.0,5,0,2,0,0,0,1,0
0,0,1,1,61.0,1,1,1,1,1,1,1,1,0,115.1,4.0,225.0,1.0,199.0,0.0,0.0,0.0,0.0,0.0,0.0,2,0,0.0,0.0,0.0,81.29,114.88770491803278,23.56,4.0,6,0,2,1,0,1,0,0
1,0,0,0,50.0,1,1,1,1,1,1,1,1,0,114.35,11.0,118.0,2.0,103.0,0.0,0.0,0.0,0.0,0.0,0.0,1,0,0.0,0.0,0.0,64.39,115.822,22.81,5.5,6,0,1,1,0,1,0,0
0,0,1,0,2.0,1,0,0,0,0,0,0,0,1,44.6,7.0,5.0,1.0,47.0,0.0,0.0,0.0,0.0,0.0,0.0,1,0,0.0,0.0,0.0,48.48,40.275,-13.46,7.0,0,2,0,0,0,1,0,0
0,1,1,0,29.0,0,0,1,0,1,0,0,1,1,45.0,0.0,0.0,0.0,365.0,1.0,10.0,10.0,1.0,0.0,1.0,2,0,0.0,0.0,0.0,37.32,42.36724137931035,-13.06,0.0,3,1,0,0,0,0,1,0
1,1,0,0,3.0,0,0,0,0,1,0,0,1,1,41.15,7.0,47.0,2.0,254.0,0.0,0.0,0.0,0.0,0.0,0.0,1,0,0.0,0.0,0.0,102.04,44.06666666666666,-16.91,3.5,2,2,0,0,0,0,1,0
1,1,0,0,13.0,1,1,0,1,1,0,1,1,1,106.9,0.0,0.0,0.0,365.0,0.0,0.0,0.0,0.0,0.0,0.0,1,0,0.0,0.0,0.0,95.42,104.94615384615385,15.36,0.0,4,1,0,1,0,0,1,0
1,1,1,0,57.0,1,1,0,1,0,0,0,1,1,89.85,0.0,0.0,0.0,365.0,0.0,0.0,0.0,0.0,0.0,0.0,3,2,0.67,10.45,26.13,78.91,86.40964912280702,-1.69,0.0,2,2,0,1,0,0,1,0
0,0,0,0,64.0,0,0,1,1,0,1,0,1,1,49.85,0.0,0.0,0.0,365.0,0.0,0.0,0.0,0.0,0.0,0.0,2,0,0.0,0.0,0.0,63.83,23.7515625,-8.21,0.0,4,0,2,0,0,0,0,0
0,0,1,0,45.0,1,1,1,1,1,1,1,1,0,113.3,2.0,168.0,1.0,227.0,0.0,0.0,0.0,0.0,0.0,0.0,3,0,0.0,0.0,0.0,93.38,111.82777777777778,21.76,2.0,6,0,1,1,0,0,0,1
0,0,1,1,61.0,1,1,1,1,1,1,1,1,0,88.1,4.0,107.0,1.0,215.0,1.0,1.1,1.1,1.0,0.0,1.0,2,0,0.0,0.0,0.0,97.34,90.60245901639344,30.04,4.0,6,0,2,0,0,0,0,1
1,0,0,0,50.0,1,1,0,0,0,0,0,0,0,24.9,0.0,0.0,0.0,365.0,1.0,7.8,7.8,1.0,0.0,1.0,3,1,0.33,5.19,15.58,62.11,23.905,3.83,0.0,0,1,2,0,1,0,0,0
0,1,0,0,19.0,1,0,1,1,0,1,1,1,1,105.0,0.0,0.0,0.0,365.0,0.0,0.0,0.0,0.0,0.0,0.0,3,0,0.0,0.0,0.0,60.09,105.64473684210526,13.46,0.0,5,1,0,1,0,0,0,1
1,0,0,0,59.0,1,0,0,0,0,0,0,0,0,19.35,7.0,206.0,1.0,72.0,0.0,0.0,0.0,0.0,0.0,0.0,2,0,0.0,0.0,0.0,88.76,18.63728813559322,-1.72,7.0,0,0,2,0,1,0,0,1
0,0,1,0,71.0,1,1,0,0,0,0,0,0,1,24.25,4.0,87.0,1.0,174.0,0.0,0.0,0.0,0.0,0.0,0.0,1,0,0.0,0.0,0.0,20.81,24.40774647887324,3.18,4.0,0,0,2,0,1,1,0,0
0,1,0,0,16.0,1,0,0,0,0,1,1,1,1,94.45,0.0,0.0,0.0,365.0,0.0,0.0,0.0,0.0,0.0,0.0,2,1,0.5,3.27,6.54,74.05,94.45,2.91,0.0,3,2,0,1,0,0,1,0
1,0,1,0,57.0,1,0,1,1,0,1,0,0,1,59.75,0.0,0.0,0.0,365.0,0.0,0.0,0.0,0.0,0.0,0.0,2,1,0.5,4.46,8.93,65.61,60.52894736842106,1.69,0.0,3,1,2,0,0,0,1,0
1,0,0,0,1.0,0,0,0,0,0,0,0,0,0,24.8,0.0,0.0,0.0,365.0,0.0,0.0,0.0,0.0,0.0,0.0,1,1,1.0,25.27,25.27,91.23,24.8,-33.26,0.0,0,3,0,0,0,0,0,0
1,1,1,0,20.0,1,1,0,1,0,1,1,1,0,107.05,0.0,0.0,0.0,365.0,0.0,0.0,0.0,0.0,0.0,0.0,3,0,0.0,0.0,0.0,42.46,108.6025,15.51,0.0,4,1,0,1,0,0,1,0
1,0,0,0,1.0,1,0,0,0,0,0,0,0,0,70.6,0.0,0.0,0.0,365.0,0.0,0.0,0.0,0.0,0.0,0.0,2,1,0.5,2.74,5.48,62.45,70.6,-20.94,0.0,0,3,0,1,0,0,0,1
1,0,1,0,5.0,1,1,0,1,0,1,0,0,1,85.4,0.0,0.0,0.0,365.0,0.0,0.0,0.0,0.0,0.0,0.0,3,0,0.0,0.0,0.0,71.31,80.22,-6.14,0.0,2,2,0,1,0,0,1,0
0,0,1,0,52.0,1,1,0,1,1,0,1,1,1,105.05,0.0,0.0,0.0,365.0,1.0,2.6,2.6,0.0,1.0,0.0,3,1,0.33,11.32,33.97,81.09,108.17019230769232,13.51,0.0,4,2,0,1,0,0,1,0
1,1,1,0,21.0,1,0,1,1,0,0,0,1,1,64.95,0.0,0.0,0.0,365.0,0.0,0.0,0.0,0.0,0.0,0.0,1,0,0.0,0.0,0.0,115.62,63.8,6.89,0.0,3,1,0,0,0,0,0,0
1,0,0,0,14.0,0,0,0,0,1,1,1,1,1,55.0,0.0,0.0,0.0,365.0,0.0,0.0,0.0,0.0,0.0,0.0,1,0,0.0,0.0,0.0,106.73,55.13928571428572,-3.06,0.0,4,1,0,0,0,0,1,0
0,0,0,0,5.0,1,0,0,1,0,0,0,0,0,50.55,0.0,0.0,0.0,365.0,0.0,0.0,0.0,0.0,0.0,0.0,3,0,0.0,0.0,0.0,71.19,48.95,-7.51,0.0,1,2,0,0,0,0,0,0
0,0,0,0,6.0,1,0,1,1,0,0,0,0,0,55.15,0.0,0.0,0.0,365.0,0.0,0.0,0.0,0.0,0.0,0.0,3,1,0.33,12.46,37.39,69.68,53.81666666666666,-2.91,0.0,2,3,0,0,0,0,0,1
0,0,0,0,10.0,1,0,0,1,0,0,0,0,0,51.2,0.0,0.0,0.0,365.0,1.0,6.9,6.9,1.0,0.0,1.0,1,0,0.0,0.0,0.0,40.27,49.825,-6.86,0.0,1,2,0,0,0,0,1,0
0,0,0,1,1.0,1,1,0,0,0,0,0,0,0,25.4,0.0,0.0,0.0,365.0,1.0,18.9,18.9,0.0,1.0,0.0,2,0,0.0,0.0,0.0,68.01,25.4,4.33,0.0,0,2,0,0,1,0,0,1
0,0,0,0,68.0,1,1,1,0,0,0,0,0,0,54.45,0.0,0.0,0.0,365.0,0.0,0.0,0.0,0.0,0.0,0.0,1,0,0.0,0.0,0.0,44.75,54.231617647058826,-3.61,0.0,1,1,0,0,0,0,0,1
1,0,1,1,18.0,1,0,0,0,1,0,1,1,0,95.15,0.0,0.0,0.0,365.0,0.0,0.0,0.0,0.0,0.0,0.0,3,0,0.0,0.0,0.0,64.43,98.88611111111112,3.61,0.0,3,1,0,1,0,0,0,1
0,0,0,0,22.0,1,1,0,0,0,0,0,0,1,76.0,0.0,0.0,0.0,365.0,0.0,0.0,0.0,0.0,0.0,0.0,3,1,0.33,10.58,31.74,64.36,81.07272727272726,-15.54,0.0,0,1,1,1,0,1,0,0
0,0,0,0,20.0,1,0,0,0,0,0,0,0,1,44.35,0.0,0.0,0.0,365.0,0.0,0.0,0.0,0.0,0.0,0.0,3,1,0.33,1.85,5.56,72.03,46.3575,-13.71,0.0,0,2,0,0,0,0,1,0
1,0,1,0,1.0,1,0,0,0,0,0,0,0,0,70.0,0.0,0.0,0.0,365.0,0.0,0.0,0.0,0.0,0.0,0.0,1,0,0.0,0.0,0.0,118.57,70.0,-21.54,0.0,0,2,0,1,0,0,1,0
1,1,0,0,8.0,1,0,0,1,0,0,0,0,1,74.5,0.0,0.0,0.0,365.0,0.0,0.0,0.0,0.0,0.0,0.0,1,0,0.0,0.0,0.0,44.67,75.81875,-17.04,0.0,1,2,0,1,0,0,1,0
1,0,0,0,10.0,1,0,0,0,0,0,0,0,1,44.85,0.0,0.0,0.0,365.0,1.0,51.1,51.1,0.0,1.0,0.0,3,0,0.0,0.0,0.0,70.68,43.54,-13.21,0.0,0,2,0,0,0,1,0,0
1,1,0,0,24.0,1,1,0,0,0,0,0,0,1,91.75,5.0,147.0,1.0,298.0,0.0,0.0,0.0,0.0,0.0,0.0,1,0,0.0,0.0,0.0,60.53,71.3625,0.21,5.0,0,1,0,1,0,0,1,0
1,0,0,0,35.0,1,0,1,1,1,0,0,0,0,61.2,0.0,0.0,0.0,365.0,0.0,0.0,0.0,0.0,0.0,0.0,1,0,0.0,0.0,0.0,85.96,57.74857142857143,3.14,0.0,3,0,1,0,0,0,0,1
1,0,1,1,23.0,1,0,0,1,1,1,0,0,0,86.8,0.0,0.0,0.0,365.0,1.0,32.4,32.4,1.0,0.0,1.0,2,0,0.0,0.0,0.0,46.83,84.38260869565217,-4.74,0.0,3,0,1,1,0,0,0,1
0,1,0,0,6.0,1,0,0,0,0,0,1,1,1,89.35,0.0,0.0,0.0,365.0,0.0,0.0,0.0,0.0,0.0,0.0,2,0,0.0,0.0,0.0,106.84,94.63333333333333,-2.19,0.0,2,2,0,1,0,0,1,0
0,0,0,0,12.0,1,0,0,0,0,0,0,0,0,19.7,0.0,0.0,0.0,365.0,0.0,0.0,0.0,0.0,0.0,0.0,1,1,1.0,3.4,3.4,66.65,18.3625,-1.37,0.0,0,2,0,0,1,0,0,1
1,0,0,0,1.0,1,0,0,0,0,0,0,0,0,20.25,0.0,0.0,0.0,365.0,0.0,0.0,0.0,0.0,0.0,0.0,1,0,0.0,0.0,0.0,21.83,20.25,-0.82,0.0,0,2,0,0,1,0,0,1
0,0,1,1,71.0,1,0,0,0,1,0,0,0,0,76.05,0.0,0.0,0.0,365.0,0.0,0.0,0.0,0.0,0.0,0.0,2,1,0.5,3.86,7.73,51.68,76.56971830985916,-15.49,0.0,1,1,2,1,0,0,1,0
1,1,1,0,35.0,1,1,0,0,1,0,1,1,1,100.8,0.0,0.0,0.0,365.0,0.0,0.0,0.0,0.0,0.0,0.0,1,0,0.0,0.0,0.0,69.86,98.21428571428571,9.26,0.0,3,1,0,1,0,0,1,0
1,0,1,1,40.0,1,1,0,0,1,0,1,1,1,74.55,0.0,0.0,0.0,365.0,0.0,0.0,0.0,0.0,0.0,0.0,1,0,0.0,0.0,0.0,81.6,75.39375,16.49,0.0,3,1,0,0,0,0,1,0
0,0,0,1,1.0,1,0,1,0,0,0,0,0,1,73.6,0.0,0.0,0.0,365.0,0.0,0.0,0.0,0.0,0.0,0.0,2,1,0.5,5.98,11.97,88.19,73.6,-17.94,0.0,1,3,0,1,0,0,0,1
1,0,0,0,23.0,1,0,0,0,0,0,1,1,1,64.9,0.0,0.0,0.0,365.0,1.0,21.4,21.4,0.0,1.0,0.0,2,0,0.0,0.0,0.0,52.48,65.64347826086956,6.84,0.0,2,0,1,0,0,0,0,0
0,1,0,0,4.0,1,1,0,0,0,0,1,1,1,95.45,6.0,297.0,1.0,106.0,1.0,29.0,29.0,0.0,1.0,0.0,3,0,0.0,0.0,0.0,70.8,99.025,3.91,6.0,2,2,0,1,0,0,1,0
1,0,0,0,4.0,1,0,0,0,1,1,0,1,1,90.4,0.0,0.0,0.0,365.0,0.0,0.0,0.0,0.0,0.0,0.0,2,0,0.0,0.0,0.0,77.46,89.1625,-1.14,0.0,3,2,0,1,0,0,1,0
0,0,1,1,68.0,0,0,0,1,1,1,1,1,0,60.3,0.0,0.0,0.0,365.0,0.0,0.0,0.0,0.0,0.0,0.0,1,0,0.0,0.0,0.0,93.65,60.4264705882353,2.24,0.0,5,0,2,0,0,1,0,0
1,0,0,1,38.0,1,1,0,1,0,0,0,0,1,81.85,0.0,0.0,0.0,365.0,0.0,0.0,0.0,0.0,0.0,0.0,3,2,0.67,8.27,12.56,34.73,82.67631578947368,-9.69,0.0,1,2,0,1,0,0,0,1
1,0,1,1,52.0,1,1,0,0,0,0,0,0,0,24.8,6.0,127.0,1.0,148.0,0.0,0.0,0.0,0.0,0.0,0.0,1,0,0.0,0.0,0.0,107.92,23.63653846153846,3.73,6.0,0,0,2,0,1,0,0,1
1,1,1,0,32.0,1,1,0,0,0,0,0,0,1,74.9,0.0,0.0,0.0,365.0,1.0,5.7,5.7,0.0,0.0,0.0,2,0,0.0,0.0,0.0,61.92,71.9796875,-16.64,0.0,0,1,0,1,0,0,1,0
1,0,1,1,29.0,1,0,0,0,1,1,1,1,0,75.55,0.0,0.0,0.0,365.0,0.0,0.0,0.0,0.0,0.0,0.0,2,0,0.0,0.0,0.0,35.19,70.84137931034483,17.49,0.0,4,0,2,0,0,0,0,1
1,1,1,1,38.0,1,1,0,1,0,0,1,1,0,101.15,0.0,0.0,0.0,365.0,0.0,0.0,0.0,0.0,0.0,0.0,1,0,0.0,0.0,0.0,89.24,98.46973684210526,9.61,0.0,3,1,0,1,0,0,1,0
1,0,0,1,48.0,1,1,1,0,1,0,1,1,1,78.75,0.0,0.0,0.0,365.0,0.0,0.0,0.0,0.0,0.0,0.0,1,1,1.0,23.05,23.05,94.72,76.71770833333333,20.69,0.0,4,1,1,0,0,1,0,0
0,0,0,0,1.0,1,0,0,0,0,0,0,0,1,19.25,0.0,0.0,0.0,365.0,0.0,0.0,0.0,0.0,0.0,0.0,2,0,0.0,0.0,0.0,90.48,19.25,-1.82,0.0,0,2,0,0,1,0,0,0
0,0,0,0,22.0,1,0,1,0,0,1,0,1,1,89.05,10.0,143.0,2.0,130.0,0.0,0.0,0.0,0.0,0.0,0.0,3,0,0.0,0.0,0.0,73.42,85.73863636363636,-2.49,5.0,3,1,0,1,0,0,1,0
0,0,0,0,43.0,1,1,1,1,1,1,1,1,0,115.05,0.0,0.0,0.0,365.0,0.0,0.0,0.0,0.0,0.0,0.0,2,0,0.0,0.0,0.0,42.91,113.83953488372094,23.51,0.0,6,0,2,1,0,1,0,0
0,1,1,0,5.0,1,0,0,0,0,0,0,0,1,69.35,3.0,246.0,1.0,8.0,1.0,52.8,52.8,0.0,0.0,0.0,2,0,0.0,0.0,0.0,33.36,68.32000000000001,-22.19,3.0,0,2,0,1,0,0,1,0
1,0,0,0,5.0,1,0,0,0,0,0,1,0,1,80.6,0.0,0.0,0.0,365.0,0.0,0.0,0.0,0.0,0.0,0.0,1,0,0.0,0.0,0.0,102.71,83.11,-10.94,0.0,1,2,0,1,0,0,1,0
1,0,1,1,51.0,1,1,1,1,0,1,1,1,0,110.05,0.0,0.0,0.0,365.0,0.0,0.0,0.0,0.0,0.0,0.0,3,0,0.0,0.0,0.0,36.07,111.49803921568626,18.51,0.0,5,0,1,1,0,1,0,0
1,0,0,0,71.0,1,0,0,0,0,0,0,0,1,19.9,0.0,0.0,0.0,365.0,0.0,0.0,0.0,0.0,0.0,0.0,1,0,0.0,0.0,0.0,67.24,19.085915492957746,-1.17,0.0,0,0,2,0,1,1,0,0
0,0,1,1,38.0,1,0,1,1,0,1,1,1,0,80.3,0.0,0.0,0.0,365.0,0.0,0.0,0.0,0.0,0.0,0.0,3,0,0.0,0.0,0.0,40.84,80.49078947368422,22.24,0.0,5,0,1,0,0,1,0,0
1,1,1,0,24.0,1,0,0,0,1,0,1,1,1,93.15,0.0,0.0,0.0,365.0,0.0,0.0,0.0,0.0,0.0,0.0,3,0,0.0,0.0,0.0,94.43,92.96041666666667,1.61,0.0,3,1,0,1,0,0,1,0
1,0,1,0,12.0,1,1,0,0,0,1,1,0,1,91.5,0.0,0.0,0.0,365.0,0.0,0.0,0.0,0.0,0.0,0.0,2,1,0.5,5.24,10.49,82.92,269.6958333333333,-0.04,0.0,2,2,0,1,0,1,0,0
0,1,0,0,54.0,1,1,1,1,0,1,1,1,0,82.45,0.0,0.0,0.0,365.0,0.0,0.0,0.0,0.0,0.0,0.0,1,0,0.0,0.0,0.0,115.65,80.55740740740741,24.39,0.0,5,0,1,0,0,0,0,0
0,0,1,1,64.0,0,0,0,1,1,1,1,1,1,60.0,0.0,0.0,0.0,365.0,0.0,0.0,0.0,0.0,0.0,0.0,2,1,0.5,3.0,5.99,58.17,66.625,1.94,0.0,5,1,2,0,0,0,1,0
1,0,0,0,1.0,1,0,0,0,0,0,0,0,1,44.8,5.0,169.0,1.0,324.0,0.0,0.0,0.0,0.0,0.0,0.0,2,0,0.0,0.0,0.0,91.14,44.8,-13.26,5.0,0,2,0,0,0,0,1,0
0,0,1,1,9.0,1,0,1,0,0,0,0,0,0,48.6,0.0,0.0,0.0,365.0,1.0,38.5,38.5,1.0,0.0,1.0,3,1,0.33,6.12,18.35,33.57,46.922222222222224,-9.46,0.0,1,2,1,0,0,0,0,1
1,0,0,0,69.0,0,0,1,1,0,1,1,1,1,60.05,0.0,0.0,0.0,365.0,0.0,0.0,0.0,0.0,0.0,0.0,3,0,0.0,0.0,0.0,58.08,60.53188405797101,1.99,0.0,5,0,2,0,0,0,0,0
0,0,1,0,52.0,1,1,0,1,0,1,1,1,1,102.7,8.0,154.0,2.0,205.0,0.0,0.0,0.0,0.0,0.0,0.0,3,0,0.0,0.0,0.0,56.61,98.8096153846154,11.16,4.0,4,1,0,1,0,1,0,0
0,1,1,0,11.0,1,0,0,0,0,1,1,0,1,82.9,0.0,0.0,0.0,365.0,0.0,0.0,0.0,0.0,0.0,0.0,3,1,0.33,2.99,8.97,36.45,80.00454545454545,-8.64,0.0,2,3,0,1,0,0,1,0
0,1,0,0,2.0,1,0,0,0,0,0,0,0,1,91.75,7.0,236.0,1.0,63.0,0.0,0.0,0.0,0.0,0.0,0.0,2,0,0.0,0.0,0.0,83.55,69.525,0.21,7.0,0,2,0,1,0,0,1,0
0,1,1,1,28.0,0,0,0,0,0,0,1,0,1,35.9,0.0,0.0,0.0,365.0,0.0,0.0,0.0,0.0,0.0,0.0,1,1,1.0,14.55,14.55,36.6,34.77321428571428,-22.16,0.0,1,2,0,0,0,0,1,0
0,1,0,0,17.0,1,1,0,0,1,0,0,0,1,82.65,0.0,0.0,0.0,365.0,0.0,0.0,0.0,0.0,0.0,0.0,2,1,0.5,20.76,41.51,99.13,86.4735294117647,-8.89,0.0,1,2,0,1,0,1,0,0
0,0,1,1,35.0,1,0,0,0,0,0,0,0,1,19.85,0.0,0.0,0.0,365.0,0.0,0.0,0.0,0.0,0.0,0.0,2,0,0.0,0.0,0.0,88.53,21.124285714285715,-1.22,0.0,0,0,2,0,1,0,0,1
0,0,0,0,8.0,1,0,0,0,0,0,0,0,1,19.2,4.0,213.0,1.0,72.0,0.0,0.0,0.0,0.0,0.0,0.0,1,1,1.0,5.05,5.05,21.68,20.24375,-1.87,4.0,0,2,1,0,1,0,0,1
1,0,0,0,44.0,1,1,0,1,1,0,1,0,1,94.9,8.0,169.0,1.0,126.0,0.0,0.0,0.0,0.0,0.0,0.0,1,0,0.0,0.0,0.0,75.05,100.5215909090909,3.36,8.0,3,0,1,1,0,1,0,0
0,0,0,0,7.0,1,1,0,0,0,0,0,0,1,73.85,0.0,0.0,0.0,365.0,0.0,0.0,0.0,0.0,0.0,0.0,3,0,0.0,0.0,0.0,85.76,73.03571428571429,-17.69,0.0,0,2,0,1,0,0,1,0
0,0,0,0,2.0,1,1,0,0,1,0,0,0,0,80.6,4.0,179.0,1.0,190.0,0.0,0.0,0.0,0.0,0.0,0.0,2,0,0.0,0.0,0.0,63.77,77.9,-10.94,4.0,1,2,0,1,0,0,0,1
1,0,1,1,68.0,1,1,0,1,1,1,0,1,1,75.8,3.0,228.0,1.0,291.0,0.0,0.0,0.0,0.0,0.0,0.0,3,1,0.33,4.59,13.77,77.93,77.85220588235293,17.74,3.0,4,1,1,0,0,0,0,0
0,0,0,0,43.0,1,1,0,1,1,0,1,1,1,104.6,0.0,0.0,0.0,365.0,0.0,0.0,0.0,0.0,0.0,0.0,2,0,0.0,0.0,0.0,58.81,110.69418604651163,13.06,0.0,4,0,2,1,0,0,1,0
0,0,0,0,68.0,1,1,1,1,1,1,1,1,1,88.15,0.0,0.0,0.0,365.0,0.0,0.0,0.0,0.0,0.0,0.0,1,1,1.0,7.27,7.27,61.35,90.41838235294118,30.09,0.0,6,1,2,0,0,0,1,0
0,0,0,0,36.0,1,0,0,1,0,0,1,1,1,94.8,11.0,256.5,2.0,81.0,0.0,0.0,0.0,0.0,0.0,0.0,2,1,0.5,2.86,5.71,70.02,99.04583333333333,3.26,5.5,3,2,0,1,0,1,0,0
1,0,1,0,63.0,1,1,0,1,1,0,1,1,1,103.4,5.0,101.0,1.0,194.0,0.0,0.0,0.0,0.0,0.0,0.0,2,0,0.0,0.0,0.0,73.56,104.80952380952381,11.86,5.0,4,1,0,1,0,0,1,0
0,1,0,0,32.0,1,0,0,1,0,1,0,0,0,54.65,0.0,0.0,0.0,365.0,0.0,0.0,0.0,0.0,0.0,0.0,2,1,0.5,2.1,4.2,70.55,57.190625,-3.41,0.0,2,2,0,0,0,0,0,0
0,0,1,0,71.0,1,1,1,1,1,1,1,1,0,85.75,0.0,0.0,0.0,365.0,0.0,0.0,0.0,0.0,0.0,0.0,1,0,0.0,0.0,0.0,84.64,87.65915492957747,27.69,0.0,6,0,2,0,0,1,0,0
0,0,1,1,66.0,1,1,1,1,1,0,0,0,1,67.45,0.0,0.0,0.0,365.0,0.0,0.0,0.0,0.0,0.0,0.0,1,0,0.0,0.0,0.0,68.96,68.31287878787879,9.39,0.0,3,1,0,0,0,0,0,0
1,0,0,0,63.0,1,0,0,0,0,0,0,0,0,20.5,0.0,0.0,0.0,365.0,0.0,0.0,0.0,0.0,0.0,0.0,1,0,0.0,0.0,0.0,30.66,21.081746031746032,-0.57,0.0,0,0,1,0,1,0,0,1
0,0,0,1,41.0,1,0,0,0,0,0,0,0,1,20.25,4.0,85.0,1.0,109.0,0.0,0.0,0.0,0.0,0.0,0.0,1,0,0.0,0.0,0.0,103.67,21.097560975609756,-0.82,4.0,0,0,1,0,1,1,0,0
0,1,0,0,1.0,1,1,0,0,0,0,0,0,1,91.75,0.0,0.0,0.0,365.0,0.0,0.0,0.0,0.0,0.0,0.0,3,1,0.33,3.79,11.37,42.97,72.1,0.21,0.0,0,3,0,1,0,0,1,0
0,0,0,0,2.0,1,0,0,0,0,0,1,1,1,90.4,0.0,0.0,0.0,365.0,0.0,0.0,0.0,0.0,0.0,0.0,3,0,0.0,0.0,0.0,98.07,84.1,-1.14,0.0,2,2,0,1,0,0,1,0
0,0,1,0,70.0,1,0,0,0,0,0,0,0,0,19.45,0.0,0.0,0.0,365.0,1.0,2.2,2.2,0.0,1.0,0.0,1,0,0.0,0.0,0.0,21.16,18.62142857142857,-1.62,0.0,0,0,2,0,1,0,0,0
0,0,0,0,23.0,0,0,0,0,0,0,1,1,1,44.95,0.0,0.0,0.0,365.0,0.0,0.0,0.0,0.0,0.0,0.0,3,0,0.0,0.0,0.0,82.38,43.34130434782609,-13.11,0.0,2,1,0,0,0,0,1,0
0,1,1,0,64.0,1,0,1,1,1,0,0,1,0,97.0,3.0,297.0,1.0,40.0,0.0,0.0,0.0,0.0,0.0,0.0,2,0,0.0,0.0,0.0,70.59,100.4828125,5.46,3.0,4,0,1,1,0,0,0,0
1,0,1,1,37.0,1,1,1,0,1,1,0,0,1,62.8,0.0,0.0,0.0,365.0,0.0,0.0,0.0,0.0,0.0,0.0,1,0,0.0,0.0,0.0,113.0,61.58783783783784,4.74,0.0,3,0,2,0,0,1,0,0
1,0,0,1,17.0,1,0,0,0,0,0,0,0,0,56.15,0.0,0.0,0.0,365.0,1.0,17.5,17.5,1.0,0.0,1.0,1,0,0.0,0.0,0.0,25.89,40.08235294117647,-1.91,0.0,0,0,1,0,0,0,0,1
0,1,0,0,7.0,1,0,0,0,0,0,1,1,1,89.15,0.0,0.0,0.0,365.0,0.0,0.0,0.0,0.0,0.0,0.0,2,0,0.0,0.0,0.0,43.65,82.05,-2.39,0.0,2,2,0,1,0,0,1,0
1,0,1,1,4.0,1,1,0,1,1,0,0,0,1,84.8,6.0,220.5,2.0,89.0,0.0,0.0,0.0,0.0,0.0,0.0,1,0,0.0,0.0,0.0,112.1,92.975,-6.74,3.0,2,2,0,1,0,0,0,0
0,1,0,0,21.0,0,0,1,0,0,0,1,0,1,41.9,8.0,125.5,2.0,77.0,0.0,0.0,0.0,0.0,0.0,0.0,1,0,0.0,0.0,0.0,80.01,40.00476190476191,-16.16,4.0,2,1,0,0,0,0,1,0
0,0,0,0,10.0,1,0,0,0,0,0,0,1,1,80.25,4.0,50.0,1.0,21.0,0.0,0.0,0.0,0.0,0.0,0.0,3,1,0.33,4.38,13.14,36.41,84.6,-11.29,4.0,1,3,0,1,0,0,0,0
0,1,0,0,16.0,1,1,1,0,0,0,0,0,1,54.1,5.0,287.0,1.0,105.0,0.0,0.0,0.0,0.0,0.0,0.0,3,1,0.33,7.94,23.82,92.81,55.5625,-3.96,5.0,1,2,0,0,0,0,1,0
1,0,1,0,64.0,1,1,0,1,0,1,1,1,1,105.25,8.0,221.0,1.0,347.0,1.0,42.7,42.7,0.0,1.0,0.0,2,0,0.0,0.0,0.0,29.83,106.615625,13.71,8.0,4,0,2,1,0,0,1,0
1,1,1,0,27.0,0,0,1,0,0,0,0,0,0,30.75,5.0,78.0,1.0,63.0,1.0,8.6,8.6,0.0,1.0,0.0,1,0,0.0,0.0,0.0,116.2,29.81851851851852,-27.31,5.0,1,1,0,0,0,1,0,0
1,0,1,1,42.0,1,1,1,0,0,0,1,1,0,97.1,10.0,145.0,3.0,47.0,1.0,1.0,1.0,1.0,0.0,1.0,1,0,0.0,0.0,0.0,56.04,95.63690476190476,5.56,3.333,3,0,1,1,0,0,1,0
1,0,0,1,5.0,1,0,0,0,0,0,0,0,0,20.2,3.0,36.0,1.0,128.0,1.0,77.2,77.2,0.0,0.0,0.0,1,1,1.0,8.24,8.24,105.11,16.75,-0.87,3.0,0,3,0,0,1,0,0,1
0,0,0,0,41.0,1,0,0,1,0,1,1,1,1,98.8,3.0,109.0,1.0,209.0,0.0,0.0,0.0,0.0,0.0,0.0,2,0,0.0,0.0,0.0,67.13,96.56463414634146,7.26,3.0,4,0,2,1,0,0,0,0
1,0,1,0,58.0,1,0,0,0,1,0,0,0,0,50.3,0.0,0.0,0.0,365.0,0.0,0.0,0.0,0.0,0.0,0.0,1,0,0.0,0.0,0.0,55.43,49.630172413793105,-7.76,0.0,1,0,1,0,0,1,0,0
0,0,0,0,47.0,1,0,0,0,0,0,0,0,1,20.55,0.0,0.0,0.0,365.0,0.0,0.0,0.0,0.0,0.0,0.0,3,1,0.33,3.68,11.05,76.26,20.121276595744682,-0.52,0.0,0,1,2,0,1,0,0,1
1,0,0,0,18.0,1,0,0,0,0,1,0,0,1,75.9,5.0,284.0,1.0,320.0,0.0,0.0,0.0,0.0,0.0,0.0,2,0,0.0,0.0,0.0,72.58,76.28055555555555,-15.64,5.0,1,1,0,1,0,0,0,0
1,0,0,0,5.0,1,0,0,0,1,0,1,1,0,96.5,0.0,0.0,0.0,365.0,0.0,0.0,0.0,0.0,0.0,0.0,1,0,0.0,0.0,0.0,112.93,98.51,4.96,0.0,3,2,0,1,0,0,0,0
1,0,1,0,23.0,1,0,1,0,0,0,0,1,1,59.95,0.0,0.0,0.0,365.0,0.0,0.0,0.0,0.0,0.0,0.0,1,0,0.0,0.0,0.0,86.87,61.130434782608695,1.89,0.0,2,1,0,0,0,0,0,0
0,0,0,0,1.0,1,0,0,0,0,0,0,0,0,19.15,0.0,0.0,0.0,365.0,0.0,0.0,0.0,0.0,0.0,0.0,2,0,0.0,0.0,0.0,105.23,19.15,-1.92,0.0,0,2,0,0,1,0,0,1
1,0,1,0,71.0,1,1,0,0,1,0,1,1,1,98.65,0.0,0.0,0.0,365.0,1.0,87.5,87.5,0.0,1.0,0.0,3,1,0.33,2.7,8.1,33.23,98.06830985915494,7.11,0.0,3,1,1,1,0,1,0,0
1,0,1,1,72.0,1,1,1,1,1,1,1,1,1,112.6,4.0,183.0,1.0,263.0,0.0,0.0,0.0,0.0,0.0,0.0,1,0,0.0,0.0,0.0,73.8,112.87013888888889,21.06,4.0,6,0,2,1,0,1,0,0
1,0,1,1,33.0,1,0,0,0,0,0,0,0,0,20.6,3.0,241.0,1.0,183.0,0.0,0.0,0.0,0.0,0.0,0.0,1,0,0.0,0.0,0.0,33.22,20.916666666666668,-0.47,3.0,0,0,1,0,1,0,0,1
1,0,0,0,2.0,1,1,0,0,0,0,1,0,1,85.65,5.0,247.0,1.0,290.0,0.0,0.0,0.0,0.0,0.0,0.0,1,0,0.0,0.0,0.0,28.06,90.75,-5.89,5.0,1,2,0,1,0,0,1,0
1,0,0,1,24.0,0,0,1,0,0,1,0,0,0,35.75,0.0,0.0,0.0,365.0,0.0,0.0,0.0,0.0,0.0,0.0,3,0,0.0,0.0,0.0,76.68,34.61666666666667,-22.31,0.0,2,0,2,0,0,0,0,1
0,0,1,1,56.0,1,1,0,1,1,1,0,1,1,99.75,10.0,221.0,1.0,123.0,1.0,7.0,7.0,1.0,0.0,1.0,1,0,0.0,0.0,0.0,88.91,100.14999999999999,8.21,10.0,4,0,1,1,0,1,0,0
1,0,0,0,37.0,1,0,0,1,0,0,1,1,1,96.1,3.0,115.0,1.0,193.0,0.0,0.0,0.0,0.0,0.0,0.0,1,0,0.0,0.0,0.0,35.59,98.56216216216217,4.56,3.0,3,1,0,1,0,1,0,0
0,0,0,0,43.0,1,1,0,1,1,1,1,1,0,85.1,5.0,39.0,1.0,89.0,0.0,0.0,0.0,0.0,0.0,0.0,1,0,0.0,0.0,0.0,28.58,85.1686046511628,27.04,5.0,5,0,1,0,0,1,0,0
1,0,0,0,1.0,0,0,0,0,0,0,0,0,0,25.35,2.0,263.0,1.0,183.0,0.0,0.0,0.0,0.0,0.0,0.0,2,0,0.0,0.0,0.0,89.08,25.35,-32.71,2.0,0,2,0,0,0,0,0,1
0,0,1,0,25.0,1,1,0,0,1,1,1,1,1,104.95,0.0,0.0,0.0,365.0,0.0,0.0,0.0,0.0,0.0,0.0,1,0,0.0,0.0,0.0,102.76,102.66,13.41,0.0,4,1,0,1,0,0,0,0
0,0,0,0,61.0,1,1,1,1,1,1,1,1,0,89.65,0.0,0.0,0.0,365.0,0.0,0.0,0.0,0.0,0.0,0.0,2,1,0.5,4.35,8.7,50.07,87.02786885245901,31.59,0.0,6,1,2,0,0,0,1,0
1,0,0,0,17.0,1,1,0,0,1,1,0,0,0,86.75,0.0,0.0,0.0,365.0,0.0,0.0,0.0,0.0,0.0,0.0,3,0,0.0,0.0,0.0,58.28,82.95588235294117,-4.79,0.0,2,0,1,1,0,0,1,0
0,0,1,0,41.0,1,0,0,1,1,1,0,0,1,86.2,0.0,0.0,0.0,365.0,0.0,0.0,0.0,0.0,0.0,0.0,2,0,0.0,0.0,0.0,50.72,81.44024390243902,-5.34,0.0,3,0,1,1,0,0,0,0
1,0,0,0,1.0,1,0,0,1,0,0,0,0,0,50.65,0.0,0.0,0.0,365.0,0.0,0.0,0.0,0.0,0.0,0.0,3,0,0.0,0.0,0.0,39.73,50.65,-7.41,0.0,1,2,0,0,0,0,0,1
1,1,1,1,72.0,0,0,1,1,1,1,1,1,1,64.8,0.0,0.0,0.0,365.0,0.0,0.0,0.0,0.0,0.0,0.0,1,1,1.0,9.24,9.24,104.53,65.72708333333334,6.74,0.0,6,1,2,0,0,0,0,0
1,0,0,0,1.0,1,1,0,1,0,0,0,1,1,90.85,4.0,185.0,1.0,305.0,0.0,0.0,0.0,0.0,0.0,0.0,3,1,0.33,4.26,12.79,56.78,90.85,-0.69,4.0,2,3,0,1,0,1,0,0
1,0,0,0,48.0,1,1,0,1,1,0,1,1,1,108.1,0.0,0.0,0.0,365.0,0.0,0.0,0.0,0.0,0.0,0.0,1,0,0.0,0.0,0.0,31.81,105.57187499999999,16.56,0.0,4,0,2,1,0,0,0,0
1,1,1,0,11.0,1,0,0,0,0,0,0,0,0,19.95,0.0,0.0,0.0,365.0,0.0,0.0,0.0,0.0,0.0,0.0,2,0,0.0,0.0,0.0,98.56,19.522727272727273,-1.12,0.0,0,2,0,0,1,0,0,1
0,1,1,0,55.0,1,1,0,1,1,0,0,0,1,85.45,8.0,187.0,1.0,13.0,0.0,0.0,0.0,0.0,0.0,0.0,2,0,0.0,0.0,0.0,69.38,88.63090909090909,-6.09,8.0,2,1,0,1,0,0,1,0
0,0,0,0,42.0,0,0,1,1,1,1,0,1,1,54.75,0.0,0.0,0.0,365.0,0.0,0.0,0.0,0.0,0.0,0.0,1,0,0.0,0.0,0.0,56.53,55.915476190476184,-3.31,0.0,5,0,1,0,0,0,1,0
1,0,0,0,44.0,1,1,0,0,1,0,0,1,1,90.4,5.0,177.0,1.0,341.0,0.0,0.0,0.0,0.0,0.0,0.0,3,0,0.0,0.0,0.0,78.07,92.3409090909091,-1.14,5.0,2,1,0,1,0,0,0,1
1,0,0,1,1.0,1,0,0,0,0,0,0,0,0,44.0,4.0,113.0,1.0,55.0,0.0,0.0,0.0,0.0,0.0,0.0,2,0,0.0,0.0,0.0,67.38,44.0,-14.06,4.0,0,2,0,0,0,0,1,0
0,0,0,0,27.0,1,1,0,0,0,0,1,1,1,95.6,0.0,0.0,0.0,365.0,1.0,22.3,22.3,0.0,1.0,0.0,1,1,1.0,9.11,9.11,71.57,96.12037037037037,4.06,0.0,2,2,0,1,0,0,0,0
1,1,1,0,27.0,1,1,0,1,1,1,1,1,1,84.8,5.0,28.0,1.0,261.0,0.0,0.0,0.0,0.0,0.0,0.0,3,1,0.33,3.62,10.86,53.99,85.53888888888889,26.74,5.0,5,2,0,0,0,0,0,0
0,1,0,0,2.0,1,0,0,0,0,0,0,0,1,44.3,0.0,0.0,0.0,365.0,0.0,0.0,0.0,0.0,0.0,0.0,1,0,0.0,0.0,0.0,46.44,44.65,-13.76,0.0,0,2,0,0,0,0,1,0
0,0,0,0,12.0,1,0,0,0,0,0,0,0,0,19.9,18.0,213.33333333333331,3.0,129.0,0.0,0.0,0.0,0.0,0.0,0.0,2,0,0.0,0.0,0.0,62.17,30.629166666666666,-1.17,6.0,0,1,0,0,1,0,0,1
0,1,1,0,42.0,1,1,0,0,0,0,1,1,1,95.05,0.0,0.0,0.0,365.0,0.0,0.0,0.0,0.0,0.0,0.0,3,0,0.0,0.0,0.0,89.36,93.91666666666667,3.51,0.0,2,1,0,1,0,0,1,0
0,0,0,0,66.0,1,1,1,1,1,1,1,1,1,90.05,0.0,0.0,0.0,365.0,0.0,0.0,0.0,0.0,0.0,0.0,1,0,0.0,0.0,0.0,118.31,90.39318181818182,31.99,0.0,6,0,2,0,0,1,0,0
1,1,1,0,33.0,1,1,1,0,1,1,1,1,1,109.9,0.0,0.0,0.0,365.0,0.0,0.0,0.0,0.0,0.0,0.0,1,0,0.0,0.0,0.0,98.99,111.96060606060605,18.36,0.0,5,1,0,1,0,0,0,0
0,0,0,0,34.0,1,0,0,1,0,0,0,0,1,73.95,0.0,0.0,0.0,365.0,0.0,0.0,0.0,0.0,0.0,0.0,3,0,0.0,0.0,0.0,81.82,74.24852941176471,-17.59,0.0,1,1,0,1,0,1,0,0
1,1,0,0,33.0,0,0,0,0,1,1,1,1,1,54.6,0.0,0.0,0.0,365.0,0.0,0.0,0.0,0.0,0.0,0.0,1,0,0.0,0.0,0.0,48.16,54.657575757575756,-3.46,0.0,4,1,0,0,0,0,1,0
0,0,1,1,23.0,1,0,0,0,0,0,0,0,0,20.15,0.0,0.0,0.0,365.0,0.0,0.0,0.0,0.0,0.0,0.0,2,1,0.5,8.87,17.74,63.98,18.047826086956523,-0.92,0.0,0,1,1,0,1,0,0,1
0,0,0,0,32.0,1,0,0,0,0,0,0,0,0,19.75,0.0,0.0,0.0,365.0,1.0,11.3,11.3,0.0,0.0,0.0,3,1,0.33,6.85,20.55,64.93,19.5046875,-1.32,0.0,0,1,1,0,1,0,0,0
0,0,0,0,11.0,1,0,0,0,0,0,0,0,0,20.05,0.0,0.0,0.0,365.0,0.0,0.0,0.0,0.0,0.0,0.0,2,0,0.0,0.0,0.0,85.58,21.60909090909091,-1.02,0.0,0,1,1,0,1,1,0,0
1,0,1,1,69.0,1,1,0,0,1,0,1,1,1,99.45,0.0,0.0,0.0,365.0,0.0,0.0,0.0,0.0,0.0,0.0,2,0,0.0,0.0,0.0,66.56,101.55942028985508,7.91,0.0,3,1,0,1,0,1,0,0
0,0,1,0,68.0,1,0,1,0,0,1,0,0,0,55.9,0.0,0.0,0.0,365.0,1.0,11.1,11.1,1.0,0.0,1.0,3,0,0.0,0.0,0.0,81.67,56.6,-2.16,0.0,2,0,1,0,0,0,0,0
1,0,0,0,20.0,1,0,0,0,0,0,0,0,1,19.7,0.0,0.0,0.0,365.0,0.0,0.0,0.0,0.0,0.0,0.0,2,0,0.0,0.0,0.0,87.48,20.97,-1.37,0.0,0,0,2,0,1,0,0,1
1,0,0,0,72.0,1,0,0,0,0,0,0,0,1,19.8,0.0,0.0,0.0,365.0,0.0,0.0,0.0,0.0,0.0,0.0,3,0,0.0,0.0,0.0,88.74,20.399305555555557,-1.27,0.0,0,0,2,0,1,1,0,0
1,0,1,1,60.0,1,1,1,0,1,0,1,0,1,95.4,0.0,0.0,0.0,365.0,0.0,0.0,0.0,0.0,0.0,0.0,2,0,0.0,0.0,0.0,47.28,96.86666666666666,3.86,0.0,3,0,1,1,0,0,0,0
1,1,1,1,32.0,1,0,0,1,0,0,1,1,1,93.95,5.0,139.0,1.0,68.0,1.0,49.3,49.3,0.0,0.0,0.0,1,0,0.0,0.0,0.0,92.37,89.4203125,2.41,5.0,3,1,0,1,0,0,0,1
0,0,0,0,12.0,1,0,0,0,0,0,0,0,1,19.9,5.0,131.0,1.0,287.0,0.0,0.0,0.0,0.0,0.0,0.0,1,1,1.0,15.29,15.29,48.84,1.6583333333333332,-1.17,5.0,0,2,0,0,1,0,0,1
1,0,0,0,1.0,1,0,0,0,0,0,0,0,1,19.6,0.0,0.0,0.0,365.0,0.0,0.0,0.0,0.0,0.0,0.0,2,0,0.0,0.0,0.0,37.55,19.6,-1.47,0.0,0,2,0,0,1,0,0,1
1,1,0,0,3.0,1,1,0,1,0,0,0,0,1,81.35,0.0,0.0,0.0,365.0,0.0,0.0,0.0,0.0,0.0,0.0,3,0,0.0,0.0,0.0,43.84,77.89999999999999,-10.19,0.0,1,2,0,1,0,0,1,0
0,0,1,0,46.0,1,1,0,0,0,0,0,0,1,24.45,6.0,279.0,1.0,44.0,0.0,0.0,0.0,0.0,0.0,0.0,2,1,0.5,8.6,17.21,73.81,23.17717391304348,3.38,6.0,0,1,1,0,1,0,0,0
0,0,1,0,29.0,1,1,0,0,0,0,0,0,1,74.95,0.0,0.0,0.0,365.0,1.0,39.0,39.0,0.0,1.0,0.0,1,0,0.0,0.0,0.0,35.19,74.10517241379311,-16.59,0.0,0,1,0,1,0,0,1,0
1,0,0,0,51.0,1,1,0,1,1,1,0,0,1,87.35,0.0,0.0,0.0,365.0,0.0,0.0,0.0,0.0,0.0,0.0,2,0,0.0,0.0,0.0,67.72,87.70588235294117,-4.19,0.0,3,1,0,1,0,0,1,0
0,1,1,0,48.0,1,0,0,0,0,0,0,0,1,70.65,0.0,0.0,0.0,365.0,0.0,0.0,0.0,0.0,0.0,0.0,2,1,0.5,5.43,10.86,52.29,73.85520833333334,-20.89,0.0,0,2,0,1,0,0,0,0
0,0,1,1,16.0,1,0,0,1,0,0,0,0,0,73.25,9.0,106.0,1.0,358.0,0.0,0.0,0.0,0.0,0.0,0.0,3,0,0.0,0.0,0.0,70.94,74.734375,-18.29,9.0,1,1,0,1,0,0,0,0
1,0,1,0,70.0,1,1,0,1,1,1,0,1,1,98.7,4.0,184.0,1.0,20.0,0.0,0.0,0.0,0.0,0.0,0.0,3,1,0.33,8.56,25.68,97.02,97.9842857142857,7.16,4.0,4,1,2,1,0,0,0,0
0,0,1,1,40.0,1,1,0,0,0,0,0,0,1,24.8,0.0,0.0,0.0,365.0,0.0,0.0,0.0,0.0,0.0,0.0,2,0,0.0,0.0,0.0,73.78,25.6175,3.73,0.0,0,0,2,0,1,0,0,1
0,0,1,1,22.0,1,0,0,1,0,0,0,1,0,83.3,3.0,111.0,1.0,235.0,0.0,0.0,0.0,0.0,0.0,0.0,3,0,0.0,0.0,0.0,56.13,83.90454545454546,-8.24,3.0,2,1,0,1,0,0,1,0
0,1,0,0,1.0,1,0,0,0,1,0,0,0,1,75.3,2.0,246.0,1.0,106.0,0.0,0.0,0.0,0.0,0.0,0.0,3,1,0.33,12.03,36.08,106.29,75.3,-16.24,2.0,1,3,0,1,0,0,0,0
0,0,1,1,5.0,1,1,0,0,0,0,0,0,1,24.3,0.0,0.0,0.0,365.0,1.0,23.2,23.2,1.0,0.0,1.0,3,0,0.0,0.0,0.0,72.11,26.45,3.23,0.0,0,2,0,0,1,0,0,1
0,0,0,0,7.0,1,0,0,0,0,0,0,0,1,69.85,0.0,0.0,0.0,365.0,0.0,0.0,0.0,0.0,0.0,0.0,2,0,0.0,0.0,0.0,63.25,73.63571428571429,-21.69,0.0,0,2,0,1,0,0,0,0
1,0,0,1,29.0,1,1,0,1,1,1,0,1,0,100.55,0.0,0.0,0.0,365.0,0.0,0.0,0.0,0.0,0.0,0.0,2,0,0.0,0.0,0.0,69.69,97.60172413793103,9.01,0.0,4,0,1,1,0,1,0,0
1,0,1,1,44.0,1,1,0,0,0,0,0,0,0,20.15,0.0,0.0,0.0,365.0,1.0,14.8,14.8,0.0,0.0,0.0,2,0,0.0,0.0,0.0,114.55,25.238636363636363,-0.92,0.0,0,0,1,0,1,0,0,1
0,0,0,0,10.0,0,0,1,1,1,0,0,0,0,40.7,7.0,257.0,2.0,240.0,0.0,0.0,0.0,0.0,0.0,0.0,3,1,0.33,4.95,14.86,48.86,44.93,-17.36,3.5,3,3,0,0,0,0,0,0
0,1,1,0,55.0,1,1,0,0,0,0,0,0,0,51.65,0.0,0.0,0.0,365.0,1.0,0.0,0.0,1.0,0.0,1.0,3,0,0.0,0.0,0.0,54.52,51.61000000000001,-6.41,0.0,0,1,0,0,0,0,0,0
1,1,1,0,52.0,1,1,0,1,1,0,1,1,1,105.1,0.0,0.0,0.0,365.0,0.0,0.0,0.0,0.0,0.0,0.0,3,1,0.33,2.02,6.05,61.82,103.39230769230768,13.56,0.0,4,1,1,1,0,0,0,0
0,0,1,1,10.0,1,1,0,0,0,0,0,1,0,85.95,4.0,221.0,1.0,210.0,0.0,0.0,0.0,0.0,0.0,0.0,2,0,0.0,0.0,0.0,68.34,85.86,-5.59,4.0,1,2,0,1,0,0,1,0
1,0,0,0,18.0,1,1,0,0,0,0,0,0,1,75.6,0.0,0.0,0.0,365.0,0.0,0.0,0.0,0.0,0.0,0.0,2,0,0.0,0.0,0.0,30.82,77.50277777777778,-15.94,0.0,0,1,0,1,0,0,0,0
0,0,1,0,44.0,1,1,1,0,0,1,0,0,0,58.25,11.0,213.0,2.0,176.0,0.0,0.0,0.0,0.0,0.0,0.0,3,0,0.0,0.0,0.0,91.14,90.35681818181818,0.19,5.5,2,0,1,0,0,0,0,0
0,0,1,1,61.0,1,0,0,0,0,0,0,0,1,19.4,0.0,0.0,0.0,365.0,0.0,0.0,0.0,0.0,0.0,0.0,2,1,0.5,6.9,13.81,70.42,19.38606557377049,-1.67,0.0,0,2,0,0,1,0,0,1
0,0,1,1,72.0,0,0,1,1,1,1,1,1,1,65.2,6.0,209.0,1.0,232.0,0.0,0.0,0.0,0.0,0.0,0.0,1,0,0.0,0.0,0.0,30.63,66.45069444444444,7.14,6.0,6,0,2,0,0,1,0,0
1,0,0,0,2.0,1,0,1,0,1,0,0,0,0,53.45,0.0,0.0,0.0,365.0,1.0,33.1,33.1,0.0,1.0,0.0,1,0,0.0,0.0,0.0,100.92,59.75,-4.61,0.0,2,2,0,0,0,0,1,0
1,0,0,0,12.0,1,0,0,0,0,0,0,0,1,45.4,1.0,200.0,1.0,257.0,0.0,0.0,0.0,0.0,0.0,0.0,2,0,0.0,0.0,0.0,51.78,43.24166666666667,-12.66,1.0,0,1,0,0,0,0,0,0
1,0,1,0,41.0,1,0,0,0,0,0,0,0,1,19.75,7.0,112.0,1.0,296.0,0.0,0.0,0.0,0.0,0.0,0.0,3,0,0.0,0.0,0.0,79.84,21.93780487804878,-1.32,7.0,0,0,2,0,1,0,1,0
0,0,0,0,12.0,0,0,0,0,1,1,1,0,1,44.45,0.0,0.0,0.0,365.0,0.0,0.0,0.0,0.0,0.0,0.0,3,1,0.33,11.24,33.71,74.58,98.64999999999999,-13.61,0.0,3,2,0,0,0,1,0,0
1,0,1,0,36.0,1,0,0,0,0,0,0,0,0,20.85,0.0,0.0,0.0,365.0,0.0,0.0,0.0,0.0,0.0,0.0,2,1,0.5,18.97,37.94,85.9,20.001388888888886,-0.22,0.0,0,1,1,0,1,0,0,0
1,0,1,1,64.0,1,1,1,1,1,1,1,1,1,114.05,0.0,0.0,0.0,365.0,0.0,0.0,0.0,0.0,0.0,0.0,1,0,0.0,0.0,0.0,98.97,132.315625,22.51,0.0,6,0,2,1,0,1,0,0
1,0,1,0,35.0,1,1,0,0,0,1,0,1,1,89.85,0.0,0.0,0.0,365.0,0.0,0.0,0.0,0.0,0.0,0.0,3,1,0.33,11.69,35.06,75.66,90.32,-1.69,0.0,2,2,0,1,0,0,0,0
1,0,0,0,1.0,1,0,0,0,1,1,0,0,0,55.05,0.0,0.0,0.0,365.0,0.0,0.0,0.0,0.0,0.0,0.0,3,0,0.0,0.0,0.0,54.85,55.05,-3.01,0.0,2,2,0,0,0,0,0,1
0,0,1,1,16.0,1,1,1,0,1,1,1,1,1,112.95,0.0,0.0,0.0,365.0,1.0,28.2,28.2,0.0,1.0,0.0,3,1,0.33,9.06,27.19,58.75,117.659375,21.41,0.0,5,2,0,1,0,0,1,0
0,1,0,0,49.0,1,1,1,0,0,0,1,1,0,101.55,0.0,0.0,0.0,365.0,0.0,0.0,0.0,0.0,0.0,0.0,3,1,0.33,2.17,6.5,77.91,103.47755102040816,10.01,0.0,3,2,0,1,0,1,0,0
0,0,1,0,54.0,1,1,1,1,1,1,1,1,1,114.65,0.0,0.0,0.0,365.0,0.0,0.0,0.0,0.0,0.0,0.0,1,0,0.0,0.0,0.0,89.05,112.02777777777777,23.11,0.0,6,0,1,1,0,0,0,1
0,0,0,1,18.0,1,1,1,0,0,0,0,1,0,64.8,0.0,0.0,0.0,365.0,0.0,0.0,0.0,0.0,0.0,0.0,2,0,0.0,0.0,0.0,49.3,64.81666666666666,6.74,0.0,2,1,0,0,0,0,1,0
0,0,1,0,36.0,1,0,0,0,0,0,0,1,0,80.4,0.0,0.0,0.0,365.0,0.0,0.0,0.0,0.0,0.0,0.0,3,0,0.0,0.0,0.0,71.04,81.60138888888889,-11.14,0.0,1,1,0,1,0,0,1,0
0,0,0,0,60.0,1,1,0,1,1,0,1,1,1,105.9,0.0,0.0,0.0,365.0,0.0,0.0,0.0,0.0,0.0,0.0,2,0,0.0,0.0,0.0,79.16,106.6075,14.36,0.0,4,1,0,1,0,0,1,0
0,0,0,0,1.0,1,0,0,0,0,0,0,0,0,69.55,5.0,37.0,1.0,164.0,0.0,0.0,0.0,0.0,0.0,0.0,3,0,0.0,0.0,0.0,81.63,69.55,-21.99,5.0,0,2,0,1,0,0,0,1
0,0,1,1,52.0,1,1,0,0,0,0,0,0,1,25.05,0.0,0.0,0.0,365.0,0.0,0.0,0.0,0.0,0.0,0.0,2,0,0.0,0.0,0.0,68.44,24.427884615384617,3.98,0.0,0,0,2,0,1,0,0,0
1,0,1,1,8.0,1,0,0,0,1,0,1,1,1,94.75,2.0,48.0,1.0,53.0,0.0,0.0,0.0,0.0,0.0,0.0,1,0,0.0,0.0,0.0,59.5,94.94375,3.21,2.0,3,2,0,1,0,0,1,0
1,0,1,1,72.0,1,0,1,1,0,1,1,1,0,105.5,0.0,0.0,0.0,365.0,1.0,9.0,9.0,0.0,0.0,0.0,3,0,0.0,0.0,0.0,103.34,105.71597222222222,13.96,0.0,5,0,2,1,0,0,0,0
0,0,0,0,64.0,1,1,0,0,0,0,0,0,0,24.7,0.0,0.0,0.0,365.0,0.0,0.0,0.0,0.0,0.0,0.0,1,0,0.0,0.0,0.0,66.28,25.66796875,3.63,0.0,0,0,1,0,1,0,0,1
0,1,0,0,22.0,1,0,1,0,1,1,0,1,1,69.75,4.0,73.0,1.0,206.0,0.0,0.0,0.0,0.0,0.0,0.0,3,2,0.67,15.58,41.87,69.01,70.24545454545455,11.69,4.0,4,2,0,0,0,0,0,1
1,0,1,0,60.0,0,0,0,1,1,1,1,1,1,60.2,7.0,184.0,1.0,344.0,0.0,0.0,0.0,0.0,0.0,0.0,1,1,1.0,18.76,18.76,37.79,59.70666666666667,2.14,7.0,5,2,0,0,0,0,0,0
0,0,1,1,28.0,1,0,0,0,0,0,0,1,1,81.05,3.0,164.0,1.0,234.0,0.0,0.0,0.0,0.0,0.0,0.0,1,0,0.0,0.0,0.0,58.07,79.53928571428571,-10.49,3.0,1,1,0,1,0,0,1,0
0,0,1,0,61.0,1,1,0,0,0,0,0,0,0,24.4,5.0,82.0,1.0,162.0,0.0,0.0,0.0,0.0,0.0,0.0,3,2,0.67,14.08,30.04,62.4,23.24426229508197,3.33,5.0,0,1,2,0,1,0,0,1
0,0,0,0,24.0,1,1,0,1,1,0,1,1,1,91.75,0.0,0.0,0.0,365.0,0.0,0.0,0.0,0.0,0.0,0.0,2,1,0.5,9.93,19.86,78.09,103.94375000000001,0.21,0.0,4,2,0,1,0,0,1,0
1,0,1,1,28.0,1,0,0,1,1,1,1,0,0,92.9,3.0,226.0,1.0,73.0,0.0,0.0,0.0,0.0,0.0,0.0,3,0,0.0,0.0,0.0,78.32,98.86964285714285,1.36,3.0,4,0,1,1,0,0,0,0
0,0,1,1,30.0,1,0,0,1,1,1,1,1,0,80.8,8.0,91.0,1.0,238.0,1.0,9.7,9.7,1.0,0.0,1.0,2,0,0.0,0.0,0.0,54.34,78.97666666666667,22.74,8.0,5,0,2,0,0,0,0,0
1,0,1,0,2.0,1,0,0,0,0,0,0,0,0,20.0,0.0,0.0,0.0,365.0,0.0,0.0,0.0,0.0,0.0,0.0,1,0,0.0,0.0,0.0,33.51,19.0,-1.07,0.0,0,2,0,0,1,0,0,1
1,0,0,0,1.0,1,1,0,0,0,0,0,0,1,75.1,0.0,0.0,0.0,365.0,0.0,0.0,0.0,0.0,0.0,0.0,2,1,0.5,4.88,9.76,73.06,75.1,-16.44,0.0,0,3,0,1,0,0,1,0
1,0,0,1,6.0,1,0,0,0,0,0,0,0,0,19.65,5.0,48.0,1.0,113.0,0.0,0.0,0.0,0.0,0.0,0.0,1,0,0.0,0.0,0.0,103.45,16.816666666666666,-1.42,5.0,0,2,0,0,1,0,0,1
0,0,1,0,24.0,1,0,0,1,0,0,1,1,1,69.45,0.0,0.0,0.0,365.0,0.0,0.0,0.0,0.0,0.0,0.0,3,2,0.67,11.22,31.99,71.29,67.25208333333333,11.39,0.0,3,2,0,0,0,0,0,0
1,0,1,1,4.0,1,1,0,0,1,0,1,1,0,101.15,0.0,0.0,0.0,365.0,0.0,0.0,0.0,0.0,0.0,0.0,1,1,1.0,13.81,13.81,32.81,96.475,9.61,0.0,3,3,0,1,0,0,1,0
1,0,0,0,7.0,1,1,0,1,0,0,1,1,1,99.8,0.0,0.0,0.0,365.0,0.0,0.0,0.0,0.0,0.0,0.0,1,0,0.0,0.0,0.0,50.69,96.17857142857143,8.26,0.0,3,2,0,1,0,0,1,0
1,1,1,0,72.0,1,1,1,1,1,1,1,1,1,116.05,0.0,0.0,0.0,365.0,0.0,0.0,0.0,0.0,0.0,0.0,1,0,0.0,0.0,0.0,92.67,116.73472222222222,24.51,0.0,6,0,2,1,0,0,0,0
1,0,0,0,70.0,0,0,0,0,0,1,0,1,1,40.05,8.0,194.0,1.0,314.0,0.0,0.0,0.0,0.0,0.0,0.0,2,0,0.0,0.0,0.0,76.88,39.996428571428574,-18.01,8.0,2,0,2,0,0,0,0,1
1,1,1,0,64.0,1,1,0,0,1,1,1,1,0,102.1,3.0,248.0,1.0,154.0,1.0,57.9,57.9,0.0,0.0,0.0,3,2,0.67,17.82,42.98,62.85,102.16328125,10.56,3.0,4,1,2,1,0,0,1,0
1,0,1,1,72.0,1,1,0,1,0,0,1,0,1,89.7,0.0,0.0,0.0,365.0,0.0,0.0,0.0,0.0,0.0,0.0,3,1,0.33,5.15,15.46,90.43,91.51319444444444,-1.84,0.0,2,1,1,1,0,0,1,0
0,0,0,1,64.0,1,0,0,0,0,0,0,0,0,19.9,0.0,0.0,0.0,365.0,0.0,0.0,0.0,0.0,0.0,0.0,3,1,0.33,5.96,17.88,89.67,13.5640625,-1.17,0.0,0,1,2,0,1,0,0,1
0,0,1,1,13.0,1,0,0,0,0,0,0,1,0,55.95,0.0,0.0,0.0,365.0,0.0,0.0,0.0,0.0,0.0,0.0,1,0,0.0,0.0,0.0,49.21,56.48846153846154,-2.11,0.0,1,1,0,0,0,0,1,0
0,1,0,0,17.0,1,0,0,0,0,0,0,0,0,20.65,7.0,50.0,1.0,21.0,0.0,0.0,0.0,0.0,0.0,0.0,2,0,0.0,0.0,0.0,72.76,19.447058823529414,-0.42,7.0,0,0,1,0,1,0,0,1
1,0,0,0,1.0,1,0,0,0,0,0,0,1,1,55.0,0.0,0.0,0.0,365.0,0.0,0.0,0.0,0.0,0.0,0.0,2,1,0.5,2.84,5.69,63.88,55.0,-3.06,0.0,1,3,0,0,0,0,1,0
1,0,1,0,12.0,1,0,0,0,1,0,1,1,1,70.05,0.0,0.0,0.0,365.0,0.0,0.0,0.0,0.0,0.0,0.0,3,2,0.67,16.8,43.43,84.9,47.03333333333333,11.99,0.0,3,2,0,0,0,0,0,1
1,0,1,0,12.0,1,0,1,0,0,1,0,0,0,53.6,0.0,0.0,0.0,365.0,1.0,14.3,14.3,0.0,1.0,0.0,3,0,0.0,0.0,0.0,92.66,109.6125,-4.46,0.0,2,1,0,0,0,0,0,1
0,0,1,1,1.0,1,0,0,1,0,0,0,0,1,74.7,0.0,0.0,0.0,365.0,0.0,0.0,0.0,0.0,0.0,0.0,2,0,0.0,0.0,0.0,30.15,74.7,-16.84,0.0,1,2,0,1,0,0,1,0
1,0,0,0,24.0,1,1,0,1,0,0,0,0,1,80.25,4.0,87.0,1.0,94.0,0.0,0.0,0.0,0.0,0.0,0.0,2,0,0.0,0.0,0.0,89.15,77.5625,-11.29,4.0,1,1,0,1,0,0,1,0
1,1,1,1,35.0,1,0,0,1,0,1,1,1,1,76.05,0.0,0.0,0.0,365.0,0.0,0.0,0.0,0.0,0.0,0.0,1,0,0.0,0.0,0.0,65.09,78.49142857142857,17.99,0.0,4,1,0,0,0,0,1,0
0,0,1,1,7.0,1,0,1,1,1,1,1,0,1,75.7,0.0,0.0,0.0,365.0,0.0,0.0,0.0,0.0,0.0,0.0,1,1,1.0,5.6,5.6,64.43,79.14999999999999,17.64,0.0,5,3,0,0,0,0,1,0
1,0,0,0,5.0,1,0,0,0,0,1,1,1,1,96.1,0.0,0.0,0.0,365.0,0.0,0.0,0.0,0.0,0.0,0.0,2,1,0.5,11.65,23.3,67.31,90.67999999999999,4.56,0.0,3,3,0,1,0,0,1,0
0,0,0,1,15.0,1,0,0,0,0,0,0,0,0,69.0,0.0,0.0,0.0,365.0,0.0,0.0,0.0,0.0,0.0,0.0,1,0,0.0,0.0,0.0,66.09,66.32,-22.54,0.0,0,1,0,1,0,0,0,0
1,0,1,1,11.0,1,0,0,0,0,0,0,0,0,19.65,0.0,0.0,0.0,365.0,0.0,0.0,0.0,0.0,0.0,0.0,1,0,0.0,0.0,0.0,77.57,20.522727272727273,-1.42,0.0,0,1,2,0,1,0,0,1
0,0,1,0,48.0,0,0,1,0,1,0,0,1,1,45.3,4.0,120.0,1.0,330.0,0.0,0.0,0.0,0.0,0.0,0.0,2,0,0.0,0.0,0.0,59.88,44.6875,-12.76,4.0,3,1,0,0,0,0,0,0
0,1,0,0,20.0,1,0,0,0,0,0,0,1,1,81.45,0.0,0.0,0.0,365.0,0.0,0.0,0.0,0.0,0.0,0.0,3,0,0.0,0.0,0.0,69.86,83.58,-10.09,0.0,1,1,0,1,0,0,1,0
0,0,1,0,72.0,1,1,0,1,1,1,1,1,1,108.5,0.0,0.0,0.0,365.0,1.0,25.1,25.1,1.0,0.0,1.0,2,0,0.0,0.0,0.0,71.32,111.16388888888889,16.96,0.0,5,0,1,1,0,0,0,0
0,0,1,1,8.0,1,0,0,1,0,0,1,0,1,83.55,9.0,209.5,2.0,69.0,0.0,0.0,0.0,0.0,0.0,0.0,1,0,0.0,0.0,0.0,26.52,85.00625,-7.99,4.5,2,2,0,1,0,0,1,0
1,0,1,1,72.0,1,1,0,0,0,0,0,1,1,84.5,0.0,0.0,0.0,365.0,0.0,0.0,0.0,0.0,0.0,0.0,2,1,0.5,5.47,10.94,76.84,85.15069444444445,-7.04,0.0,1,1,2,1,0,1,0,0
0,0,0,0,15.0,1,1,0,1,0,0,1,1,1,100.15,14.0,200.5,2.0,77.0,0.0,0.0,0.0,0.0,0.0,0.0,2,0,0.0,0.0,0.0,55.91,94.33333333333333,8.61,7.0,3,1,0,1,0,0,1,0
1,0,0,0,72.0,1,1,0,1,1,1,1,1,1,88.6,0.0,0.0,0.0,365.0,0.0,0.0,0.0,0.0,0.0,0.0,2,1,0.5,9.5,19.0,71.09,86.13819444444444,30.54,0.0,5,1,2,0,0,0,0,0
0,0,1,1,0.0,0,0,1,0,1,1,1,0,1,52.55,0.0,0.0,0.0,365.0,0.0,0.0,0.0,0.0,0.0,0.0,3,0,0.0,0.0,0.0,45.94,52.55,-5.51,0.0,4,1,2,0,0,0,0,0
1,0,0,1,1.0,1,1,0,0,0,0,0,0,1,74.35,6.0,169.0,1.0,223.0,0.0,0.0,0.0,0.0,0.0,0.0,3,0,0.0,0.0,0.0,63.26,74.35,-17.19,6.0,0,2,0,1,0,0,1,0
1,0,1,1,63.0,1,1,0,1,1,0,1,1,1,104.8,6.0,242.0,1.0,349.0,0.0,0.0,0.0,0.0,0.0,0.0,1,0,0.0,0.0,0.0,73.26,104.71825396825396,13.26,6.0,4,0,2,1,0,0,0,0
0,0,0,0,2.0,1,0,0,1,0,0,1,0,1,59.0,0.0,0.0,0.0,365.0,0.0,0.0,0.0,0.0,0.0,0.0,2,0,0.0,0.0,0.0,72.19,57.075,0.94,0.0,2,2,0,0,0,0,1,0
0,0,1,0,2.0,1,0,1,0,0,0,0,0,1,74.4,0.0,0.0,0.0,365.0,0.0,0.0,0.0,0.0,0.0,0.0,2,0,0.0,0.0,0.0,46.63,69.7,-17.14,0.0,1,2,0,1,0,0,1,0
1,1,1,0,61.0,1,1,0,1,0,0,0,1,0,64.05,0.0,0.0,0.0,365.0,0.0,0.0,0.0,0.0,0.0,0.0,2,0,0.0,0.0,0.0,25.15,63.97704918032787,5.99,0.0,2,0,1,0,0,0,0,0
1,0,0,0,1.0,1,0,0,0,0,0,0,0,0,20.4,0.0,0.0,0.0,365.0,0.0,0.0,0.0,0.0,0.0,0.0,1,0,0.0,0.0,0.0,37.72,20.4,-0.67,0.0,0,2,0,0,1,0,0,1
1,0,0,0,22.0,0,0,0,1,1,0,0,1,1,43.75,0.0,88.0,1.0,365.0,0.0,0.0,0.0,0.0,0.0,0.0,1,0,0.0,0.0,0.0,89.82,41.07272727272727,-14.31,0.0,3,0,1,0,0,0,0,0
1,0,1,0,28.0,1,0,1,1,0,1,0,0,0,60.9,0.0,0.0,0.0,365.0,0.0,0.0,0.0,0.0,0.0,0.0,2,1,0.5,3.88,7.75,44.24,63.77321428571429,2.84,0.0,3,2,0,0,0,0,0,1
0,0,1,0,70.0,1,0,0,0,0,0,0,0,0,19.8,13.0,135.33333333333334,3.0,48.0,0.0,0.0,0.0,0.0,0.0,0.0,3,0,0.0,0.0,0.0,53.01,19.966428571428573,-1.27,4.333,0,0,2,0,1,0,0,0
0,1,0,0,5.0,0,0,0,1,0,0,0,0,0,56.15,0.0,0.0,0.0,365.0,0.0,0.0,0.0,0.0,0.0,0.0,3,2,0.67,3.33,6.74,47.8,26.21,-1.91,0.0,1,3,0,0,0,0,1,0
0,0,0,0,12.0,1,1,1,1,1,0,0,1,1,99.7,0.0,0.0,0.0,365.0,0.0,0.0,0.0,0.0,0.0,0.0,3,1,0.33,4.61,13.84,64.4,103.20416666666667,8.16,0.0,4,2,0,1,0,0,0,0
1,0,0,0,34.0,1,1,1,1,1,1,1,1,0,116.25,8.0,147.0,1.0,116.0,0.0,0.0,0.0,0.0,0.0,0.0,1,0,0.0,0.0,0.0,87.32,114.6779411764706,24.71,8.0,6,0,1,1,0,1,0,0
0,1,1,0,71.0,1,1,1,0,0,0,0,0,1,80.7,0.0,0.0,0.0,365.0,1.0,66.6,66.6,1.0,0.0,1.0,2,0,0.0,0.0,0.0,98.52,79.94366197183099,-10.84,0.0,1,0,2,1,0,1,0,0
0,0,1,1,70.0,1,1,1,0,0,0,0,1,0,65.2,0.0,0.0,0.0,365.0,0.0,0.0,0.0,0.0,0.0,0.0,2,0,0.0,0.0,0.0,80.7,64.90214285714285,7.14,0.0,2,0,1,0,0,0,0,0
0,0,1,1,12.0,1,0,1,0,1,1,0,0,1,84.05,0.0,0.0,0.0,365.0,0.0,0.0,0.0,0.0,0.0,0.0,1,1,1.0,24.82,24.82,82.44,360.56666666666666,-7.49,0.0,3,2,0,1,0,0,0,0
1,0,0,1,69.0,1,1,1,1,1,1,1,0,1,79.45,0.0,0.0,0.0,365.0,0.0,0.0,0.0,0.0,0.0,0.0,2,2,1.0,8.96,11.91,40.0,79.74710144927536,21.39,0.0,5,1,2,0,0,1,0,0
0,1,0,0,20.0,1,1,0,1,1,0,0,1,1,94.1,0.0,0.0,0.0,365.0,0.0,0.0,0.0,0.0,0.0,0.0,1,0,0.0,0.0,0.0,98.73,89.12,2.56,0.0,3,1,0,1,0,0,1,0
1,0,0,1,11.0,1,1,0,0,1,0,0,0,1,78.0,0.0,0.0,0.0,365.0,1.0,53.5,53.5,0.0,1.0,0.0,1,0,0.0,0.0,0.0,43.88,77.43636363636364,-13.54,0.0,1,2,0,1,0,0,0,1
1,0,1,0,2.0,1,0,0,0,0,1,1,1,1,94.2,0.0,0.0,0.0,365.0,0.0,0.0,0.0,0.0,0.0,0.0,2,0,0.0,0.0,0.0,66.78,83.75,2.66,0.0,3,2,0,1,0,0,1,0
0,0,1,1,6.0,1,1,0,0,0,1,0,0,1,80.5,6.0,232.0,1.0,272.0,0.0,0.0,0.0,0.0,0.0,0.0,2,0,0.0,0.0,0.0,92.26,83.80833333333334,-11.04,6.0,1,2,0,1,0,0,1,0
0,0,0,0,1.0,1,0,0,0,0,0,0,0,0,19.85,0.0,0.0,0.0,365.0,0.0,0.0,0.0,0.0,0.0,0.0,2,0,0.0,0.0,0.0,40.32,19.85,-1.22,0.0,0,2,0,0,1,0,0,1
1,1,1,1,20.0,1,0,1,0,1,1,0,1,0,94.3,0.0,0.0,0.0,365.0,0.0,0.0,0.0,0.0,0.0,0.0,1,0,0.0,0.0,0.0,88.14,90.91499999999999,2.76,0.0,4,0,1,1,0,1,0,0
1,0,0,0,12.0,1,1,1,0,1,0,1,1,1,106.45,0.0,0.0,0.0,365.0,0.0,0.0,0.0,0.0,0.0,0.0,1,0,0.0,0.0,0.0,49.35,525.0124999999999,14.91,0.0,4,1,0,1,0,0,1,0
0,1,1,0,5.0,1,1,0,0,0,0,0,0,1,74.35,0.0,0.0,0.0,365.0,0.0,0.0,0.0,0.0,0.0,0.0,3,0,0.0,0.0,0.0,54.92,66.96000000000001,-17.19,0.0,0,2,0,1,0,0,1,0
0,0,0,0,56.0,1,1,0,1,0,1,1,1,1,105.45,0.0,0.0,0.0,365.0,0.0,0.0,0.0,0.0,0.0,0.0,1,0,0.0,0.0,0.0,106.22,105.65982142857142,13.91,0.0,4,1,0,1,0,0,0,0
1,0,0,0,30.0,1,1,1,1,1,1,0,0,1,95.0,11.0,283.0,1.0,85.0,0.0,0.0,0.0,0.0,0.0,0.0,3,0,0.0,0.0,0.0,83.08,95.08,3.46,11.0,4,1,0,1,0,1,0,0
1,0,0,0,40.0,1,1,0,0,1,1,1,1,0,104.8,0.0,0.0,0.0,365.0,0.0,0.0,0.0,0.0,0.0,0.0,2,0,0.0,0.0,0.0,71.54,103.29875,13.26,0.0,4,1,0,1,0,0,0,0
0,0,0,0,28.0,1,0,1,0,0,1,0,0,0,54.3,0.0,0.0,0.0,365.0,0.0,0.0,0.0,0.0,0.0,0.0,1,0,0.0,0.0,0.0,47.49,55.225,-3.76,0.0,2,0,1,0,0,0,0,1
0,1,1,0,5.0,1,0,0,0,0,0,0,0,0,70.05,0.0,0.0,0.0,365.0,1.0,48.1,48.1,1.0,0.0,1.0,3,0,0.0,0.0,0.0,55.45,60.52,-21.49,0.0,0,2,0,1,0,0,1,0
0,1,1,0,27.0,1,0,1,0,0,0,0,0,1,75.2,0.0,0.0,0.0,365.0,0.0,0.0,0.0,0.0,0.0,0.0,2,0,0.0,0.0,0.0,81.3,71.4574074074074,-16.34,0.0,1,1,0,1,0,0,0,0
1,0,0,0,12.0,1,0,0,0,0,0,0,0,0,20.05,0.0,0.0,0.0,365.0,0.0,0.0,0.0,0.0,0.0,0.0,2,1,0.5,7.91,15.82,72.09,22.120833333333334,-1.02,0.0,0,2,0,0,1,1,0,0
1,0,1,1,67.0,1,1,0,1,1,0,1,1,1,105.4,0.0,0.0,0.0,365.0,0.0,0.0,0.0,0.0,0.0,0.0,1,1,1.0,35.39,35.39,88.55,104.32014925373134,13.86,0.0,4,1,1,1,0,0,1,0
1,1,1,0,29.0,1,1,0,0,0,0,0,0,1,51.6,0.0,0.0,0.0,365.0,0.0,0.0,0.0,0.0,0.0,0.0,1,0,0.0,0.0,0.0,22.71,49.724137931034484,-6.46,0.0,0,1,0,0,0,0,1,0
1,0,1,1,55.0,1,1,0,0,0,0,0,1,0,85.5,5.0,150.0,1.0,352.0,0.0,0.0,0.0,0.0,0.0,0.0,1,0,0.0,0.0,0.0,76.34,85.69818181818181,-6.04,5.0,1,1,0,1,0,0,0,0
0,0,0,0,23.0,1,1,0,0,0,0,0,0,0,75.6,0.0,0.0,0.0,365.0,0.0,0.0,0.0,0.0,0.0,0.0,3,2,0.67,16.95,36.62,70.12,76.4608695652174,-15.94,0.0,0,2,0,1,0,0,0,0
1,0,1,0,34.0,1,1,0,0,1,0,1,1,1,100.05,14.0,107.5,2.0,29.0,0.0,0.0,0.0,0.0,0.0,0.0,1,1,1.0,34.98,34.98,71.32,102.3529411764706,8.51,7.0,3,2,0,1,0,0,1,0
1,0,0,0,52.0,1,0,1,0,1,0,1,0,0,91.25,0.0,0.0,0.0,365.0,0.0,0.0,0.0,0.0,0.0,0.0,1,0,0.0,0.0,0.0,33.38,91.12115384615385,-0.29,0.0,3,0,1,1,0,0,1,0
1,1,1,1,72.0,1,1,1,1,1,1,1,1,1,115.75,0.0,0.0,0.0,365.0,0.0,0.0,0.0,0.0,0.0,0.0,1,1,1.0,10.5,10.5,54.19,116.6548611111111,24.21,0.0,6,1,2,1,0,1,0,0
1,0,1,1,58.0,1,1,0,1,0,1,1,0,1,94.7,0.0,0.0,0.0,365.0,0.0,0.0,0.0,0.0,0.0,0.0,1,1,1.0,14.55,14.55,94.23,93.62672413793103,3.16,0.0,3,1,1,1,0,1,0,0
1,0,1,1,35.0,1,0,0,0,0,0,0,0,0,19.6,4.0,33.0,1.0,283.0,1.0,16.9,16.9,0.0,1.0,0.0,2,1,0.5,1.78,3.55,48.72,19.627142857142857,-1.47,4.0,0,1,2,0,1,0,0,1
0,1,0,0,56.0,1,1,0,1,1,1,1,0,1,99.9,9.0,266.5,2.0,192.0,0.0,0.0,0.0,0.0,0.0,0.0,2,0,0.0,0.0,0.0,93.72,101.89821428571429,8.36,4.5,4,0,2,1,0,0,0,0
0,0,1,1,24.0,1,0,0,0,0,0,0,0,1,21.1,4.0,179.0,1.0,95.0,1.0,1.3,1.3,1.0,0.0,1.0,1,0,0.0,0.0,0.0,69.19,20.443749999999998,0.03,4.0,0,0,2,0,1,1,0,0
1,0,1,1,70.0,1,0,0,0,0,0,0,0,0,20.05,8.0,151.5,2.0,122.0,0.0,0.0,0.0,0.0,0.0,0.0,3,0,0.0,0.0,0.0,58.76,19.432142857142857,-1.02,4.0,0,0,2,0,1,1,0,0
1,0,0,0,2.0,1,0,0,0,0,0,1,0,1,79.95,0.0,0.0,0.0,365.0,0.0,0.0,0.0,0.0,0.0,0.0,2,1,0.5,15.87,31.74,84.9,87.225,-11.59,0.0,1,3,0,1,0,0,1,0
1,1,1,1,68.0,1,1,0,0,1,1,1,1,1,107.15,0.0,0.0,0.0,365.0,0.0,0.0,0.0,0.0,0.0,0.0,1,0,0.0,0.0,0.0,48.97,108.5264705882353,15.61,0.0,4,0,1,1,0,1,0,0
0,0,0,0,1.0,1,1,0,0,0,0,0,1,1,85.0,4.0,62.0,1.0,28.0,0.0,0.0,0.0,0.0,0.0,0.0,2,0,0.0,0.0,0.0,101.32,85.0,-6.54,4.0,1,2,0,1,0,0,1,0
1,0,0,0,12.0,1,1,0,0,1,0,1,0,1,89.55,12.0,54.0,2.0,90.0,0.0,0.0,0.0,0.0,0.0,0.0,1,0,0.0,0.0,0.0,90.66,85.14583333333333,-1.99,6.0,2,1,0,1,0,0,1,0
0,0,1,0,63.0,1,1,0,1,0,0,0,0,1,81.55,0.0,0.0,0.0,365.0,0.0,0.0,0.0,0.0,0.0,0.0,3,0,0.0,0.0,0.0,48.81,79.82619047619048,-9.99,0.0,1,1,0,1,0,0,0,0
0,0,1,1,33.0,1,0,1,1,1,0,0,0,1,58.45,0.0,0.0,0.0,365.0,2.0,19.35,30.9,1.0,1.0,0.5,2,0,0.0,0.0,0.0,88.84,59.25454545454546,0.39,0.0,3,0,1,0,0,0,0,1
0,0,1,0,69.0,1,0,0,1,0,0,1,1,1,95.65,0.0,0.0,0.0,365.0,1.0,13.6,13.6,0.0,1.0,0.0,1,0,0.0,0.0,0.0,54.45,97.74202898550725,4.11,0.0,3,0,1,1,0,1,0,0
0,0,1,1,60.0,1,0,0,1,1,1,1,1,1,80.6,0.0,0.0,0.0,365.0,0.0,0.0,0.0,0.0,0.0,0.0,2,0,0.0,0.0,0.0,81.57,82.445,22.54,0.0,5,0,2,0,0,0,0,0
0,0,1,1,72.0,1,1,1,1,1,1,1,1,1,113.1,7.0,155.0,1.0,201.0,1.0,15.2,15.2,0.0,1.0,0.0,3,0,0.0,0.0,0.0,76.98,114.5625,21.56,7.0,6,0,2,1,0,0,0,0
0,0,0,0,11.0,1,1,0,0,0,0,0,1,1,58.95,0.0,0.0,0.0,365.0,1.0,5.5,5.5,0.0,0.0,0.0,2,0,0.0,0.0,0.0,54.12,54.690909090909095,0.89,0.0,1,2,0,0,0,0,0,1
0,0,0,0,1.0,1,0,0,0,0,0,0,0,0,19.55,4.0,295.0,1.0,206.0,0.0,0.0,0.0,0.0,0.0,0.0,3,0,0.0,0.0,0.0,74.38,19.55,-1.52,4.0,0,2,0,0,1,0,0,1
1,0,0,0,12.0,1,1,0,0,0,0,1,0,1,86.05,0.0,0.0,0.0,365.0,0.0,0.0,0.0,0.0,0.0,0.0,2,0,0.0,0.0,0.0,81.74,69.50833333333334,-5.49,0.0,1,1,0,1,0,0,0,0
1,0,0,0,12.0,0,0,1,0,0,1,1,0,1,45.55,2.0,241.0,1.0,247.0,0.0,0.0,0.0,0.0,0.0,0.0,3,0,0.0,0.0,0.0,70.1,49.75,-12.51,2.0,3,1,0,0,0,1,0,0
1,0,1,1,34.0,1,0,0,0,0,0,0,1,1,78.95,0.0,0.0,0.0,365.0,0.0,0.0,0.0,0.0,0.0,0.0,2,1,0.5,2.66,5.32,70.5,77.85882352941177,-12.59,0.0,1,1,1,1,0,0,0,0
1,0,1,1,39.0,1,0,0,1,0,0,1,0,1,86.3,0.0,0.0,0.0,365.0,0.0,0.0,0.0,0.0,0.0,0.0,3,1,0.33,11.48,34.44,74.35,83.74358974358974,-5.24,0.0,2,2,0,1,0,0,0,1
0,0,0,0,65.0,1,1,0,1,0,1,1,1,1,105.05,2.0,25.0,1.0,135.0,0.0,0.0,0.0,0.0,0.0,0.0,3,1,0.33,3.97,11.91,77.27,103.75769230769231,13.51,2.0,4,1,1,1,0,0,0,0
1,1,1,0,50.0,1,1,1,1,1,0,1,0,1,101.9,0.0,0.0,0.0,365.0,0.0,0.0,0.0,0.0,0.0,0.0,3,1,0.33,19.95,59.84,96.03,105.31,10.36,0.0,4,1,1,1,0,0,0,0
1,0,0,0,15.0,1,0,0,0,0,0,0,0,0,19.75,0.0,0.0,0.0,365.0,1.0,20.1,20.1,0.0,1.0,0.0,3,0,0.0,0.0,0.0,27.79,20.773333333333333,-1.32,0.0,0,1,0,0,1,0,0,1
1,0,1,1,72.0,1,1,1,1,1,0,1,1,1,110.3,0.0,0.0,0.0,365.0,0.0,0.0,0.0,0.0,0.0,0.0,3,0,0.0,0.0,0.0,69.73,110.65138888888889,18.76,0.0,5,0,2,1,0,0,0,0
0,0,1,1,72.0,1,1,1,1,1,1,1,1,1,115.6,4.0,17.0,1.0,59.0,0.0,0.0,0.0,0.0,0.0,0.0,2,0,0.0,0.0,0.0,50.17,114.17222222222222,24.06,4.0,6,0,2,1,0,0,0,0
1,0,1,1,55.0,1,0,0,0,0,0,0,0,0,19.35,4.0,25.0,1.0,217.0,0.0,0.0,0.0,0.0,0.0,0.0,3,0,0.0,0.0,0.0,84.91,20.96818181818182,-1.72,4.0,0,0,2,0,1,0,0,0
0,0,1,1,23.0,1,1,0,0,0,0,0,0,1,25.6,13.0,171.0,2.0,170.0,0.0,0.0,0.0,0.0,0.0,0.0,2,0,0.0,0.0,0.0,55.15,22.380434782608695,4.53,6.5,0,0,2,0,1,1,0,0
1,0,0,0,32.0,1,1,0,1,0,0,0,0,1,80.35,10.0,64.0,2.0,270.0,0.0,0.0,0.0,0.0,0.0,0.0,2,1,0.5,3.96,7.92,64.96,81.1296875,-11.19,5.0,1,2,0,1,0,0,0,0
0,0,1,1,56.0,1,1,1,0,1,0,0,1,1,68.75,8.0,272.5,2.0,16.0,1.0,3.7,3.7,1.0,0.0,1.0,1,0,0.0,0.0,0.0,89.5,68.0,10.69,4.0,3,0,1,0,0,0,0,0
0,0,0,0,1.0,1,0,0,0,0,0,0,0,0,19.9,0.0,0.0,0.0,365.0,1.0,27.2,27.2,1.0,0.0,1.0,3,1,0.33,3.0,9.0,57.05,19.9,-1.17,0.0,0,3,0,0,1,0,0,0
1,0,0,0,38.0,1,0,1,1,0,1,1,0,0,70.6,4.0,281.0,1.0,66.0,0.0,0.0,0.0,0.0,0.0,0.0,1,0,0.0,0.0,0.0,57.18,71.26842105263158,12.54,4.0,4,0,1,0,0,0,0,1
1,0,0,0,11.0,1,0,0,0,0,0,0,0,0,70.2,0.0,0.0,0.0,365.0,0.0,0.0,0.0,0.0,0.0,0.0,1,0,0.0,0.0,0.0,68.7,69.09545454545454,-21.34,0.0,0,2,0,1,0,0,1,0
1,0,0,0,1.0,1,0,0,0,0,1,0,0,1,49.3,0.0,0.0,0.0,365.0,0.0,0.0,0.0,0.0,0.0,0.0,3,0,0.0,0.0,0.0,80.54,49.3,-8.76,0.0,1,2,0,0,0,0,1,0
1,0,1,0,56.0,1,1,0,1,0,1,1,1,1,107.25,0.0,0.0,0.0,365.0,0.0,0.0,0.0,0.0,0.0,0.0,2,0,0.0,0.0,0.0,67.36,107.7375,15.71,0.0,4,0,1,1,0,0,1,0
1,0,1,0,3.0,1,1,0,0,0,0,0,0,1,23.6,4.0,55.0,1.0,193.0,0.0,0.0,0.0,0.0,0.0,0.0,2,1,0.5,3.9,7.8,57.16,29.683333333333334,2.53,4.0,0,3,0,0,1,0,0,1
1,0,1,1,7.0,1,0,1,0,0,0,1,1,0,69.7,0.0,0.0,0.0,365.0,0.0,0.0,0.0,0.0,0.0,0.0,1,0,0.0,0.0,0.0,65.28,73.73571428571428,11.64,0.0,3,2,0,0,0,1,0,0
1,0,1,1,59.0,1,1,0,0,1,0,1,1,1,99.5,6.0,166.0,1.0,227.0,0.0,0.0,0.0,0.0,0.0,0.0,3,0,0.0,0.0,0.0,98.54,99.35169491525424,7.96,6.0,3,0,2,1,0,1,0,0
1,0,0,0,7.0,1,0,0,0,1,1,1,0,0,64.3,4.0,23.0,1.0,183.0,0.0,0.0,0.0,0.0,0.0,0.0,2,0,0.0,0.0,0.0,67.08,63.707142857142856,6.24,4.0,3,2,0,0,0,0,0,0
1,0,1,1,71.0,1,0,1,0,1,1,0,1,1,70.85,2.0,244.0,1.0,140.0,0.0,0.0,0.0,0.0,0.0,0.0,1,0,0.0,0.0,0.0,97.7,70.04788732394366,12.79,2.0,4,0,2,0,0,1,0,0
1,0,1,1,15.0,1,0,1,0,0,1,1,1,0,91.75,0.0,0.0,0.0,365.0,0.0,0.0,0.0,0.0,0.0,0.0,2,1,0.5,5.16,10.31,69.58,111.15,0.21,0.0,4,1,1,1,0,0,1,0
1,0,1,0,71.0,1,1,1,1,0,1,1,0,0,73.5,0.0,0.0,0.0,365.0,1.0,19.1,19.1,0.0,0.0,0.0,3,0,0.0,0.0,0.0,61.89,75.46126760563381,15.44,0.0,4,0,2,0,0,1,0,0
0,0,0,0,35.0,1,1,0,0,1,0,1,1,1,100.25,6.0,267.0,1.0,169.0,0.0,0.0,0.0,0.0,0.0,0.0,1,0,0.0,0.0,0.0,36.63,100.78857142857143,8.71,6.0,3,1,0,1,0,0,1,0
0,0,0,0,11.0,0,0,0,1,1,1,0,0,1,40.4,0.0,0.0,0.0,365.0,0.0,0.0,0.0,0.0,0.0,0.0,3,1,0.33,6.17,18.52,63.58,38.41818181818182,-17.66,0.0,3,2,1,0,0,1,0,0
0,0,1,1,60.0,1,0,0,0,0,0,0,0,1,19.25,0.0,0.0,0.0,365.0,0.0,0.0,0.0,0.0,0.0,0.0,3,1,0.33,1.84,5.53,84.41,18.3875,-1.82,0.0,0,1,2,0,1,1,0,0
1,1,0,0,47.0,1,1,0,1,0,1,0,0,0,59.6,0.0,0.0,0.0,365.0,0.0,0.0,0.0,0.0,0.0,0.0,2,0,0.0,0.0,0.0,72.92,58.59574468085106,1.54,0.0,2,0,2,0,0,0,0,0
0,0,0,0,11.0,1,0,0,0,1,1,0,1,0,64.9,0.0,0.0,0.0,365.0,0.0,0.0,0.0,0.0,0.0,0.0,2,0,0.0,0.0,0.0,59.12,63.38636363636363,6.84,0.0,3,1,1,0,0,1,0,0
1,0,1,0,56.0,1,1,0,1,0,0,1,1,0,100.3,0.0,0.0,0.0,365.0,0.0,0.0,0.0,0.0,0.0,0.0,2,0,0.0,0.0,0.0,70.99,100.25803571428571,8.76,0.0,3,0,1,1,0,1,0,0
0,1,1,0,28.0,1,1,0,1,1,1,1,1,1,110.85,0.0,0.0,0.0,365.0,0.0,0.0,0.0,0.0,0.0,0.0,2,1,0.5,15.36,30.73,79.83,114.44285714285715,19.31,0.0,5,2,0,1,0,0,1,0
1,0,1,0,61.0,1,0,1,1,0,1,1,1,1,81.05,5.0,181.0,2.0,300.0,0.0,0.0,0.0,0.0,0.0,0.0,3,0,0.0,0.0,0.0,89.73,77.83032786885245,22.99,2.5,5,0,2,0,0,0,0,1
1,0,1,1,31.0,1,1,1,0,1,0,1,0,0,98.05,7.0,79.0,1.0,191.0,0.0,0.0,0.0,0.0,0.0,0.0,2,0,0.0,0.0,0.0,71.68,99.42258064516129,6.51,7.0,3,0,1,1,0,0,0,0
1,0,0,0,9.0,1,0,0,0,0,0,0,0,1,70.5,0.0,0.0,0.0,365.0,0.0,0.0,0.0,0.0,0.0,0.0,2,0,0.0,0.0,0.0,70.6,66.43333333333334,-21.04,0.0,0,2,0,1,0,0,1,0
1,1,1,0,35.0,1,1,1,1,0,0,0,1,1,94.55,0.0,0.0,0.0,365.0,0.0,0.0,0.0,0.0,0.0,0.0,1,0,0.0,0.0,0.0,60.71,96.15428571428572,3.01,0.0,3,1,0,1,0,0,1,0
1,0,0,0,2.0,1,0,0,0,0,0,0,0,1,19.65,0.0,0.0,0.0,365.0,0.0,0.0,0.0,0.0,0.0,0.0,3,0,0.0,0.0,0.0,90.48,19.4,-1.42,0.0,0,2,0,0,1,0,0,1
0,0,1,1,12.0,1,0,0,0,0,0,0,0,0,19.0,0.0,0.0,0.0,365.0,1.0,4.2,4.2,1.0,0.0,1.0,3,0,0.0,0.0,0.0,48.59,19.462500000000002,-2.07,0.0,0,1,0,0,1,0,0,1
0,0,0,0,1.0,1,0,1,0,0,0,0,0,0,75.3,0.0,0.0,0.0,365.0,0.0,0.0,0.0,0.0,0.0,0.0,2,0,0.0,0.0,0.0,76.08,75.3,-16.24,0.0,1,2,0,1,0,0,0,1
0,1,0,0,4.0,1,1,0,0,1,0,1,0,1,89.2,0.0,0.0,0.0,365.0,0.0,0.0,0.0,0.0,0.0,0.0,3,1,0.33,1.25,3.75,80.98,86.55,-2.34,0.0,2,3,0,1,0,0,1,0
0,0,1,1,1.0,1,0,0,0,0,0,0,0,1,19.0,6.0,20.0,1.0,120.0,0.0,0.0,0.0,0.0,0.0,0.0,2,0,0.0,0.0,0.0,99.06,19.0,-2.07,6.0,0,2,0,0,1,0,0,1
0,0,0,0,3.0,1,0,0,0,0,0,0,0,1,20.0,5.0,179.0,1.0,139.0,0.0,0.0,0.0,0.0,0.0,0.0,3,1,0.33,8.83,26.48,69.62,20.566666666666666,-1.07,5.0,0,3,0,0,1,0,0,1
0,1,0,0,12.0,1,1,0,0,0,0,1,0,1,85.7,5.0,146.0,1.0,155.0,0.0,0.0,0.0,0.0,0.0,0.0,2,0,0.0,0.0,0.0,94.44,7.141666666666667,-5.84,5.0,1,1,0,1,0,0,1,0
1,0,0,0,52.0,1,0,1,1,0,0,1,0,1,63.25,4.0,243.0,1.0,279.0,0.0,0.0,0.0,0.0,0.0,0.0,1,0,0.0,0.0,0.0,97.91,64.27788461538461,5.19,4.0,3,0,2,0,0,1,0,0
1,0,1,1,5.0,1,0,0,0,0,0,0,0,0,20.1,0.0,0.0,0.0,365.0,0.0,0.0,0.0,0.0,0.0,0.0,2,0,0.0,0.0,0.0,100.16,17.02,-0.97,0.0,0,1,1,0,1,0,0,1
1,0,1,0,72.0,1,1,1,1,1,0,0,1,1,99.15,6.0,278.0,1.0,283.0,0.0,0.0,0.0,0.0,0.0,0.0,1,0,0.0,0.0,0.0,47.63,103.08472222222223,7.61,6.0,4,0,2,1,0,0,1,0
1,0,1,1,71.0,1,1,1,1,1,1,1,1,0,90.4,6.0,48.0,1.0,93.0,1.0,12.0,12.0,0.0,1.0,0.0,1,0,0.0,0.0,0.0,50.3,93.91619718309859,32.34,6.0,6,0,2,0,0,0,1,0
1,0,1,0,72.0,1,1,1,0,1,1,1,1,1,111.9,0.0,0.0,0.0,365.0,1.0,106.4,106.4,1.0,0.0,1.0,2,0,0.0,0.0,0.0,57.5,112.09791666666666,20.36,0.0,5,0,2,1,0,1,0,0
1,0,1,1,46.0,1,1,0,0,0,0,0,0,0,24.9,0.0,0.0,0.0,365.0,0.0,0.0,0.0,0.0,0.0,0.0,3,0,0.0,0.0,0.0,97.56,25.539130434782606,3.83,0.0,0,0,1,0,1,0,1,0
1,0,1,1,63.0,1,1,1,1,1,0,1,1,0,83.5,0.0,0.0,0.0,365.0,0.0,0.0,0.0,0.0,0.0,0.0,3,1,0.33,5.68,17.05,53.2,86.26984126984127,25.44,0.0,5,1,2,0,0,1,0,0
1,0,0,0,30.0,1,0,1,1,1,0,0,0,1,84.3,2.0,206.5,2.0,252.0,0.0,0.0,0.0,0.0,0.0,0.0,3,0,0.0,0.0,0.0,56.89,81.28666666666666,-7.24,1.0,3,1,0,1,0,1,0,0
1,0,0,0,1.0,1,0,0,0,0,0,0,0,0,45.6,0.0,0.0,0.0,365.0,0.0,0.0,0.0,0.0,0.0,0.0,2,0,0.0,0.0,0.0,96.65,45.6,-12.46,0.0,0,2,0,0,0,0,0,1
0,0,0,0,12.0,1,1,1,0,1,1,0,0,1,61.65,4.0,268.0,1.0,251.0,1.0,3.7,3.7,1.0,0.0,1.0,2,1,0.5,11.29,22.58,91.1,59.479166666666664,3.59,4.0,3,2,0,0,0,0,0,1
1,0,0,0,16.0,0,0,1,1,1,1,1,0,0,54.85,5.0,258.0,1.0,235.0,0.0,0.0,0.0,0.0,0.0,0.0,1,0,0.0,0.0,0.0,42.85,57.259375,-3.21,5.0,5,0,2,0,0,0,0,1
1,0,0,0,4.0,1,1,0,0,0,1,0,1,0,65.55,0.0,0.0,0.0,365.0,0.0,0.0,0.0,0.0,0.0,0.0,3,0,0.0,0.0,0.0,60.99,59.3,7.49,0.0,2,2,0,0,0,0,0,1
1,0,1,0,51.0,1,1,0,1,0,0,0,1,1,90.35,4.0,53.0,1.0,195.0,0.0,0.0,0.0,0.0,0.0,0.0,3,1,0.33,16.3,48.91,62.79,90.48137254901961,-1.19,4.0,2,1,1,1,0,1,0,0
1,0,1,0,65.0,1,0,0,0,0,0,0,0,1,20.4,0.0,0.0,0.0,365.0,0.0,0.0,0.0,0.0,0.0,0.0,2,1,0.5,1.8,3.59,54.26,21.76076923076923,-0.67,0.0,0,1,2,0,1,1,0,0
1,0,0,0,16.0,1,0,0,0,0,1,0,0,1,74.55,0.0,0.0,0.0,365.0,0.0,0.0,0.0,0.0,0.0,0.0,2,0,0.0,0.0,0.0,63.05,73.15625,-16.99,0.0,1,1,0,1,0,1,0,0
1,0,0,0,2.0,1,0,0,0,0,0,0,0,0,19.95,0.0,0.0,0.0,365.0,0.0,0.0,0.0,0.0,0.0,0.0,3,0,0.0,0.0,0.0,60.61,23.85,-1.12,0.0,0,1,1,0,1,0,0,1
0,0,1,1,66.0,1,1,0,0,0,0,0,0,1,74.25,7.0,187.0,1.0,249.0,0.0,0.0,0.0,0.0,0.0,0.0,2,0,0.0,0.0,0.0,69.24,73.625,-17.29,7.0,0,0,1,1,0,0,0,0
1,0,0,0,46.0,1,1,0,1,1,1,1,1,0,108.65,0.0,0.0,0.0,365.0,0.0,0.0,0.0,0.0,0.0,0.0,3,0,0.0,0.0,0.0,74.99,106.59130434782608,17.11,0.0,5,0,2,1,0,0,1,0
0,0,0,0,32.0,1,1,1,0,1,1,1,1,1,109.55,11.0,225.0,1.0,236.0,0.0,0.0,0.0,0.0,0.0,0.0,2,1,0.5,7.52,15.04,61.58,112.75,18.01,11.0,5,1,1,1,0,0,0,0
1,0,1,0,72.0,1,1,1,0,1,1,1,1,0,86.65,0.0,0.0,0.0,365.0,0.0,0.0,0.0,0.0,0.0,0.0,3,0,0.0,0.0,0.0,81.69,84.64236111111111,28.59,0.0,5,0,2,0,0,1,0,0
1,0,1,1,38.0,1,0,1,0,1,1,1,1,0,81.0,11.0,221.0,2.0,80.0,0.0,0.0,0.0,0.0,0.0,0.0,2,0,0.0,0.0,0.0,97.47,81.18157894736842,22.94,5.5,5,0,2,0,0,1,0,0
1,0,0,1,51.0,1,0,0,0,0,1,0,0,0,47.85,0.0,0.0,0.0,365.0,0.0,0.0,0.0,0.0,0.0,0.0,3,0,0.0,0.0,0.0,73.48,46.21078431372549,-10.21,0.0,1,0,1,0,0,1,0,0
1,0,1,1,72.0,1,1,1,1,1,1,1,1,0,91.75,0.0,0.0,0.0,365.0,0.0,0.0,0.0,0.0,0.0,0.0,1,0,0.0,0.0,0.0,118.86,115.36180555555555,0.21,0.0,6,0,2,1,0,0,0,0
0,1,1,0,65.0,1,1,1,0,1,0,1,1,0,91.75,0.0,0.0,0.0,365.0,1.0,88.0,88.0,0.0,1.0,0.0,2,0,0.0,0.0,0.0,100.33,104.40615384615384,0.21,0.0,4,1,0,1,0,0,0,0
1,0,1,1,9.0,0,0,0,1,0,0,0,0,1,29.95,0.0,0.0,0.0,365.0,0.0,0.0,0.0,0.0,0.0,0.0,1,0,0.0,0.0,0.0,113.45,27.66111111111111,-28.11,0.0,1,2,0,0,0,0,1,0
0,0,1,1,9.0,1,0,1,1,1,1,0,0,0,65.0,12.0,126.5,2.0,45.0,0.0,0.0,0.0,0.0,0.0,0.0,1,0,0.0,0.0,0.0,46.71,73.67222222222222,6.94,6.0,4,2,0,0,0,0,0,1
1,0,0,1,66.0,1,0,0,0,0,0,0,0,0,20.55,2.0,165.0,1.0,104.0,0.0,0.0,0.0,0.0,0.0,0.0,1,0,0.0,0.0,0.0,117.23,20.562121212121212,-0.52,2.0,0,0,2,0,1,0,0,1
0,1,0,0,44.0,1,1,1,1,1,0,1,1,1,109.8,0.0,0.0,0.0,365.0,0.0,0.0,0.0,0.0,0.0,0.0,1,0,0.0,0.0,0.0,77.85,110.4625,18.26,0.0,5,0,1,1,0,1,0,0
1,0,0,0,50.0,1,1,0,0,1,1,0,1,0,69.5,0.0,0.0,0.0,365.0,0.0,0.0,0.0,0.0,0.0,0.0,2,0,0.0,0.0,0.0,100.98,68.36399999999999,11.44,0.0,3,0,2,0,0,0,0,0
0,0,0,0,15.0,1,1,0,0,0,0,0,0,0,48.85,3.0,81.0,1.0,56.0,0.0,0.0,0.0,0.0,0.0,0.0,2,1,0.5,5.14,10.27,44.61,42.093333333333334,-9.21,3.0,0,2,0,0,0,0,0,1
1,0,0,0,8.0,0,0,0,0,0,0,0,0,1,25.25,9.0,156.0,2.0,91.0,0.0,0.0,0.0,0.0,0.0,0.0,3,1,0.33,1.45,4.34,58.12,23.2875,-32.81,4.5,0,3,0,0,0,1,0,0
0,1,0,0,66.0,1,1,0,0,1,1,1,1,1,102.85,0.0,0.0,0.0,365.0,0.0,0.0,0.0,0.0,0.0,0.0,2,0,0.0,0.0,0.0,46.58,105.70833333333333,11.31,0.0,4,0,1,1,0,1,0,0
0,0,0,0,57.0,1,1,1,1,0,1,0,0,1,87.55,5.0,164.0,1.0,65.0,0.0,0.0,0.0,0.0,0.0,0.0,3,0,0.0,0.0,0.0,44.7,85.69912280701755,-3.99,5.0,3,1,0,1,0,0,0,0
0,0,0,0,7.0,1,1,0,1,0,0,0,0,1,78.55,0.0,0.0,0.0,365.0,1.0,1.9,1.9,0.0,1.0,0.0,2,0,0.0,0.0,0.0,22.76,74.70714285714287,-12.99,0.0,1,2,0,1,0,0,0,0
1,1,1,1,10.0,0,0,0,0,0,0,0,1,1,34.55,4.0,261.0,2.0,48.0,0.0,0.0,0.0,0.0,0.0,0.0,1,0,0.0,0.0,0.0,44.3,36.260000000000005,-23.51,2.0,1,2,0,0,0,0,0,0
0,0,0,0,62.0,1,1,1,1,1,0,0,0,1,92.05,4.0,255.0,1.0,197.0,0.0,0.0,0.0,0.0,0.0,0.0,2,0,0.0,0.0,0.0,115.78,92.83548387096775,0.51,4.0,3,0,1,1,0,0,1,0
1,0,1,1,40.0,1,0,0,0,1,0,1,0,1,85.05,0.0,0.0,0.0,365.0,0.0,0.0,0.0,0.0,0.0,0.0,2,0,0.0,0.0,0.0,50.5,83.89125,-6.49,0.0,2,0,1,1,0,0,1,0
0,0,0,0,20.0,1,0,0,0,0,0,0,0,0,19.7,0.0,0.0,0.0,365.0,0.0,0.0,0.0,0.0,0.0,0.0,2,0,0.0,0.0,0.0,88.66,20.3475,-1.37,0.0,0,0,2,0,1,0,0,1
0,0,0,0,7.0,1,0,0,0,0,0,0,0,0,20.0,0.0,0.0,0.0,365.0,0.0,0.0,0.0,0.0,0.0,0.0,2,0,0.0,0.0,0.0,82.64,19.657142857142855,-1.07,0.0,0,2,0,0,1,0,0,0
0,0,1,0,25.0,1,0,0,0,0,1,1,1,1,95.15,10.0,133.0,1.0,118.0,0.0,0.0,0.0,0.0,0.0,0.0,2,1,0.5,12.22,24.44,60.68,95.82799999999999,3.61,10.0,3,2,0,1,0,0,1,0
1,0,1,0,23.0,1,1,0,1,1,0,0,0,0,84.25,0.0,0.0,0.0,365.0,0.0,0.0,0.0,0.0,0.0,0.0,1,0,0.0,0.0,0.0,69.45,85.5695652173913,-7.29,0.0,2,1,0,1,0,0,1,0
0,1,1,0,66.0,1,1,0,1,1,0,1,1,0,104.6,3.0,281.0,1.0,149.0,0.0,0.0,0.0,0.0,0.0,0.0,1,0,0.0,0.0,0.0,110.35,103.325,13.06,3.0,4,0,1,1,0,1,0,0
0,1,0,0,72.0,1,1,0,1,1,1,1,1,0,111.65,0.0,0.0,0.0,365.0,0.0,0.0,0.0,0.0,0.0,0.0,1,0,0.0,0.0,0.0,27.83,110.32569444444444,20.11,0.0,5,0,2,1,0,0,1,0
1,1,1,0,49.0,1,1,0,1,0,0,0,1,0,90.05,0.0,0.0,0.0,365.0,1.0,3.5,3.5,0.0,0.0,0.0,1,0,0.0,0.0,0.0,84.14,92.80102040816327,-1.49,0.0,2,1,0,1,0,1,0,0
1,1,1,1,43.0,1,1,0,1,1,1,1,1,1,91.75,0.0,0.0,0.0,365.0,0.0,0.0,0.0,0.0,0.0,0.0,1,0,0.0,0.0,0.0,63.54,109.02093023255813,0.21,0.0,5,1,0,1,0,0,0,0
0,0,1,0,46.0,1,1,1,0,0,0,0,0,0,55.0,2.0,50.0,1.0,161.0,0.0,0.0,0.0,0.0,0.0,0.0,1,1,1.0,14.58,14.58,41.46,53.78152173913043,-3.06,2.0,1,2,0,0,0,0,0,0
1,0,1,1,72.0,1,1,1,1,1,1,1,1,0,89.85,0.0,0.0,0.0,365.0,0.0,0.0,0.0,0.0,0.0,0.0,3,0,0.0,0.0,0.0,60.12,91.15138888888889,31.79,0.0,6,0,2,0,0,1,0,0
1,0,0,0,10.0,1,0,0,0,0,0,0,0,0,20.35,12.0,101.0,1.0,158.0,0.0,0.0,0.0,0.0,0.0,0.0,3,3,1.0,37.49,44.6,90.01,17.630000000000003,-0.72,12.0,0,2,1,0,1,0,0,1
0,0,0,0,40.0,0,0,1,0,0,1,1,1,1,54.55,5.0,125.0,1.0,53.0,0.0,0.0,0.0,0.0,0.0,0.0,1,0,0.0,0.0,0.0,69.96,55.904999999999994,-3.51,5.0,4,0,1,0,0,0,0,0
0,0,1,1,65.0,1,1,0,1,1,0,1,1,1,91.75,0.0,0.0,0.0,365.0,0.0,0.0,0.0,0.0,0.0,0.0,1,0,0.0,0.0,0.0,36.16,107.47153846153846,0.21,0.0,4,1,0,1,0,0,1,0
1,0,0,0,31.0,1,0,0,0,1,1,1,1,0,99.45,0.0,0.0,0.0,365.0,1.0,38.2,38.2,0.0,0.0,0.0,1,0,0.0,0.0,0.0,73.13,100.31935483870969,7.91,0.0,4,0,2,1,0,0,0,0
0,0,1,0,68.0,1,1,1,1,1,1,0,0,0,70.9,2.0,149.0,1.0,48.0,0.0,0.0,0.0,0.0,0.0,0.0,2,0,0.0,0.0,0.0,57.6,72.22573529411765,12.84,2.0,4,0,2,0,0,1,0,0
1,1,1,1,56.0,1,1,1,0,1,0,1,1,1,91.75,2.0,214.0,1.0,177.0,0.0,0.0,0.0,0.0,0.0,0.0,3,1,0.33,2.66,7.98,58.74,103.47589285714285,0.21,2.0,4,1,1,1,0,0,0,0
1,0,1,0,10.0,1,1,0,0,0,0,0,1,1,85.25,4.0,58.0,1.0,106.0,0.0,0.0,0.0,0.0,0.0,0.0,1,1,1.0,15.66,15.66,72.57,85.53,-6.29,4.0,1,3,0,1,0,0,1,0
1,0,1,1,68.0,1,1,0,0,0,0,0,0,0,25.4,0.0,0.0,0.0,365.0,0.0,0.0,0.0,0.0,0.0,0.0,3,1,0.33,2.31,6.93,70.65,23.826470588235296,4.33,0.0,0,1,2,0,1,0,0,0
0,0,1,1,43.0,1,0,0,0,0,0,1,0,0,56.15,0.0,0.0,0.0,365.0,0.0,0.0,0.0,0.0,0.0,0.0,2,0,0.0,0.0,0.0,60.94,58.12325581395349,-1.91,0.0,1,1,0,0,0,0,1,0
1,0,0,0,1.0,1,0,0,0,0,0,1,1,1,89.55,1.0,187.0,1.0,9.0,1.0,3.9,3.9,0.0,1.0,0.0,3,1,0.33,0.83,2.48,47.66,89.55,-1.99,1.0,2,3,0,1,0,0,1,0
0,1,0,0,49.0,1,0,0,1,1,0,0,1,1,89.85,2.0,195.0,1.0,364.0,0.0,0.0,0.0,0.0,0.0,0.0,2,0,0.0,0.0,0.0,67.74,87.4938775510204,-1.69,2.0,3,0,1,1,0,0,0,0
0,0,1,1,15.0,1,1,0,0,0,0,0,0,1,25.25,0.0,0.0,0.0,365.0,0.0,0.0,0.0,0.0,0.0,0.0,3,1,0.33,2.71,8.12,57.81,26.323333333333334,4.18,0.0,0,2,0,0,1,0,1,0
1,1,1,0,20.0,1,1,0,0,0,0,1,1,1,94.55,5.0,80.0,1.0,177.0,1.0,2.9,2.9,1.0,0.0,1.0,2,2,1.0,23.3,27.23,56.24,94.9825,3.01,5.0,2,2,0,1,0,0,1,0
1,0,0,0,1.0,1,0,0,0,0,0,0,0,1,45.7,0.0,0.0,0.0,365.0,0.0,0.0,0.0,0.0,0.0,0.0,3,0,0.0,0.0,0.0,60.95,45.7,-12.36,0.0,0,2,0,0,0,0,0,1
1,0,1,1,50.0,1,1,0,0,1,1,1,0,1,69.65,0.0,0.0,0.0,365.0,1.0,15.3,15.3,1.0,0.0,1.0,3,0,0.0,0.0,0.0,45.62,68.843,11.59,0.0,3,0,1,0,0,0,1,0
0,1,0,0,2.0,1,1,0,1,0,0,0,1,0,89.5,8.0,166.0,1.0,290.0,0.0,0.0,0.0,0.0,0.0,0.0,3,0,0.0,0.0,0.0,85.76,80.75,-2.04,8.0,2,2,0,1,0,0,1,0
1,1,0,0,24.0,1,0,0,0,0,0,0,0,0,70.0,0.0,0.0,0.0,365.0,1.0,62.4,62.4,1.0,0.0,1.0,2,1,0.5,2.87,5.74,60.8,72.19166666666666,-21.54,0.0,0,2,0,1,0,1,0,0
0,0,0,0,3.0,1,0,0,0,0,0,0,0,1,69.55,0.0,0.0,0.0,365.0,0.0,0.0,0.0,0.0,0.0,0.0,2,0,0.0,0.0,0.0,61.69,74.10000000000001,-21.99,0.0,0,2,0,1,0,0,0,0
0,0,0,0,1.0,1,0,0,0,1,0,0,0,1,74.6,7.0,166.0,1.0,47.0,0.0,0.0,0.0,0.0,0.0,0.0,3,1,0.33,8.91,26.73,73.27,74.6,-16.94,7.0,1,3,0,1,0,0,0,1
1,0,1,1,35.0,1,0,0,0,0,0,0,0,0,20.1,0.0,0.0,0.0,365.0,0.0,0.0,0.0,0.0,0.0,0.0,1,1,1.0,13.55,13.55,73.69,18.72285714285714,-0.97,0.0,0,1,2,0,1,0,0,1
0,0,0,0,17.0,1,1,0,0,0,0,0,0,0,24.8,0.0,0.0,0.0,365.0,0.0,0.0,0.0,0.0,0.0,0.0,1,0,0.0,0.0,0.0,101.97,27.955882352941178,3.73,0.0,0,1,0,0,1,0,0,1
0,1,0,0,8.0,1,0,0,0,0,0,0,0,0,19.65,0.0,0.0,0.0,365.0,0.0,0.0,0.0,0.0,0.0,0.0,3,0,0.0,0.0,0.0,104.91,20.5375,-1.42,0.0,0,2,0,0,1,0,1,0
1,0,0,0,10.0,1,0,0,0,0,1,1,1,1,95.1,12.0,141.5,2.0,36.0,0.0,0.0,0.0,0.0,0.0,0.0,3,1,0.33,13.7,41.09,82.18,86.51,3.56,6.0,3,3,0,1,0,1,0,0
1,0,1,1,68.0,1,1,1,1,1,1,1,1,1,88.85,0.0,0.0,0.0,365.0,0.0,0.0,0.0,0.0,0.0,0.0,1,0,0.0,0.0,0.0,115.46,90.18676470588235,30.79,0.0,6,0,2,0,0,1,0,0
1,0,1,0,45.0,1,0,1,1,1,0,1,1,0,78.8,0.0,0.0,0.0,365.0,0.0,0.0,0.0,0.0,0.0,0.0,2,0,0.0,0.0,0.0,93.74,79.94444444444444,20.74,0.0,5,0,1,0,0,0,0,0
1,0,1,1,2.0,1,0,0,0,0,0,0,0,0,19.85,2.0,116.0,1.0,149.0,0.0,0.0,0.0,0.0,0.0,0.0,2,0,0.0,0.0,0.0,53.02,17.95,-1.22,2.0,0,1,1,0,1,0,0,1
1,0,1,0,37.0,1,0,0,0,0,0,0,0,0,20.35,0.0,0.0,0.0,365.0,1.0,60.5,60.5,0.0,0.0,0.0,2,0,0.0,0.0,0.0,85.93,18.855405405405406,-0.72,0.0,0,1,0,0,1,0,0,0
0,0,0,0,4.0,0,0,0,0,0,0,0,0,1,24.25,0.0,0.0,0.0,365.0,0.0,0.0,0.0,0.0,0.0,0.0,1,1,1.0,7.28,7.28,45.64,24.0125,-33.81,0.0,0,3,0,0,0,0,0,1
0,0,0,0,10.0,1,0,0,0,0,0,0,0,0,45.25,0.0,0.0,0.0,365.0,0.0,0.0,0.0,0.0,0.0,0.0,1,0,0.0,0.0,0.0,42.6,42.87,-12.81,0.0,0,2,0,0,0,0,0,1
1,0,0,0,1.0,1,0,0,0,0,0,0,0,0,20.05,0.0,0.0,0.0,365.0,0.0,0.0,0.0,0.0,0.0,0.0,1,1,1.0,20.27,20.27,75.95,20.05,-1.02,0.0,0,3,0,0,1,0,0,1
1,0,1,1,65.0,1,1,1,1,0,0,0,1,1,69.55,6.0,139.0,1.0,240.0,0.0,0.0,0.0,0.0,0.0,0.0,2,0,0.0,0.0,0.0,84.14,68.60230769230769,11.49,6.0,3,0,2,0,0,0,0,1
0,0,1,1,57.0,1,0,0,0,0,0,0,0,0,19.5,0.0,0.0,0.0,365.0,1.0,10.1,10.1,1.0,0.0,1.0,1,0,0.0,0.0,0.0,89.62,20.48421052631579,-1.57,0.0,0,0,2,0,1,0,0,0
0,0,0,0,3.0,1,0,0,0,1,0,0,0,1,74.75,3.0,285.0,1.0,140.0,0.0,0.0,0.0,0.0,0.0,0.0,1,0,0.0,0.0,0.0,100.04,79.36666666666666,-16.79,3.0,1,2,0,1,0,0,0,1
0,0,0,0,2.0,1,0,0,0,0,0,0,0,0,69.65,0.0,0.0,0.0,365.0,0.0,0.0,0.0,0.0,0.0,0.0,2,1,0.5,6.24,12.47,109.78,72.575,-21.89,0.0,0,3,0,1,0,0,1,0
1,0,0,0,49.0,0,0,0,0,1,0,0,0,1,30.2,7.0,242.0,1.0,209.0,0.0,0.0,0.0,0.0,0.0,0.0,3,1,0.33,3.99,11.97,75.58,29.655102040816324,-27.86,7.0,1,2,0,0,0,0,0,0
0,0,0,0,4.0,1,0,0,0,0,0,0,0,0,45.65,5.0,231.0,1.0,341.0,0.0,0.0,0.0,0.0,0.0,0.0,2,1,0.5,15.34,30.68,114.32,47.7625,-12.41,5.0,0,3,0,0,0,0,0,1
0,0,1,0,70.0,0,0,0,1,1,1,1,1,0,57.8,0.0,0.0,0.0,365.0,1.0,11.5,11.5,1.0,0.0,1.0,3,0,0.0,0.0,0.0,73.98,57.70428571428572,-0.26,0.0,5,0,2,0,0,0,0,0
0,0,1,1,53.0,1,0,0,0,0,0,0,0,1,19.85,0.0,0.0,0.0,365.0,0.0,0.0,0.0,0.0,0.0,0.0,2,1,0.5,2.52,5.04,56.55,19.612264150943396,-1.22,0.0,0,1,1,0,1,0,0,0
1,0,1,1,53.0,1,1,0,0,0,0,0,0,0,25.55,7.0,193.0,2.0,233.0,0.0,0.0,0.0,0.0,0.0,0.0,1,0,0.0,0.0,0.0,94.02,25.20943396226415,4.48,3.5,0,0,2,0,1,1,0,0
0,0,0,0,1.0,1,1,0,0,0,0,0,0,1,75.05,0.0,0.0,0.0,365.0,0.0,0.0,0.0,0.0,0.0,0.0,3,0,0.0,0.0,0.0,104.98,75.05,-16.49,0.0,0,2,0,1,0,0,0,1
1,0,0,0,22.0,1,1,0,0,0,0,0,0,1,24.85,0.0,0.0,0.0,365.0,0.0,0.0,0.0,0.0,0.0,0.0,2,0,0.0,0.0,0.0,87.76,22.427272727272726,3.78,0.0,0,1,0,0,1,1,0,0
1,1,0,0,52.0,0,0,0,1,0,0,1,1,1,56.15,0.0,0.0,0.0,365.0,0.0,0.0,0.0,0.0,0.0,0.0,1,0,0.0,0.0,0.0,95.45,49.05576923076923,-1.91,0.0,3,1,0,0,0,0,1,0
1,1,0,0,65.0,1,1,1,0,1,1,1,1,1,110.35,10.0,233.0,1.0,13.0,1.0,52.4,52.4,1.0,0.0,1.0,2,1,0.5,9.67,19.34,83.69,111.47923076923077,18.81,10.0,5,1,2,1,0,0,1,0
0,0,0,0,44.0,1,1,0,0,0,0,0,0,0,24.55,0.0,0.0,0.0,365.0,1.0,49.8,49.8,1.0,0.0,1.0,3,0,0.0,0.0,0.0,62.99,27.3625,3.48,0.0,0,0,1,0,1,0,0,0
0,0,0,0,2.0,0,0,0,0,0,0,0,1,1,34.7,0.0,0.0,0.0,365.0,0.0,0.0,0.0,0.0,0.0,0.0,1,0,0.0,0.0,0.0,105.43,31.125,-23.36,0.0,1,2,0,0,0,0,1,0
1,0,0,0,3.0,1,1,0,1,1,0,1,1,0,107.95,8.0,193.0,2.0,213.0,0.0,0.0,0.0,0.0,0.0,0.0,3,0,0.0,0.0,0.0,70.15,104.53333333333335,16.41,4.0,4,2,0,1,0,0,0,1
1,0,1,0,45.0,1,1,0,1,0,0,0,0,0,81.4,7.0,60.0,1.0,213.0,0.0,0.0,0.0,0.0,0.0,0.0,2,0,0.0,0.0,0.0,80.6,83.90777777777778,-10.14,7.0,1,1,0,1,0,0,0,0
1,0,1,1,1.0,1,0,0,0,0,0,0,1,0,80.0,0.0,0.0,0.0,365.0,0.0,0.0,0.0,0.0,0.0,0.0,3,1,0.33,14.09,42.28,67.06,80.0,-11.54,0.0,1,3,0,1,0,0,1,0
0,0,1,1,61.0,1,0,0,0,1,1,1,1,1,73.8,0.0,0.0,0.0,365.0,0.0,0.0,0.0,0.0,0.0,0.0,1,0,0.0,0.0,0.0,77.35,75.67295081967214,15.74,0.0,4,0,2,0,0,0,0,0
1,0,0,0,3.0,1,0,1,0,0,1,1,0,1,64.4,8.0,135.0,1.0,318.0,1.0,22.6,22.6,1.0,0.0,1.0,3,0,0.0,0.0,0.0,51.01,65.21666666666667,6.34,8.0,3,2,0,0,0,1,0,0
0,1,0,0,40.0,1,1,0,0,1,1,1,1,1,103.75,5.0,10.0,1.0,183.0,0.0,0.0,0.0,0.0,0.0,0.0,2,1,0.5,19.12,38.25,60.11,104.71,12.21,5.0,4,1,1,1,0,1,0,0
0,0,0,0,1.0,1,0,0,0,0,0,0,0,0,71.1,4.0,170.0,1.0,26.0,1.0,8.1,8.1,1.0,0.0,1.0,1,0,0.0,0.0,0.0,103.27,71.1,-20.44,4.0,0,2,0,1,0,0,0,1
0,0,0,0,1.0,1,0,0,0,0,1,0,0,1,49.9,0.0,0.0,0.0,365.0,0.0,0.0,0.0,0.0,0.0,0.0,1,0,0.0,0.0,0.0,99.7,49.9,-8.16,0.0,1,2,0,0,0,0,1,0
1,0,0,0,51.0,1,1,0,0,0,0,0,0,1,24.6,0.0,0.0,0.0,365.0,0.0,0.0,0.0,0.0,0.0,0.0,2,1,0.5,5.32,10.65,75.04,24.83137254901961,3.53,0.0,0,1,1,0,1,0,0,0
1,1,0,0,2.0,1,0,1,0,0,0,0,0,1,49.25,0.0,0.0,0.0,365.0,0.0,0.0,0.0,0.0,0.0,0.0,2,0,0.0,0.0,0.0,46.11,45.55,-8.81,0.0,1,2,0,0,0,0,1,0
1,0,0,0,52.0,0,0,0,1,0,0,0,0,0,30.1,6.0,291.0,1.0,356.0,0.0,0.0,0.0,0.0,0.0,0.0,3,1,0.33,6.09,18.27,97.38,31.21923076923077,-27.96,6.0,1,1,1,0,0,0,0,1
1,0,0,0,51.0,1,1,0,0,0,0,0,1,0,83.4,0.0,0.0,0.0,365.0,0.0,0.0,0.0,0.0,0.0,0.0,1,0,0.0,0.0,0.0,38.17,81.36176470588235,-8.14,0.0,1,1,0,1,0,0,0,0
1,0,0,0,1.0,1,0,0,0,0,0,0,0,1,20.45,8.0,84.5,2.0,283.0,0.0,0.0,0.0,0.0,0.0,0.0,1,1,1.0,8.41,8.41,69.84,20.45,-0.62,4.0,0,3,0,0,1,0,0,1
1,0,1,1,31.0,1,1,1,1,0,1,0,1,1,75.25,5.0,74.0,1.0,127.0,0.0,0.0,0.0,0.0,0.0,0.0,3,1,0.33,1.93,5.78,52.67,75.62903225806451,17.19,5.0,4,1,1,0,0,0,0,0
1,0,0,1,47.0,1,0,0,0,0,0,0,0,0,20.55,0.0,0.0,0.0,365.0,0.0,0.0,0.0,0.0,0.0,0.0,2,0,0.0,0.0,0.0,111.04,21.554255319148936,-0.52,0.0,0,0,1,0,1,1,0,0
0,0,0,0,3.0,1,1,0,0,0,0,0,0,1,75.1,8.0,136.5,2.0,31.0,0.0,0.0,0.0,0.0,0.0,0.0,3,0,0.0,0.0,0.0,71.24,90.23333333333333,-16.44,4.0,0,2,0,1,0,1,0,0
0,1,0,0,22.0,1,0,0,0,0,0,0,0,1,20.05,0.0,0.0,0.0,365.0,0.0,0.0,0.0,0.0,0.0,0.0,1,0,0.0,0.0,0.0,113.1,18.954545454545453,-1.02,0.0,0,0,1,0,1,0,0,1
0,0,1,0,1.0,1,0,0,0,0,0,0,0,1,20.65,6.0,268.0,1.0,142.0,0.0,0.0,0.0,0.0,0.0,0.0,2,0,0.0,0.0,0.0,85.28,20.65,-0.42,6.0,0,2,0,0,1,0,0,1
1,0,1,0,64.0,1,1,0,1,1,1,1,1,1,85.15,0.0,0.0,0.0,365.0,1.0,12.6,12.6,0.0,0.0,0.0,3,0,0.0,0.0,0.0,82.68,98.690625,27.09,0.0,5,0,2,0,0,0,0,0
1,0,1,1,3.0,1,0,0,0,1,0,0,0,1,50.15,0.0,0.0,0.0,365.0,0.0,0.0,0.0,0.0,0.0,0.0,2,0,0.0,0.0,0.0,40.11,56.050000000000004,-7.91,0.0,1,2,0,0,0,0,1,0
1,1,1,1,47.0,1,0,0,1,0,0,1,0,1,84.95,4.0,90.0,1.0,25.0,0.0,0.0,0.0,0.0,0.0,0.0,2,1,0.5,11.47,22.94,99.26,85.4904255319149,-6.59,4.0,2,1,1,1,0,0,0,0
1,0,1,1,72.0,1,1,1,0,1,1,0,0,1,56.15,0.0,0.0,0.0,365.0,0.0,0.0,0.0,0.0,0.0,0.0,2,0,0.0,0.0,0.0,78.68,66.82777777777778,-1.91,0.0,3,0,2,0,0,1,0,0
1,0,1,1,66.0,1,1,0,0,1,0,1,0,1,63.3,0.0,0.0,0.0,365.0,0.0,0.0,0.0,0.0,0.0,0.0,2,0,0.0,0.0,0.0,81.8,63.48030303030303,5.24,0.0,2,0,2,0,0,0,0,0
1,0,0,0,35.0,1,1,0,0,0,0,1,0,0,83.15,7.0,254.0,1.0,229.0,0.0,0.0,0.0,0.0,0.0,0.0,2,0,0.0,0.0,0.0,37.77,81.38428571428571,-8.39,7.0,1,1,0,1,0,0,1,0
1,0,0,0,29.0,1,1,0,0,0,0,0,1,1,84.9,0.0,0.0,0.0,365.0,0.0,0.0,0.0,0.0,0.0,0.0,3,0,0.0,0.0,0.0,78.13,86.7655172413793,-6.64,0.0,1,1,0,1,0,0,1,0
0,0,0,0,2.0,1,0,0,0,0,0,0,0,1,20.55,0.0,0.0,0.0,365.0,0.0,0.0,0.0,0.0,0.0,0.0,3,0,0.0,0.0,0.0,69.59,16.8,-0.52,0.0,0,2,0,0,1,0,0,1
1,0,0,0,4.0,1,0,0,1,0,0,0,0,0,49.25,3.0,294.0,1.0,172.0,0.0,0.0,0.0,0.0,0.0,0.0,2,0,0.0,0.0,0.0,86.12,52.1125,-8.81,3.0,1,2,0,0,0,0,0,1
0,0,0,0,25.0,1,0,1,1,0,0,0,0,1,79.85,0.0,0.0,0.0,365.0,0.0,0.0,0.0,0.0,0.0,0.0,2,1,0.5,6.08,12.16,75.6,80.61399999999999,-11.69,0.0,2,2,0,1,0,0,0,0
0,0,0,0,65.0,1,0,1,1,0,1,0,0,1,59.6,0.0,0.0,0.0,365.0,0.0,0.0,0.0,0.0,0.0,0.0,2,0,0.0,0.0,0.0,90.14,57.535384615384615,1.54,0.0,3,0,2,0,0,0,0,1
1,1,0,0,27.0,1,1,0,1,0,1,1,1,1,104.65,0.0,0.0,0.0,365.0,0.0,0.0,0.0,0.0,0.0,0.0,2,1,0.5,10.38,20.76,92.05,109.77777777777777,13.11,0.0,4,1,1,1,0,0,0,0
1,0,1,0,29.0,1,0,0,0,1,0,0,0,1,75.3,4.0,49.0,1.0,159.0,0.0,0.0,0.0,0.0,0.0,0.0,3,1,0.33,2.33,6.98,59.75,78.04827586206896,-16.24,4.0,1,2,0,1,0,1,0,0
1,0,1,1,29.0,1,1,0,1,1,0,1,1,0,80.1,0.0,0.0,0.0,365.0,0.0,0.0,0.0,0.0,0.0,0.0,2,0,0.0,0.0,0.0,59.0,76.26896551724138,22.04,0.0,4,1,0,0,0,1,0,0
1,0,0,0,1.0,1,0,0,0,0,0,0,0,0,19.55,0.0,0.0,0.0,365.0,0.0,0.0,0.0,0.0,0.0,0.0,1,1,1.0,17.66,17.66,40.23,19.55,-1.52,0.0,0,3,0,0,1,0,0,1
0,0,1,0,12.0,1,0,0,0,1,1,0,0,1,81.0,4.0,255.0,1.0,1.0,1.0,6.4,6.4,1.0,0.0,1.0,2,0,0.0,0.0,0.0,56.72,140.30833333333334,-10.54,4.0,2,1,0,1,0,0,0,1
0,0,0,0,58.0,1,1,0,0,0,0,0,0,1,24.7,0.0,0.0,0.0,365.0,0.0,0.0,0.0,0.0,0.0,0.0,1,0,0.0,0.0,0.0,93.25,26.189655172413794,3.63,0.0,0,0,2,0,1,1,0,0
0,0,0,1,14.0,1,1,1,0,0,1,0,0,1,86.0,0.0,0.0,0.0,365.0,0.0,0.0,0.0,0.0,0.0,0.0,3,0,0.0,0.0,0.0,59.35,83.14642857142857,-5.54,0.0,2,1,0,1,0,0,0,1
1,0,1,0,72.0,1,1,0,0,0,0,0,0,0,25.4,5.0,44.0,2.0,67.0,0.0,0.0,0.0,0.0,0.0,0.0,1,0,0.0,0.0,0.0,60.16,23.762500000000003,4.33,2.5,0,0,2,0,1,0,0,1
1,0,0,0,46.0,1,1,1,0,0,0,1,0,1,89.15,0.0,0.0,0.0,365.0,0.0,0.0,0.0,0.0,0.0,0.0,1,0,0.0,0.0,0.0,66.11,92.29456521739131,-2.39,0.0,2,1,0,1,0,1,0,0
0,0,1,0,71.0,0,0,0,1,1,1,1,1,0,58.25,0.0,0.0,0.0,365.0,0.0,0.0,0.0,0.0,0.0,0.0,1,0,0.0,0.0,0.0,56.14,58.39295774647887,0.19,0.0,5,0,2,0,0,0,0,0
1,0,0,0,32.0,1,1,0,0,0,0,0,1,1,85.65,0.0,0.0,0.0,365.0,0.0,0.0,0.0,0.0,0.0,0.0,1,0,0.0,0.0,0.0,59.37,83.259375,-5.89,0.0,1,1,0,1,0,0,0,0
0,0,0,0,26.0,0,0,0,0,1,0,1,1,1,50.35,0.0,0.0,0.0,365.0,0.0,0.0,0.0,0.0,0.0,0.0,3,1,0.33,14.18,42.55,110.15,49.13461538461539,-7.71,0.0,3,2,0,0,0,1,0,0
1,1,1,0,68.0,1,1,0,0,1,0,0,0,1,80.35,0.0,0.0,0.0,365.0,0.0,0.0,0.0,0.0,0.0,0.0,3,0,0.0,0.0,0.0,89.37,82.19558823529412,-11.19,0.0,1,1,0,1,0,1,0,0
1,0,1,1,2.0,1,0,0,0,0,0,0,0,0,20.2,4.0,118.0,1.0,15.0,0.0,0.0,0.0,0.0,0.0,0.0,1,0,0.0,0.0,0.0,61.55,17.375,-0.87,4.0,0,1,1,0,1,0,0,1
1,0,1,1,61.0,1,0,0,0,0,0,0,0,0,20.55,0.0,0.0,0.0,365.0,1.0,59.3,59.3,1.0,0.0,1.0,1,1,1.0,15.67,15.67,101.08,21.409016393442624,-0.52,0.0,0,1,2,0,1,1,0,0
0,0,1,1,4.0,1,1,0,0,0,0,0,1,1,85.95,0.0,0.0,0.0,365.0,0.0,0.0,0.0,0.0,0.0,0.0,1,0,0.0,0.0,0.0,57.25,95.325,-5.59,0.0,1,2,0,1,0,0,1,0
1,0,0,0,3.0,1,0,0,0,0,0,0,0,1,45.35,0.0,0.0,0.0,365.0,1.0,12.6,12.6,1.0,0.0,1.0,3,1,0.33,14.13,42.38,89.46,47.166666666666664,-12.71,0.0,0,3,0,0,0,0,1,0
1,1,1,0,33.0,1,1,0,0,0,0,1,1,1,94.5,0.0,0.0,0.0,365.0,1.0,8.8,8.8,1.0,0.0,1.0,3,1,0.33,10.98,32.94,87.37,94.10757575757576,2.96,0.0,2,2,0,1,0,0,1,0
1,1,1,0,9.0,1,0,0,0,0,0,0,0,1,20.15,3.0,175.0,1.0,167.0,0.0,0.0,0.0,0.0,0.0,0.0,2,0,0.0,0.0,0.0,72.67,22.727777777777778,-0.92,3.0,0,2,0,0,1,0,0,1
0,0,0,0,22.0,1,1,0,0,0,0,0,0,0,26.25,0.0,0.0,0.0,365.0,0.0,0.0,0.0,0.0,0.0,0.0,1,1,1.0,2.44,2.44,27.08,27.54090909090909,5.18,0.0,0,1,2,0,1,0,0,1
0,0,1,1,5.0,1,0,0,0,0,0,1,0,1,80.85,8.0,210.0,1.0,113.0,0.0,0.0,0.0,0.0,0.0,0.0,2,0,0.0,0.0,0.0,70.18,71.22,-10.69,8.0,1,2,0,1,0,0,1,0
0,1,0,0,30.0,1,1,1,1,1,0,0,0,0,91.7,0.0,0.0,0.0,365.0,0.0,0.0,0.0,0.0,0.0,0.0,1,0,0.0,0.0,0.0,37.45,91.93833333333333,0.16,0.0,3,1,0,1,0,1,0,0
1,0,0,0,65.0,1,1,0,1,1,1,0,1,1,74.2,8.0,64.0,1.0,276.0,0.0,0.0,0.0,0.0,0.0,0.0,1,1,1.0,9.94,9.94,20.55,73.93307692307691,16.14,8.0,4,1,2,0,0,1,0,0
0,0,0,0,45.0,1,1,0,0,1,1,0,0,1,87.25,3.0,299.0,1.0,343.0,0.0,0.0,0.0,0.0,0.0,0.0,1,0,0.0,0.0,0.0,44.01,87.59333333333333,-4.29,3.0,2,1,0,1,0,0,1,0
1,0,0,0,5.0,1,0,0,0,0,0,0,0,0,20.35,4.0,5.0,1.0,55.0,0.0,0.0,0.0,0.0,0.0,0.0,3,1,0.33,4.94,14.83,49.29,18.55,-0.72,4.0,0,3,0,0,1,0,0,1
1,0,1,1,25.0,1,0,0,1,0,0,0,0,1,91.75,0.0,0.0,0.0,365.0,0.0,0.0,0.0,0.0,0.0,0.0,2,0,0.0,0.0,0.0,43.89,76.042,0.21,0.0,1,1,0,1,0,0,1,0
0,0,1,1,64.0,1,1,1,0,0,0,0,0,0,79.05,0.0,0.0,0.0,365.0,0.0,0.0,0.0,0.0,0.0,0.0,3,0,0.0,0.0,0.0,75.43,89.5421875,-12.49,0.0,1,0,2,1,0,0,0,0
0,0,1,0,12.0,1,1,0,0,1,0,0,1,0,90.15,0.0,0.0,0.0,365.0,1.0,25.0,25.0,0.0,1.0,0.0,1,0,0.0,0.0,0.0,47.97,201.95000000000002,-1.39,0.0,2,1,0,1,0,0,0,0
1,0,1,1,32.0,0,0,0,0,1,0,1,1,0,56.15,6.0,154.0,1.0,355.0,0.0,0.0,0.0,0.0,0.0,0.0,1,0,0.0,0.0,0.0,51.51,51.6703125,-1.91,6.0,3,1,0,0,0,1,0,0
0,0,0,0,30.0,1,1,0,1,1,1,1,1,0,110.45,0.0,0.0,0.0,365.0,0.0,0.0,0.0,0.0,0.0,0.0,3,0,0.0,0.0,0.0,77.53,110.90166666666667,18.91,0.0,5,0,1,1,0,1,0,0
1,0,1,0,70.0,1,0,1,1,1,1,0,1,0,101.0,0.0,0.0,0.0,365.0,0.0,0.0,0.0,0.0,0.0,0.0,1,0,0.0,0.0,0.0,52.61,101.22142857142858,9.46,0.0,5,0,2,1,0,1,0,0
1,1,0,0,42.0,1,1,0,1,0,0,0,0,1,79.35,0.0,0.0,0.0,365.0,0.0,0.0,0.0,0.0,0.0,0.0,1,0,0.0,0.0,0.0,93.76,79.62142857142857,-12.19,0.0,1,1,0,1,0,0,0,0
0,1,1,0,72.0,1,1,1,1,1,1,1,1,1,89.85,0.0,0.0,0.0,365.0,0.0,0.0,0.0,0.0,0.0,0.0,2,1,0.5,16.36,32.73,56.52,93.01875000000001,31.79,0.0,6,1,2,0,0,0,0,0
0,0,0,0,47.0,1,1,1,0,1,1,0,0,1,65.0,8.0,213.0,1.0,146.0,0.0,0.0,0.0,0.0,0.0,0.0,1,0,0.0,0.0,0.0,52.8,61.274468085106385,6.94,8.0,3,0,2,0,0,0,0,1
0,0,0,0,2.0,1,0,1,0,1,0,0,0,1,80.45,3.0,262.0,1.0,317.0,0.0,0.0,0.0,0.0,0.0,0.0,2,0,0.0,0.0,0.0,25.66,68.55,-11.09,3.0,2,2,0,1,0,0,1,0
1,0,0,0,12.0,1,1,1,0,0,0,1,1,0,98.55,0.0,0.0,0.0,365.0,0.0,0.0,0.0,0.0,0.0,0.0,2,1,0.5,8.02,16.04,54.52,84.04583333333333,7.01,0.0,3,2,0,1,0,0,1,0
0,0,1,1,61.0,1,1,0,0,0,0,0,0,1,24.1,0.0,0.0,0.0,365.0,1.0,64.9,64.9,1.0,0.0,1.0,1,0,0.0,0.0,0.0,38.31,25.43606557377049,3.03,0.0,0,0,2,0,1,0,0,1
0,0,0,0,5.0,1,0,0,0,0,0,0,0,1,44.05,22.0,135.66666666666666,3.0,90.0,0.0,0.0,0.0,0.0,0.0,0.0,1,0,0.0,0.0,0.0,107.34,40.43,-14.01,7.333,0,2,0,0,0,1,0,0
0,1,1,0,72.0,1,1,0,1,1,1,1,1,1,110.8,2.0,127.0,1.0,96.0,0.0,0.0,0.0,0.0,0.0,0.0,1,0,0.0,0.0,0.0,98.88,109.47569444444444,19.26,2.0,5,0,2,1,0,1,0,0
1,1,1,1,72.0,1,1,1,1,1,1,1,1,1,114.95,0.0,0.0,0.0,365.0,0.0,0.0,0.0,0.0,0.0,0.0,2,1,0.5,2.06,4.11,38.14,113.83888888888889,23.41,0.0,6,1,2,1,0,0,0,0
0,1,0,0,3.0,1,0,0,0,1,0,0,0,0,75.05,0.0,0.0,0.0,365.0,0.0,0.0,0.0,0.0,0.0,0.0,1,0,0.0,0.0,0.0,81.49,67.63333333333334,-16.49,0.0,1,2,0,1,0,0,0,1
1,0,1,0,48.0,1,0,0,0,0,0,0,0,0,19.25,0.0,0.0,0.0,365.0,0.0,0.0,0.0,0.0,0.0,0.0,1,0,0.0,0.0,0.0,48.29,17.814583333333335,-1.82,0.0,0,0,2,0,1,0,0,1
0,0,0,0,63.0,1,0,0,0,1,1,1,0,1,90.05,3.0,110.0,2.0,232.0,0.0,0.0,0.0,0.0,0.0,0.0,2,0,0.0,0.0,0.0,66.58,92.33333333333333,-1.49,1.5,3,0,1,1,0,1,0,0
0,0,0,0,27.0,1,0,1,1,0,0,0,0,1,56.7,0.0,0.0,0.0,365.0,0.0,0.0,0.0,0.0,0.0,0.0,1,0,0.0,0.0,0.0,53.37,61.220370370370375,-1.36,0.0,2,1,0,0,0,0,0,1
1,0,1,1,70.0,1,0,1,1,1,0,1,1,1,80.15,0.0,0.0,0.0,365.0,0.0,0.0,0.0,0.0,0.0,0.0,1,1,1.0,52.8,52.8,117.19,80.00214285714286,22.09,0.0,5,1,2,0,0,1,0,0
1,0,1,1,12.0,1,0,1,0,1,1,0,1,1,71.35,0.0,0.0,0.0,365.0,0.0,0.0,0.0,0.0,0.0,0.0,2,0,0.0,0.0,0.0,39.44,42.979166666666664,13.29,0.0,4,1,0,0,0,1,0,0
1,0,0,1,0.0,1,0,0,0,0,0,0,0,0,20.25,0.0,0.0,0.0,365.0,0.0,0.0,0.0,0.0,0.0,0.0,1,0,0.0,0.0,0.0,106.03,20.25,-0.82,0.0,0,1,2,0,1,0,0,1
0,0,1,0,2.0,1,0,1,1,0,0,1,0,0,90.35,8.0,112.0,1.0,129.0,0.0,0.0,0.0,0.0,0.0,0.0,3,1,0.33,2.78,8.33,33.75,95.25,-1.19,8.0,3,3,0,1,0,0,1,0
1,1,0,0,20.0,1,1,0,0,1,0,1,1,1,98.55,0.0,0.0,0.0,365.0,1.0,19.1,19.1,1.0,0.0,1.0,1,0,0.0,0.0,0.0,73.25,92.14,7.01,0.0,3,1,0,1,0,0,1,0
1,0,0,0,66.0,1,0,0,0,0,0,0,0,0,19.7,0.0,0.0,0.0,365.0,1.0,24.0,24.0,0.0,1.0,0.0,2,1,0.5,15.47,30.94,54.19,18.996969696969696,-1.37,0.0,0,1,2,0,1,0,0,0
0,0,0,0,3.0,1,0,0,0,0,0,0,0,0,19.85,0.0,0.0,0.0,365.0,0.0,0.0,0.0,0.0,0.0,0.0,2,1,0.5,16.28,32.57,85.9,19.066666666666666,-1.22,0.0,0,3,0,0,1,0,0,1
0,0,0,1,15.0,1,0,0,1,0,0,0,1,1,85.9,0.0,0.0,0.0,365.0,1.0,2.6,2.6,1.0,0.0,1.0,3,1,0.33,6.6,19.79,47.58,84.63666666666667,-5.64,0.0,2,2,0,1,0,0,0,0
0,0,1,1,72.0,1,1,1,1,0,1,0,0,1,90.35,1.0,48.0,1.0,143.0,0.0,0.0,0.0,0.0,0.0,0.0,2,0,0.0,0.0,0.0,46.69,91.15833333333333,-1.19,1.0,3,0,2,1,0,0,0,0
1,0,0,0,1.0,1,0,0,0,0,0,0,0,0,20.8,4.0,61.0,1.0,314.0,0.0,0.0,0.0,0.0,0.0,0.0,2,0,0.0,0.0,0.0,64.74,20.8,-0.27,4.0,0,2,0,0,1,0,0,1
0,0,0,0,22.0,1,0,0,0,0,0,1,1,0,89.25,0.0,0.0,0.0,365.0,0.0,0.0,0.0,0.0,0.0,0.0,3,0,0.0,0.0,0.0,66.43,86.72045454545454,-2.29,0.0,2,1,0,1,0,0,1,0
1,0,1,0,3.0,1,0,0,0,0,0,0,0,1,70.3,0.0,0.0,0.0,365.0,1.0,14.9,14.9,1.0,0.0,1.0,1,0,0.0,0.0,0.0,99.29,69.61666666666666,-21.24,0.0,0,2,0,1,0,0,1,0
0,0,1,1,72.0,1,1,1,0,1,1,0,0,0,66.85,2.0,241.0,1.0,178.0,0.0,0.0,0.0,0.0,0.0,0.0,2,0,0.0,0.0,0.0,69.46,66.09444444444445,8.79,2.0,3,0,2,0,0,0,0,0
1,0,1,1,64.0,1,0,0,0,0,0,0,0,0,19.9,0.0,0.0,0.0,365.0,0.0,0.0,0.0,0.0,0.0,0.0,1,0,0.0,0.0,0.0,62.19,20.196875,-1.17,0.0,0,0,2,0,1,0,0,1
0,0,0,0,11.0,0,0,0,0,0,0,1,0,1,35.8,0.0,0.0,0.0,365.0,0.0,0.0,0.0,0.0,0.0,0.0,3,0,0.0,0.0,0.0,54.74,33.01363636363636,-22.26,0.0,1,2,0,0,0,0,0,1
1,0,0,0,22.0,1,1,0,1,0,0,0,0,1,78.85,4.0,263.0,1.0,322.0,1.0,94.9,94.9,1.0,0.0,1.0,3,0,0.0,0.0,0.0,62.37,72.73863636363636,-12.69,4.0,1,1,0,1,0,0,0,1
1,0,0,0,14.0,1,0,0,0,0,0,0,0,0,20.4,2.0,228.0,1.0,361.0,0.0,0.0,0.0,0.0,0.0,0.0,1,0,0.0,0.0,0.0,29.09,19.692857142857143,-0.67,2.0,0,0,1,0,1,0,0,0
1,0,0,0,41.0,1,0,0,0,0,1,0,0,1,74.25,0.0,0.0,0.0,365.0,0.0,0.0,0.0,0.0,0.0,0.0,3,0,0.0,0.0,0.0,108.53,75.34390243902439,-17.29,0.0,1,1,0,1,0,0,1,0
1,0,1,0,17.0,1,0,1,1,0,0,0,1,0,64.8,0.0,0.0,0.0,365.0,0.0,0.0,0.0,0.0,0.0,0.0,1,0,0.0,0.0,0.0,68.38,69.15294117647058,6.74,0.0,3,0,1,0,0,0,0,1
1,0,0,0,11.0,1,0,0,0,0,0,0,0,1,20.45,0.0,0.0,0.0,365.0,0.0,0.0,0.0,0.0,0.0,0.0,3,2,0.67,4.58,7.59,85.15,21.572727272727274,-0.62,0.0,0,3,0,0,1,1,0,0
1,0,0,0,15.0,1,1,0,0,0,0,1,1,1,93.35,5.0,54.0,1.0,264.0,0.0,0.0,0.0,0.0,0.0,0.0,3,0,0.0,0.0,0.0,76.3,96.31,1.81,5.0,2,1,0,1,0,0,1,0
0,0,0,0,1.0,1,0,0,0,0,0,0,0,0,19.9,0.0,0.0,0.0,365.0,0.0,0.0,0.0,0.0,0.0,0.0,2,0,0.0,0.0,0.0,82.12,19.9,-1.17,0.0,0,2,0,0,1,0,0,1
0,0,1,0,5.0,1,0,1,0,1,0,0,1,1,88.9,0.0,0.0,0.0,365.0,0.0,0.0,0.0,0.0,0.0,0.0,2,0,0.0,0.0,0.0,40.83,90.83,-2.64,0.0,3,2,0,1,0,0,0,1
1,0,1,0,33.0,1,0,0,0,1,0,1,1,1,95.8,0.0,0.0,0.0,365.0,0.0,0.0,0.0,0.0,0.0,0.0,2,0,0.0,0.0,0.0,57.88,92.02272727272727,4.26,0.0,3,0,1,1,0,0,1,0
0,0,1,0,72.0,1,1,1,1,1,0,1,1,1,110.65,0.0,0.0,0.0,365.0,0.0,0.0,0.0,0.0,0.0,0.0,3,2,0.67,7.04,13.94,62.67,112.02291666666666,19.11,0.0,5,1,2,1,0,1,0,0
0,0,1,1,3.0,0,0,0,1,0,0,0,1,0,40.3,1.0,5.0,1.0,91.0,0.0,0.0,0.0,0.0,0.0,0.0,3,1,0.33,12.0,35.99,78.34,30.833333333333332,-17.76,1.0,2,3,0,0,0,0,0,1
1,0,0,0,2.0,1,1,0,1,0,0,0,0,1,82.0,0.0,0.0,0.0,365.0,0.0,0.0,0.0,0.0,0.0,0.0,2,0,0.0,0.0,0.0,43.47,92.325,-9.54,0.0,1,2,0,1,0,0,1,0
0,0,1,0,59.0,1,1,1,1,1,1,0,1,1,91.75,0.0,0.0,0.0,365.0,0.0,0.0,0.0,0.0,0.0,0.0,2,0,0.0,0.0,0.0,110.17,104.27627118644068,0.21,0.0,5,0,1,1,0,1,0,0
1,0,0,0,2.0,1,0,0,0,0,0,0,0,0,45.35,0.0,0.0,0.0,365.0,1.0,15.3,15.3,1.0,0.0,1.0,2,0,0.0,0.0,0.0,108.45,44.75,-12.71,0.0,0,2,0,0,0,0,1,0
1,0,1,1,71.0,1,0,0,1,0,1,1,1,1,73.35,5.0,34.0,1.0,305.0,0.0,0.0,0.0,0.0,0.0,0.0,3,0,0.0,0.0,0.0,46.32,72.59859154929578,15.29,5.0,4,0,2,0,0,1,0,0
0,0,1,1,5.0,1,0,0,0,0,0,0,0,0,44.8,10.0,218.0,1.0,326.0,0.0,0.0,0.0,0.0,0.0,0.0,1,0,0.0,0.0,0.0,93.28,44.089999999999996,-13.26,10.0,0,2,0,0,0,0,0,1
1,0,1,1,27.0,1,0,1,1,0,0,0,0,1,54.75,0.0,0.0,0.0,365.0,0.0,0.0,0.0,0.0,0.0,0.0,3,0,0.0,0.0,0.0,87.27,55.93703703703704,-3.31,0.0,2,1,0,0,0,1,0,0
0,0,0,0,1.0,1,0,0,0,0,1,0,0,1,52.2,0.0,0.0,0.0,365.0,0.0,0.0,0.0,0.0,0.0,0.0,2,0,0.0,0.0,0.0,53.51,52.2,-5.86,0.0,1,2,0,0,0,0,1,0
1,0,0,1,63.0,0,0,1,1,0,1,0,0,1,40.6,0.0,0.0,0.0,365.0,0.0,0.0,0.0,0.0,0.0,0.0,1,0,0.0,0.0,0.0,21.62,41.09444444444444,-17.46,0.0,3,0,1,0,0,0,0,0
0,1,0,0,46.0,1,1,1,1,1,0,1,1,1,110.0,2.0,10.0,1.0,188.0,1.0,34.1,34.1,1.0,0.0,1.0,1,0,0.0,0.0,0.0,94.12,105.97391304347826,18.46,2.0,5,0,1,1,0,0,1,0
1,0,1,1,72.0,1,1,1,0,0,0,0,0,0,55.3,0.0,0.0,0.0,365.0,0.0,0.0,0.0,0.0,0.0,0.0,3,0,0.0,0.0,0.0,45.39,55.327777777777776,-2.76,0.0,1,0,2,0,0,0,0,0
0,0,1,0,34.0,1,1,1,0,0,1,0,0,1,60.85,18.0,117.33333333333331,3.0,147.0,0.0,0.0,0.0,0.0,0.0,0.0,3,0,0.0,0.0,0.0,75.68,58.92941176470588,2.79,6.0,2,1,0,0,0,0,0,0
0,0,1,1,24.0,1,1,1,1,0,0,1,1,0,78.4,0.0,0.0,0.0,365.0,1.0,6.7,6.7,0.0,0.0,0.0,1,0,0.0,0.0,0.0,82.37,76.35000000000001,20.34,0.0,4,0,1,0,0,0,1,0
1,0,0,0,64.0,1,1,1,1,1,1,0,0,0,69.65,4.0,186.0,1.0,347.0,1.0,24.5,24.5,0.0,0.0,0.0,3,0,0.0,0.0,0.0,89.24,76.69140625,11.59,4.0,4,0,2,0,0,0,0,0
0,0,1,1,60.0,0,0,1,0,1,1,1,1,0,59.85,0.0,0.0,0.0,365.0,0.0,0.0,0.0,0.0,0.0,0.0,3,0,0.0,0.0,0.0,40.73,59.836666666666666,1.79,0.0,5,0,2,0,0,1,0,0
1,0,0,0,68.0,1,1,1,1,1,0,0,1,1,76.9,0.0,0.0,0.0,365.0,0.0,0.0,0.0,0.0,0.0,0.0,2,1,0.5,5.42,10.84,61.79,73.86764705882354,18.84,0.0,4,1,1,0,0,1,0,0
0,0,1,1,8.0,1,0,0,0,0,0,0,0,1,19.85,0.0,0.0,0.0,365.0,1.0,20.7,20.7,1.0,0.0,1.0,3,0,0.0,0.0,0.0,46.36,18.325,-1.22,0.0,0,1,2,0,1,0,0,1
0,0,0,1,34.0,1,0,1,0,1,1,1,0,0,67.65,0.0,0.0,0.0,365.0,0.0,0.0,0.0,0.0,0.0,0.0,2,1,0.5,5.53,11.06,51.14,68.8029411764706,9.59,0.0,4,1,2,0,0,1,0,0
0,0,0,0,6.0,0,0,0,0,0,0,1,1,0,45.0,8.0,63.0,1.0,31.0,0.0,0.0,0.0,0.0,0.0,0.0,3,0,0.0,0.0,0.0,53.5,49.78333333333333,-13.06,8.0,2,2,0,0,0,1,0,0
1,0,1,0,2.0,1,0,0,1,0,1,0,1,1,56.15,5.0,272.0,1.0,209.0,0.0,0.0,0.0,0.0,0.0,0.0,3,0,0.0,0.0,0.0,72.41,71.825,-1.91,5.0,3,2,0,0,0,0,0,1
1,0,0,0,31.0,1,1,0,0,0,1,0,0,0,81.7,0.0,0.0,0.0,365.0,0.0,0.0,0.0,0.0,0.0,0.0,2,0,0.0,0.0,0.0,47.37,82.21451612903226,-9.84,0.0,1,0,1,1,0,1,0,0
0,0,1,1,20.0,1,1,0,0,0,0,0,0,1,25.55,5.0,184.0,1.0,244.0,0.0,0.0,0.0,0.0,0.0,0.0,3,0,0.0,0.0,0.0,73.69,25.369999999999997,4.48,5.0,0,1,0,0,1,0,0,0
0,0,1,1,1.0,1,0,0,0,0,0,0,0,0,20.0,0.0,0.0,0.0,365.0,0.0,0.0,0.0,0.0,0.0,0.0,2,0,0.0,0.0,0.0,91.66,20.0,-1.07,0.0,0,2,0,0,1,0,1,0
1,0,0,0,62.0,1,1,0,0,1,0,1,1,1,96.75,0.0,0.0,0.0,365.0,0.0,0.0,0.0,0.0,0.0,0.0,1,0,0.0,0.0,0.0,88.88,98.79677419354839,5.21,0.0,3,0,1,1,0,0,1,0
0,1,1,0,70.0,1,1,0,0,0,0,0,0,1,75.65,0.0,0.0,0.0,365.0,0.0,0.0,0.0,0.0,0.0,0.0,3,0,0.0,0.0,0.0,79.37,77.30571428571427,-15.89,0.0,0,0,2,1,0,1,0,0
0,0,0,0,10.0,1,1,0,0,0,1,1,1,1,98.5,0.0,0.0,0.0,365.0,0.0,0.0,0.0,0.0,0.0,0.0,3,2,0.67,8.96,19.29,78.23,105.825,6.96,0.0,3,3,0,1,0,0,1,0
1,0,1,1,39.0,1,1,0,0,0,0,0,0,1,23.8,0.0,0.0,0.0,365.0,0.0,0.0,0.0,0.0,0.0,0.0,2,1,0.5,7.04,14.07,48.69,23.174358974358974,2.73,0.0,0,1,2,0,1,0,0,1
0,0,1,0,46.0,1,0,0,1,0,1,1,0,1,64.2,10.0,24.0,3.0,7.0,0.0,0.0,0.0,0.0,0.0,0.0,3,1,0.33,7.91,23.72,94.89,65.42391304347827,6.14,3.333,3,1,2,0,0,1,0,0
1,0,0,0,6.0,1,0,0,1,0,0,1,0,1,85.35,0.0,0.0,0.0,365.0,0.0,0.0,0.0,0.0,0.0,0.0,1,0,0.0,0.0,0.0,23.44,81.575,-6.19,0.0,2,2,0,1,0,0,1,0
0,0,1,1,72.0,1,1,0,0,1,0,1,1,1,76.8,3.0,49.0,1.0,224.0,0.0,0.0,0.0,0.0,0.0,0.0,3,0,0.0,0.0,0.0,83.04,75.95069444444444,18.74,3.0,3,0,2,0,0,0,0,0
1,0,0,0,18.0,1,0,0,0,1,1,0,0,0,55.2,2.0,11.0,1.0,154.0,0.0,0.0,0.0,0.0,0.0,0.0,3,1,0.33,12.44,37.31,91.99,58.78333333333333,-2.86,2.0,2,2,0,0,0,1,0,0
1,0,1,0,71.0,1,1,1,0,1,1,1,1,1,108.55,0.0,0.0,0.0,365.0,0.0,0.0,0.0,0.0,0.0,0.0,1,0,0.0,0.0,0.0,72.27,107.26760563380282,17.01,0.0,5,0,2,1,0,1,0,0
1,0,1,0,40.0,1,1,0,1,0,0,1,1,1,101.3,0.0,0.0,0.0,365.0,0.0,0.0,0.0,0.0,0.0,0.0,1,0,0.0,0.0,0.0,42.22,102.82750000000001,9.76,0.0,3,1,0,1,0,0,1,0
1,0,0,0,1.0,1,0,0,0,0,0,0,0,1,69.55,3.0,266.0,1.0,339.0,0.0,0.0,0.0,0.0,0.0,0.0,2,0,0.0,0.0,0.0,86.38,69.55,-21.99,3.0,0,2,0,1,0,0,1,0
1,0,0,0,58.0,1,1,0,1,1,0,1,1,1,103.25,0.0,0.0,0.0,365.0,0.0,0.0,0.0,0.0,0.0,0.0,3,0,0.0,0.0,0.0,55.39,103.75258620689655,11.71,0.0,4,0,1,1,0,0,0,0
1,0,0,0,64.0,1,1,1,0,0,1,1,1,1,104.0,0.0,0.0,0.0,365.0,0.0,0.0,0.0,0.0,0.0,0.0,2,0,0.0,0.0,0.0,53.93,113.28359375,12.46,0.0,4,0,2,1,0,1,0,0
0,0,1,0,42.0,1,1,0,0,0,0,0,0,0,25.25,3.0,227.0,1.0,100.0,0.0,0.0,0.0,0.0,0.0,0.0,2,0,0.0,0.0,0.0,95.27,26.385714285714286,4.18,3.0,0,0,2,0,1,0,1,0
1,0,1,1,34.0,0,0,1,0,0,0,0,0,0,30.4,0.0,0.0,0.0,365.0,0.0,0.0,0.0,0.0,0.0,0.0,3,0,0.0,0.0,0.0,78.36,27.60735294117647,-27.66,0.0,1,0,1,0,0,0,0,0
1,1,0,0,5.0,1,0,0,0,0,0,0,0,0,20.05,11.0,150.0,1.0,81.0,1.0,4.2,4.2,0.0,0.0,0.0,3,0,0.0,0.0,0.0,59.62,18.830000000000002,-1.02,11.0,0,2,0,0,1,0,0,0
0,0,0,0,25.0,1,1,0,0,0,0,1,0,1,84.6,0.0,0.0,0.0,365.0,0.0,0.0,0.0,0.0,0.0,0.0,3,0,0.0,0.0,0.0,57.55,83.522,-6.94,0.0,1,1,0,1,0,0,0,1
0,0,0,0,2.0,1,0,0,0,1,0,0,1,1,86.2,0.0,0.0,0.0,365.0,1.0,34.3,34.3,0.0,1.0,0.0,3,0,0.0,0.0,0.0,87.61,89.35,-5.34,0.0,2,2,0,1,0,0,0,1
0,0,1,1,55.0,1,0,0,1,1,1,1,1,1,103.7,0.0,0.0,0.0,365.0,2.0,23.0,39.0,1.0,1.0,0.5,2,0,0.0,0.0,0.0,89.65,102.85,12.16,0.0,5,0,1,1,0,0,0,0
1,0,1,0,21.0,1,1,0,1,1,1,1,1,1,111.2,0.0,0.0,0.0,365.0,0.0,0.0,0.0,0.0,0.0,0.0,1,0,0.0,0.0,0.0,57.93,110.33809523809524,19.66,0.0,5,1,0,1,0,0,1,0
1,0,1,0,70.0,1,1,1,1,0,1,0,0,1,88.0,0.0,0.0,0.0,365.0,1.0,6.3,6.3,0.0,1.0,0.0,2,0,0.0,0.0,0.0,78.9,85.52071428571428,-3.54,0.0,3,0,2,1,0,1,0,0
0,0,1,0,61.0,1,1,0,0,1,1,1,1,1,106.35,5.0,243.0,1.0,91.0,0.0,0.0,0.0,0.0,0.0,0.0,3,0,0.0,0.0,0.0,74.94,110.67786885245903,14.81,5.0,4,1,0,1,0,0,1,0
1,0,1,1,43.0,1,0,1,0,1,1,1,1,1,79.15,0.0,0.0,0.0,365.0,0.0,0.0,0.0,0.0,0.0,0.0,3,0,0.0,0.0,0.0,97.04,82.94418604651163,21.09,0.0,5,0,2,0,0,1,0,0
1,0,0,0,47.0,1,1,0,1,1,0,1,1,1,103.1,2.0,200.0,1.0,341.0,0.0,0.0,0.0,0.0,0.0,0.0,3,0,0.0,0.0,0.0,64.36,104.02765957446809,11.56,2.0,4,0,1,1,0,0,1,0
1,0,0,0,5.0,1,0,0,0,1,1,1,0,1,63.95,0.0,0.0,0.0,365.0,1.0,6.2,6.2,1.0,0.0,1.0,2,1,0.5,4.66,9.32,76.08,63.620000000000005,5.89,0.0,3,3,0,0,0,1,0,0
0,0,0,0,62.0,1,1,0,0,0,0,0,0,1,25.8,0.0,0.0,0.0,365.0,0.0,0.0,0.0,0.0,0.0,0.0,2,0,0.0,0.0,0.0,61.55,25.225,4.73,0.0,0,0,2,0,1,1,0,0
0,0,1,1,16.0,1,0,0,1,1,0,1,0,1,89.45,11.0,61.0,2.0,96.0,0.0,0.0,0.0,0.0,0.0,0.0,1,0,0.0,0.0,0.0,79.22,89.390625,-2.09,5.5,3,1,0,1,0,1,0,0
1,1,1,0,7.0,1,1,0,0,0,0,1,1,1,95.6,11.0,183.0,2.0,193.0,0.0,0.0,0.0,0.0,0.0,0.0,3,0,0.0,0.0,0.0,81.48,92.05,4.06,5.5,2,2,0,1,0,0,0,0
0,0,1,1,14.0,1,1,0,0,0,0,0,0,0,25.55,0.0,0.0,0.0,365.0,0.0,0.0,0.0,0.0,0.0,0.0,2,0,0.0,0.0,0.0,45.18,26.603571428571428,4.48,0.0,0,1,0,0,1,0,0,1
1,0,1,1,60.0,1,0,0,1,1,0,1,0,0,90.95,0.0,0.0,0.0,365.0,0.0,0.0,0.0,0.0,0.0,0.0,2,0,0.0,0.0,0.0,37.67,90.89,-0.59,0.0,3,0,1,1,0,0,1,0
1,0,1,1,34.0,0,0,0,0,1,1,1,0,1,44.85,4.0,289.0,1.0,120.0,0.0,0.0,0.0,0.0,0.0,0.0,1,0,0.0,0.0,0.0,40.57,42.42941176470588,-13.21,4.0,3,1,0,0,0,0,1,0
0,0,1,0,50.0,1,1,1,1,0,1,1,1,0,108.55,0.0,0.0,0.0,365.0,0.0,0.0,0.0,0.0,0.0,0.0,3,0,0.0,0.0,0.0,71.64,112.214,17.01,0.0,5,0,1,1,0,0,1,0
1,0,1,1,38.0,1,1,0,0,0,0,0,0,0,25.05,0.0,0.0,0.0,365.0,0.0,0.0,0.0,0.0,0.0,0.0,1,0,0.0,0.0,0.0,94.51,25.367105263157896,3.98,0.0,0,0,2,0,1,1,0,0
0,0,1,1,70.0,1,0,1,1,1,1,0,1,0,74.1,0.0,0.0,0.0,365.0,0.0,0.0,0.0,0.0,0.0,0.0,2,0,0.0,0.0,0.0,44.07,74.60428571428572,16.04,0.0,5,0,1,0,0,1,0,0
0,0,1,1,12.0,1,1,0,1,0,0,1,0,1,88.8,10.0,85.0,1.0,241.0,0.0,0.0,0.0,0.0,0.0,0.0,3,0,0.0,0.0,0.0,91.65,278.37916666666666,-2.74,10.0,2,1,0,1,0,0,1,0
0,1,0,0,4.0,1,0,0,0,0,0,1,0,1,78.85,0.0,0.0,0.0,365.0,0.0,0.0,0.0,0.0,0.0,0.0,1,0,0.0,0.0,0.0,38.41,73.2,-12.69,0.0,1,2,0,1,0,0,1,0
1,1,1,1,60.0,1,1,1,1,0,0,0,1,1,93.25,4.0,161.0,1.0,84.0,0.0,0.0,0.0,0.0,0.0,0.0,2,0,0.0,0.0,0.0,60.63,96.2425,1.71,4.0,3,1,0,1,0,0,1,0
1,0,1,1,62.0,1,0,1,0,1,1,0,1,0,71.4,5.0,140.0,1.0,236.0,1.0,8.2,8.2,0.0,1.0,0.0,2,0,0.0,0.0,0.0,70.47,72.3758064516129,13.34,5.0,4,0,1,0,0,1,0,0
1,0,0,0,1.0,1,0,0,0,0,0,0,0,0,44.4,0.0,0.0,0.0,365.0,0.0,0.0,0.0,0.0,0.0,0.0,2,0,0.0,0.0,0.0,44.42,44.4,-13.66,0.0,0,2,0,0,0,0,0,1
1,0,0,0,36.0,1,0,1,0,1,1,1,1,1,79.2,0.0,0.0,0.0,365.0,0.0,0.0,0.0,0.0,0.0,0.0,1,0,0.0,0.0,0.0,36.13,79.30416666666666,21.14,0.0,5,1,0,0,0,1,0,0
1,0,0,0,44.0,1,0,0,0,0,0,0,0,0,20.4,0.0,0.0,0.0,365.0,0.0,0.0,0.0,0.0,0.0,0.0,2,0,0.0,0.0,0.0,57.85,20.580681818181816,-0.67,0.0,0,0,2,0,1,1,0,0
0,1,0,0,55.0,1,1,0,0,1,0,1,1,1,100.0,0.0,0.0,0.0,365.0,0.0,0.0,0.0,0.0,0.0,0.0,2,0,0.0,0.0,0.0,79.44,100.16909090909091,8.46,0.0,3,0,1,1,0,0,1,0
0,0,1,0,72.0,1,1,1,0,1,0,1,1,1,105.0,0.0,0.0,0.0,365.0,0.0,0.0,0.0,0.0,0.0,0.0,1,1,1.0,17.74,17.74,72.13,105.41388888888889,13.46,0.0,4,1,2,1,0,1,0,0
0,0,1,1,44.0,1,0,0,0,0,0,0,0,0,19.8,0.0,0.0,0.0,365.0,0.0,0.0,0.0,0.0,0.0,0.0,2,1,0.5,13.2,26.39,53.02,5.218181818181818,-1.27,0.0,0,1,1,0,1,0,0,0
0,0,0,0,13.0,0,0,1,0,0,0,0,0,1,30.85,0.0,0.0,0.0,365.0,0.0,0.0,0.0,0.0,0.0,0.0,2,0,0.0,0.0,0.0,82.24,30.315384615384616,-27.21,0.0,1,1,0,0,0,0,0,0
1,0,0,0,1.0,1,0,0,0,0,0,1,1,1,89.9,0.0,84.0,1.0,365.0,0.0,0.0,0.0,0.0,0.0,0.0,3,1,0.33,6.0,18.0,89.19,89.9,-1.64,0.0,2,3,0,1,0,0,1,0
0,0,1,1,15.0,1,0,0,0,0,0,0,0,0,20.55,0.0,0.0,0.0,365.0,0.0,0.0,0.0,0.0,0.0,0.0,3,0,0.0,0.0,0.0,80.87,19.73,-0.52,0.0,0,0,1,0,1,0,0,1
0,0,0,0,65.0,1,0,1,1,1,1,1,1,1,84.85,0.0,0.0,0.0,365.0,0.0,0.0,0.0,0.0,0.0,0.0,2,0,0.0,0.0,0.0,103.84,83.9876923076923,26.79,0.0,6,0,2,0,0,0,0,0
0,0,1,1,12.0,0,0,1,0,0,1,0,0,0,33.15,0.0,0.0,0.0,365.0,1.0,35.4,35.4,0.0,0.0,0.0,3,1,0.33,4.27,12.8,50.36,37.0625,-24.91,0.0,2,1,1,0,0,1,0,0
1,0,1,0,72.0,1,1,1,1,1,1,1,1,1,92.0,2.0,11.0,1.0,9.0,0.0,0.0,0.0,0.0,0.0,0.0,3,0,0.0,0.0,0.0,71.37,94.19652777777777,33.94,2.0,6,0,2,0,0,1,0,0
0,0,1,1,72.0,1,1,1,1,1,1,1,1,0,89.8,7.0,203.0,1.0,337.0,0.0,0.0,0.0,0.0,0.0,0.0,3,1,0.33,5.84,17.52,67.81,90.42291666666667,31.74,7.0,6,1,2,0,0,1,0,0
0,0,1,1,72.0,1,1,1,1,1,1,1,1,1,115.8,0.0,0.0,0.0,365.0,0.0,0.0,0.0,0.0,0.0,0.0,1,0,0.0,0.0,0.0,71.21,117.72916666666667,24.26,0.0,6,0,2,1,0,0,0,0
1,0,0,1,52.0,1,1,1,1,0,1,1,1,1,85.15,7.0,234.0,1.0,134.0,0.0,0.0,0.0,0.0,0.0,0.0,2,1,0.5,11.06,22.12,60.66,85.8048076923077,27.09,7.0,5,1,2,0,0,0,0,1
1,0,0,0,2.0,1,1,0,0,0,0,0,0,0,24.85,0.0,0.0,0.0,365.0,1.0,64.5,64.5,0.0,1.0,0.0,3,0,0.0,0.0,0.0,69.54,31.0,3.78,0.0,0,2,0,0,1,0,0,1
0,0,0,0,5.0,1,0,1,0,0,1,1,0,1,64.35,0.0,0.0,0.0,365.0,0.0,0.0,0.0,0.0,0.0,0.0,3,0,0.0,0.0,0.0,37.11,70.53,6.29,0.0,3,2,0,0,0,0,1,0
0,0,0,0,68.0,1,0,0,0,0,0,0,0,0,20.5,5.0,262.0,1.0,145.0,0.0,0.0,0.0,0.0,0.0,0.0,1,1,1.0,7.99,7.99,86.04,20.954411764705885,-0.57,5.0,0,1,2,0,1,1,0,0
0,0,0,1,62.0,1,1,0,0,1,0,1,1,1,100.15,2.0,90.0,1.0,61.0,0.0,0.0,0.0,0.0,0.0,0.0,3,0,0.0,0.0,0.0,69.2,103.44596774193548,8.61,2.0,3,0,1,1,0,0,1,0
1,0,0,0,72.0,1,1,1,1,0,1,1,1,0,86.05,11.0,139.5,2.0,17.0,0.0,0.0,0.0,0.0,0.0,0.0,3,0,0.0,0.0,0.0,60.44,87.63402777777777,27.99,5.5,5,0,2,0,0,1,0,0
1,0,0,0,1.0,1,0,0,1,0,0,0,0,0,50.8,0.0,0.0,0.0,365.0,2.0,22.0,25.0,0.0,1.0,0.0,1,1,1.0,28.71,28.71,88.7,50.8,-7.26,0.0,1,3,0,0,0,0,1,0
0,0,1,0,66.0,1,1,1,1,0,1,0,0,0,89.0,0.0,0.0,0.0,365.0,0.0,0.0,0.0,0.0,0.0,0.0,2,1,0.5,2.55,5.1,76.93,89.37272727272727,-2.54,0.0,3,1,1,1,0,0,1,0
1,0,1,1,72.0,0,0,1,1,1,1,1,1,1,64.8,0.0,0.0,0.0,365.0,0.0,0.0,0.0,0.0,0.0,0.0,3,1,0.33,3.12,9.36,67.54,65.55208333333333,6.74,0.0,6,1,2,0,0,1,0,0
1,0,0,0,26.0,1,0,0,0,0,0,0,0,0,19.8,6.0,102.0,1.0,241.0,0.0,0.0,0.0,0.0,0.0,0.0,2,0,0.0,0.0,0.0,97.58,17.588461538461537,-1.27,6.0,0,0,1,0,1,1,0,0
1,0,1,1,64.0,1,1,1,0,1,0,0,1,0,93.4,0.0,0.0,0.0,365.0,0.0,0.0,0.0,0.0,0.0,0.0,3,2,0.67,9.16,23.99,85.83,90.9734375,1.86,0.0,3,1,2,1,0,0,0,0
1,1,1,0,20.0,1,0,0,1,0,0,0,0,1,73.65,4.0,181.0,1.0,43.0,0.0,0.0,0.0,0.0,0.0,0.0,2,0,0.0,0.0,0.0,107.84,73.175,-17.89,4.0,1,1,0,1,0,0,1,0
0,0,0,0,3.0,1,0,0,1,0,0,1,1,1,95.1,0.0,0.0,0.0,365.0,1.0,3.6,3.6,0.0,0.0,0.0,1,1,1.0,5.85,5.85,47.41,102.46666666666665,3.56,0.0,3,3,0,1,0,0,1,0
1,0,0,0,22.0,1,1,0,0,0,0,1,1,1,94.65,4.0,132.0,1.0,230.0,0.0,0.0,0.0,0.0,0.0,0.0,3,1,0.33,11.8,35.4,105.05,95.66136363636365,3.11,4.0,2,2,0,1,0,1,0,0
1,0,1,0,4.0,1,0,0,0,1,1,0,0,1,80.6,0.0,0.0,0.0,365.0,0.0,0.0,0.0,0.0,0.0,0.0,3,0,0.0,0.0,0.0,60.73,79.7875,-10.94,0.0,2,2,0,1,0,0,0,1
1,0,1,0,62.0,0,0,0,0,0,1,1,0,1,39.0,0.0,0.0,0.0,365.0,0.0,0.0,0.0,0.0,0.0,0.0,1,0,0.0,0.0,0.0,102.22,37.7008064516129,-19.06,0.0,2,0,2,0,0,0,0,0
0,0,0,0,5.0,1,0,0,0,0,0,0,0,1,20.5,5.0,112.5,2.0,33.0,1.0,13.0,13.0,0.0,0.0,0.0,3,0,0.0,0.0,0.0,84.01,20.86,-0.57,2.5,0,2,0,0,1,0,0,1
1,0,1,0,59.0,1,1,0,0,0,0,0,1,0,85.55,0.0,0.0,0.0,365.0,0.0,0.0,0.0,0.0,0.0,0.0,1,0,0.0,0.0,0.0,59.86,86.18050847457627,-5.99,0.0,1,0,1,1,0,0,1,0
1,0,0,1,3.0,1,1,0,0,0,0,0,0,1,26.4,6.0,193.0,1.0,269.0,0.0,0.0,0.0,0.0,0.0,0.0,2,0,0.0,0.0,0.0,62.8,40.416666666666664,5.33,6.0,0,1,2,0,1,0,0,1
0,0,1,0,72.0,1,1,1,0,1,1,1,0,1,98.2,5.0,112.0,1.0,334.0,0.0,0.0,0.0,0.0,0.0,0.0,1,1,1.0,6.5,6.5,39.89,97.44305555555555,6.66,5.0,4,1,2,1,0,0,0,0
1,0,1,1,57.0,1,0,0,1,1,0,1,1,1,97.55,0.0,0.0,0.0,365.0,0.0,0.0,0.0,0.0,0.0,0.0,2,1,0.5,1.48,2.97,65.76,98.21052631578948,6.01,0.0,4,1,1,1,0,1,0,0
1,0,0,1,66.0,1,0,0,0,0,0,0,0,0,19.95,0.0,0.0,0.0,365.0,0.0,0.0,0.0,0.0,0.0,0.0,1,0,0.0,0.0,0.0,65.26,19.228787878787877,-1.12,0.0,0,0,2,0,1,1,0,0
0,0,0,0,60.0,0,0,0,1,0,0,1,1,1,50.8,0.0,0.0,0.0,365.0,1.0,11.6,11.6,1.0,0.0,1.0,3,1,0.33,1.31,3.92,48.24,50.45666666666667,-7.26,0.0,3,2,0,0,0,0,1,0
1,0,0,1,45.0,1,1,0,0,1,0,1,1,0,99.7,0.0,0.0,0.0,365.0,0.0,0.0,0.0,0.0,0.0,0.0,2,1,0.5,13.76,27.52,81.2,102.98555555555556,8.16,0.0,3,1,2,1,0,0,0,0
0,0,0,0,3.0,0,0,0,0,0,0,1,0,1,34.8,0.0,0.0,0.0,365.0,0.0,0.0,0.0,0.0,0.0,0.0,2,1,0.5,9.76,19.52,92.85,37.983333333333334,-23.26,0.0,1,3,0,0,0,1,0,0
0,0,0,0,15.0,1,0,1,0,1,1,1,1,0,105.1,0.0,0.0,0.0,365.0,0.0,0.0,0.0,0.0,0.0,0.0,2,0,0.0,0.0,0.0,22.52,105.51666666666667,13.56,0.0,5,1,0,1,0,0,1,0
0,0,0,1,51.0,0,0,1,0,1,1,1,1,0,60.15,3.0,190.0,1.0,353.0,1.0,0.2,0.2,0.0,0.0,0.0,1,0,0.0,0.0,0.0,35.05,60.333333333333336,2.09,3.0,5,0,1,0,0,0,0,0
0,0,0,0,60.0,1,1,1,0,1,1,0,0,0,64.75,0.0,0.0,0.0,365.0,0.0,0.0,0.0,0.0,0.0,0.0,1,0,0.0,0.0,0.0,32.57,67.325,6.69,0.0,3,0,1,0,0,0,1,0
1,0,0,0,33.0,1,1,0,1,0,0,0,0,1,54.65,0.0,0.0,0.0,365.0,0.0,0.0,0.0,0.0,0.0,0.0,2,0,0.0,0.0,0.0,114.81,50.46060606060606,-3.41,0.0,1,1,0,0,0,0,0,0
1,0,0,0,10.0,1,0,1,1,1,1,1,1,1,110.1,0.0,0.0,0.0,365.0,0.0,0.0,0.0,0.0,0.0,0.0,1,0,0.0,0.0,0.0,59.12,104.33,18.56,0.0,6,2,0,1,0,0,1,0
1,1,0,0,26.0,1,0,0,0,0,0,0,0,0,19.3,14.0,212.0,2.0,67.0,0.0,0.0,0.0,0.0,0.0,0.0,3,0,0.0,0.0,0.0,84.92,19.392307692307693,-1.77,7.0,0,0,1,0,1,1,0,0
0,0,0,0,6.0,1,0,0,0,1,0,0,1,0,91.75,0.0,0.0,0.0,365.0,0.0,0.0,0.0,0.0,0.0,0.0,1,0,0.0,0.0,0.0,20.03,82.925,0.21,0.0,2,2,0,1,0,0,1,0
0,0,1,0,67.0,1,1,1,0,1,1,1,1,1,111.25,0.0,0.0,0.0,365.0,0.0,0.0,0.0,0.0,0.0,0.0,2,0,0.0,0.0,0.0,103.66,112.1141791044776,19.71,0.0,5,0,1,1,0,0,1,0
0,0,1,1,49.0,0,0,1,0,0,1,0,0,1,35.8,2.0,218.0,1.0,86.0,0.0,0.0,0.0,0.0,0.0,0.0,1,1,1.0,23.17,23.17,58.44,36.36734693877551,-22.26,2.0,2,1,1,0,0,1,0,0
1,0,0,0,1.0,1,0,0,0,0,0,0,0,1,20.05,15.0,130.0,2.0,127.0,0.0,0.0,0.0,0.0,0.0,0.0,3,1,0.33,4.34,13.03,84.6,20.05,-1.02,7.5,0,3,0,0,1,0,0,1
0,1,0,0,7.0,1,0,0,0,1,0,1,0,1,84.35,0.0,0.0,0.0,365.0,0.0,0.0,0.0,0.0,0.0,0.0,3,0,0.0,0.0,0.0,100.77,87.09285714285714,-7.19,0.0,2,2,0,1,0,0,1,0
0,1,0,0,27.0,1,1,1,1,1,0,1,1,1,110.5,7.0,126.0,1.0,45.0,0.0,0.0,0.0,0.0,0.0,0.0,2,0,0.0,0.0,0.0,48.94,105.83703703703704,18.96,7.0,5,0,1,1,0,0,0,0
1,0,1,1,37.0,1,0,0,0,0,0,1,1,0,91.2,0.0,0.0,0.0,365.0,2.0,3.2,5.4,2.0,0.0,1.0,2,0,0.0,0.0,0.0,82.52,87.77162162162162,-0.34,0.0,2,0,1,1,0,1,0,0
0,0,1,1,63.0,1,1,1,1,1,0,1,0,1,100.55,0.0,0.0,0.0,365.0,0.0,0.0,0.0,0.0,0.0,0.0,3,1,0.33,10.09,30.28,68.53,98.65634920634922,9.01,0.0,4,2,0,1,0,0,1,0
1,0,1,1,31.0,1,1,1,0,1,1,0,0,0,89.3,0.0,0.0,0.0,365.0,0.0,0.0,0.0,0.0,0.0,0.0,1,0,0.0,0.0,0.0,80.01,91.06451612903226,-2.24,0.0,3,1,0,1,0,0,1,0
1,0,1,1,50.0,1,1,0,1,1,0,1,1,1,103.85,0.0,0.0,0.0,365.0,0.0,0.0,0.0,0.0,0.0,0.0,3,0,0.0,0.0,0.0,67.98,100.35799999999999,12.31,0.0,4,1,0,1,0,0,0,0
1,1,0,0,32.0,1,1,0,0,1,0,0,0,1,81.1,4.0,157.0,1.0,199.0,0.0,0.0,0.0,0.0,0.0,0.0,3,0,0.0,0.0,0.0,65.31,81.8515625,-10.44,4.0,1,1,0,1,0,1,0,0
0,0,0,0,1.0,0,0,0,0,0,0,0,0,0,24.6,0.0,0.0,0.0,365.0,0.0,0.0,0.0,0.0,0.0,0.0,3,1,0.33,10.21,30.62,74.52,24.6,-33.46,0.0,0,3,0,0,0,0,1,0
0,0,1,0,63.0,1,1,0,0,0,1,0,0,1,81.2,0.0,0.0,0.0,365.0,0.0,0.0,0.0,0.0,0.0,0.0,2,0,0.0,0.0,0.0,48.78,78.81111111111112,-10.34,0.0,1,0,1,1,0,1,0,0
1,0,0,0,30.0,1,1,1,1,0,0,0,1,1,94.3,0.0,0.0,0.0,365.0,0.0,0.0,0.0,0.0,0.0,0.0,2,0,0.0,0.0,0.0,102.1,89.32333333333332,2.76,0.0,3,1,0,1,0,1,0,0
1,0,1,0,71.0,1,1,1,1,1,1,1,1,1,91.75,0.0,0.0,0.0,365.0,0.0,0.0,0.0,0.0,0.0,0.0,3,0,0.0,0.0,0.0,82.58,117.04999999999998,0.21,0.0,6,0,2,1,0,0,0,0
0,0,0,0,53.0,1,1,0,1,1,0,1,1,0,105.55,0.0,0.0,0.0,365.0,0.0,0.0,0.0,0.0,0.0,0.0,2,0,0.0,0.0,0.0,105.6,107.2122641509434,14.01,0.0,4,0,2,1,0,0,1,0
0,0,0,0,12.0,1,0,1,0,0,1,1,1,1,98.9,6.0,88.0,1.0,135.0,0.0,0.0,0.0,0.0,0.0,0.0,1,0,0.0,0.0,0.0,33.08,93.41250000000001,7.36,6.0,4,1,0,1,0,0,0,0
1,0,1,0,50.0,1,1,1,1,0,0,0,1,1,94.4,0.0,0.0,0.0,365.0,0.0,0.0,0.0,0.0,0.0,0.0,3,0,0.0,0.0,0.0,81.59,98.29799999999999,2.86,0.0,3,1,0,1,0,1,0,0
0,0,0,0,2.0,1,0,0,0,0,0,0,0,0,19.5,6.0,234.0,1.0,227.0,0.0,0.0,0.0,0.0,0.0,0.0,2,0,0.0,0.0,0.0,98.8,13.775,-1.57,6.0,0,2,0,0,1,0,0,1
0,0,0,0,9.0,1,1,0,0,1,0,1,1,0,98.3,0.0,0.0,0.0,365.0,1.0,3.5,3.5,0.0,0.0,0.0,2,0,0.0,0.0,0.0,65.0,102.61111111111111,6.76,0.0,3,2,0,1,0,1,0,0
1,0,0,0,17.0,1,0,1,0,0,0,1,1,0,93.85,0.0,0.0,0.0,365.0,0.0,0.0,0.0,0.0,0.0,0.0,1,0,0.0,0.0,0.0,59.48,95.62647058823529,2.31,0.0,3,1,0,1,0,0,1,0
0,0,1,0,56.0,1,0,1,1,1,0,1,1,1,105.6,0.0,0.0,0.0,365.0,0.0,0.0,0.0,0.0,0.0,0.0,3,1,0.33,9.41,28.22,68.19,108.36874999999999,14.06,0.0,5,1,1,1,0,1,0,0
1,0,1,1,67.0,1,0,1,1,1,0,1,1,0,81.35,3.0,193.0,1.0,71.0,0.0,0.0,0.0,0.0,0.0,0.0,3,1,0.33,1.73,5.2,54.91,80.57611940298509,23.29,3.0,5,1,2,0,0,1,0,0
1,1,0,0,9.0,1,1,0,0,1,0,1,1,1,100.5,0.0,0.0,0.0,365.0,1.0,37.5,37.5,0.0,1.0,0.0,3,0,0.0,0.0,0.0,77.98,102.06666666666666,8.96,0.0,3,2,0,1,0,0,1,0
1,0,0,0,4.0,1,0,0,0,0,0,1,0,1,56.4,7.0,158.0,2.0,71.0,0.0,0.0,0.0,0.0,0.0,0.0,1,0,0.0,0.0,0.0,33.27,58.7125,-1.66,3.5,1,2,0,0,0,0,1,0
1,0,0,0,19.0,1,0,0,1,0,1,0,1,1,65.35,7.0,180.0,1.0,15.0,0.0,0.0,0.0,0.0,0.0,0.0,2,0,0.0,0.0,0.0,61.36,64.83421052631579,7.29,7.0,3,0,1,0,0,0,0,0
0,0,0,1,8.0,1,0,0,0,0,0,0,0,0,19.95,0.0,0.0,0.0,365.0,0.0,0.0,0.0,0.0,0.0,0.0,3,1,0.33,4.23,12.69,56.51,21.3625,-1.12,0.0,0,3,0,0,1,0,0,1
0,0,0,0,71.0,1,1,0,1,1,1,1,1,1,111.25,9.0,171.5,2.0,186.0,0.0,0.0,0.0,0.0,0.0,0.0,3,0,0.0,0.0,0.0,49.11,112.45281690140844,19.71,4.5,5,0,2,1,0,0,1,0
1,1,0,0,10.0,1,0,0,1,0,0,0,0,1,72.85,5.0,213.0,1.0,349.0,0.0,0.0,0.0,0.0,0.0,0.0,1,0,0.0,0.0,0.0,73.45,68.865,-18.69,5.0,1,2,0,1,0,0,1,0
0,1,0,0,15.0,1,1,0,1,0,0,1,0,0,89.0,0.0,0.0,0.0,365.0,0.0,0.0,0.0,0.0,0.0,0.0,1,0,0.0,0.0,0.0,82.58,85.88666666666667,-2.54,0.0,2,1,0,1,0,1,0,0
1,0,1,1,72.0,1,1,1,0,1,0,1,1,1,106.1,0.0,0.0,0.0,365.0,0.0,0.0,0.0,0.0,0.0,0.0,1,0,0.0,0.0,0.0,49.1,109.00694444444444,14.56,0.0,4,0,1,1,0,0,0,0
1,0,0,0,12.0,1,0,0,0,0,0,0,0,0,20.05,11.0,223.0,1.0,168.0,1.0,76.4,76.4,0.0,0.0,0.0,1,0,0.0,0.0,0.0,68.24,22.25,-1.02,11.0,0,0,1,0,1,1,0,0
1,0,1,1,72.0,1,1,0,0,0,0,0,0,1,25.2,0.0,0.0,0.0,365.0,0.0,0.0,0.0,0.0,0.0,0.0,2,0,0.0,0.0,0.0,59.41,24.984722222222224,4.13,0.0,0,0,2,0,1,0,0,0
1,1,1,0,1.0,1,1,0,0,0,0,0,0,1,73.55,0.0,0.0,0.0,365.0,0.0,0.0,0.0,0.0,0.0,0.0,2,0,0.0,0.0,0.0,57.3,73.55,-17.99,0.0,0,2,0,1,0,0,1,0
0,1,0,0,23.0,1,0,1,0,0,0,0,0,1,75.4,0.0,0.0,0.0,365.0,0.0,0.0,0.0,0.0,0.0,0.0,3,1,0.33,1.98,5.93,80.07,71.45869565217392,-16.14,0.0,1,2,0,1,0,0,0,0
1,0,0,0,72.0,0,0,1,1,1,1,1,1,1,65.55,2.0,80.0,1.0,287.0,0.0,0.0,0.0,0.0,0.0,0.0,2,1,0.5,11.82,23.64,62.66,66.77013888888888,7.49,2.0,6,1,2,0,0,0,0,0
0,0,0,0,26.0,1,1,0,0,1,0,0,0,1,80.7,0.0,0.0,0.0,365.0,0.0,0.0,0.0,0.0,0.0,0.0,2,0,0.0,0.0,0.0,86.06,84.34615384615384,-10.84,0.0,1,1,0,1,0,0,1,0
0,0,0,0,21.0,1,0,0,1,1,1,1,1,1,104.55,0.0,0.0,0.0,365.0,0.0,0.0,0.0,0.0,0.0,0.0,1,0,0.0,0.0,0.0,93.24,106.63809523809525,13.01,0.0,5,0,1,1,0,0,0,1
1,0,1,0,60.0,1,1,0,0,0,0,0,0,0,24.15,7.0,154.0,1.0,115.0,0.0,0.0,0.0,0.0,0.0,0.0,3,1,0.33,2.4,7.2,66.55,25.098333333333336,3.08,7.0,0,1,1,0,1,0,0,0
1,0,0,0,12.0,1,0,0,0,0,0,0,0,0,20.45,0.0,0.0,0.0,365.0,0.0,0.0,0.0,0.0,0.0,0.0,2,0,0.0,0.0,0.0,96.82,21.279166666666665,-0.62,0.0,0,1,0,0,1,0,0,1
1,0,1,0,16.0,1,1,0,0,0,0,0,0,1,75.4,0.0,0.0,0.0,365.0,0.0,0.0,0.0,0.0,0.0,0.0,2,1,0.5,2.26,4.53,72.98,74.3375,-16.14,0.0,0,2,0,1,0,0,1,0
0,0,1,0,63.0,1,1,1,1,0,0,1,1,1,79.7,0.0,0.0,0.0,365.0,0.0,0.0,0.0,0.0,0.0,0.0,2,1,0.5,5.64,11.28,84.3,75.97063492063492,21.64,0.0,4,1,1,0,0,1,0,0
0,1,0,0,22.0,1,0,1,1,0,0,0,0,0,81.7,0.0,0.0,0.0,365.0,0.0,0.0,0.0,0.0,0.0,0.0,3,1,0.33,10.33,30.98,83.79,82.76818181818182,-9.84,0.0,2,2,0,1,0,0,1,0
0,0,1,1,32.0,1,0,1,1,1,1,0,1,0,76.3,0.0,0.0,0.0,365.0,0.0,0.0,0.0,0.0,0.0,0.0,1,0,0.0,0.0,0.0,38.65,75.1296875,18.24,0.0,5,1,0,0,0,0,0,0
0,1,0,0,3.0,1,1,0,1,0,0,0,0,1,79.4,0.0,0.0,0.0,365.0,0.0,0.0,0.0,0.0,0.0,0.0,3,0,0.0,0.0,0.0,78.29,68.35000000000001,-12.14,0.0,1,2,0,1,0,0,1,0
0,0,0,0,13.0,1,0,0,1,1,0,0,0,1,81.15,0.0,0.0,0.0,365.0,0.0,0.0,0.0,0.0,0.0,0.0,1,0,0.0,0.0,0.0,75.48,73.25384615384615,-10.39,0.0,2,1,0,1,0,0,1,0
0,0,1,1,68.0,1,1,0,1,0,1,1,1,1,103.75,0.0,0.0,0.0,365.0,0.0,0.0,0.0,0.0,0.0,0.0,1,0,0.0,0.0,0.0,33.82,103.52132352941176,12.21,0.0,4,0,2,1,0,1,0,0
0,0,1,1,30.0,1,0,0,0,1,0,0,1,0,86.45,16.0,36.0,2.0,7.0,0.0,0.0,0.0,0.0,0.0,0.0,2,2,1.0,28.98,44.4,61.11,84.60166666666667,-5.09,8.0,2,1,1,1,0,0,1,0
0,0,0,0,16.0,1,0,0,1,0,0,0,0,0,75.1,6.0,30.0,1.0,227.0,1.0,8.9,8.9,0.0,0.0,0.0,2,0,0.0,0.0,0.0,73.4,75.803125,-16.44,6.0,1,1,0,1,0,0,0,0
1,0,0,0,33.0,1,0,0,1,0,1,0,0,0,80.6,7.0,65.0,1.0,123.0,0.0,0.0,0.0,0.0,0.0,0.0,1,0,0.0,0.0,0.0,81.67,80.33636363636363,-10.94,7.0,2,0,2,1,0,0,0,0
1,0,1,0,64.0,1,0,0,0,0,0,0,0,0,19.3,0.0,0.0,0.0,365.0,0.0,0.0,0.0,0.0,0.0,0.0,1,0,0.0,0.0,0.0,50.6,20.3875,-1.77,0.0,0,0,2,0,1,1,0,0
0,1,0,0,4.0,1,1,0,0,0,0,0,1,1,84.6,0.0,0.0,0.0,365.0,0.0,0.0,0.0,0.0,0.0,0.0,1,0,0.0,0.0,0.0,94.34,90.025,-6.94,0.0,1,2,0,1,0,0,1,0
0,0,0,0,12.0,0,0,1,0,0,1,0,0,1,33.6,0.0,0.0,0.0,365.0,1.0,9.4,9.4,1.0,0.0,1.0,2,0,0.0,0.0,0.0,70.56,36.2875,-24.46,0.0,2,0,1,0,0,0,0,1
0,1,1,0,4.0,1,1,0,0,0,0,1,0,1,83.25,0.0,0.0,0.0,365.0,0.0,0.0,0.0,0.0,0.0,0.0,2,0,0.0,0.0,0.0,94.7,77.0125,-8.29,0.0,1,2,0,1,0,0,1,0
0,0,1,1,0.0,1,0,1,1,1,0,1,1,0,80.85,0.0,0.0,0.0,365.0,0.0,0.0,0.0,0.0,0.0,0.0,1,0,0.0,0.0,0.0,111.59,80.85,22.79,0.0,5,1,2,0,0,0,0,1
0,0,0,0,12.0,1,1,1,0,0,0,0,0,1,79.05,0.0,0.0,0.0,365.0,0.0,0.0,0.0,0.0,0.0,0.0,1,0,0.0,0.0,0.0,99.05,36.208333333333336,-12.49,0.0,1,1,0,1,0,0,1,0
0,0,1,0,65.0,1,1,0,1,1,1,1,1,1,108.05,0.0,0.0,0.0,365.0,0.0,0.0,0.0,0.0,0.0,0.0,3,2,0.67,7.3,14.91,47.86,109.52153846153846,16.51,0.0,5,1,1,1,0,1,0,0
0,0,0,0,15.0,1,0,0,0,0,0,0,0,0,19.9,5.0,285.0,1.0,95.0,0.0,0.0,0.0,0.0,0.0,0.0,3,0,0.0,0.0,0.0,70.29,21.363333333333333,-1.17,5.0,0,1,0,0,1,0,0,1
0,0,0,1,24.0,1,0,0,0,0,0,0,0,0,21.05,0.0,0.0,0.0,365.0,1.0,51.3,51.3,0.0,1.0,0.0,2,0,0.0,0.0,0.0,77.26,22.147916666666664,-0.02,0.0,0,0,1,0,1,0,0,0
0,0,0,1,13.0,0,0,0,1,0,0,0,0,0,30.15,4.0,275.0,1.0,56.0,1.0,35.2,35.2,1.0,0.0,1.0,3,1,0.33,14.19,42.58,83.02,29.4,-27.91,4.0,1,2,0,0,0,0,1,0
1,0,0,0,24.0,1,0,0,0,0,0,0,1,1,79.85,6.0,176.0,1.0,88.0,0.0,0.0,0.0,0.0,0.0,0.0,3,0,0.0,0.0,0.0,43.88,83.375,-11.69,6.0,1,1,0,1,0,1,0,0
0,0,1,0,72.0,0,0,1,1,1,1,1,1,0,65.5,0.0,0.0,0.0,365.0,0.0,0.0,0.0,0.0,0.0,0.0,3,0,0.0,0.0,0.0,55.67,68.32916666666667,7.44,0.0,6,0,2,0,0,0,0,0
0,0,1,1,54.0,1,1,1,1,0,0,1,1,1,104.1,0.0,0.0,0.0,365.0,0.0,0.0,0.0,0.0,0.0,0.0,2,0,0.0,0.0,0.0,91.42,104.55185185185185,12.56,0.0,4,1,0,1,0,0,0,0
0,0,0,0,3.0,1,1,0,0,0,0,0,0,0,74.4,7.0,123.0,1.0,233.0,0.0,0.0,0.0,0.0,0.0,0.0,2,1,0.5,9.16,18.33,57.39,71.93333333333334,-17.14,7.0,0,3,0,1,0,0,0,0
1,0,1,1,4.0,1,0,0,0,0,0,0,0,1,20.5,8.0,144.0,1.0,38.0,0.0,0.0,0.0,0.0,0.0,0.0,1,0,0.0,0.0,0.0,64.07,19.4,-0.57,8.0,0,2,0,0,1,0,0,1
0,1,1,1,32.0,1,1,0,0,1,0,1,0,1,91.35,5.0,57.0,1.0,247.0,0.0,0.0,0.0,0.0,0.0,0.0,3,1,0.33,1.97,5.92,29.11,90.5171875,-0.19,5.0,2,2,0,1,0,0,0,1
1,1,0,0,35.0,1,1,0,0,1,0,1,1,1,99.05,14.0,153.0,3.0,42.0,0.0,0.0,0.0,0.0,0.0,0.0,3,0,0.0,0.0,0.0,73.77,97.02285714285715,7.51,4.667,3,1,0,1,0,0,1,0
1,0,1,1,35.0,1,0,0,0,0,0,0,0,0,20.5,5.0,94.0,1.0,70.0,0.0,0.0,0.0,0.0,0.0,0.0,1,0,0.0,0.0,0.0,97.16,21.695714285714285,-0.57,5.0,0,0,2,0,1,0,0,0
1,1,0,0,2.0,1,0,0,0,0,0,0,0,0,56.15,0.0,0.0,0.0,365.0,0.0,0.0,0.0,0.0,0.0,0.0,2,1,0.5,16.72,33.43,84.71,42.575,-1.91,0.0,0,3,0,0,0,0,0,1
0,0,0,0,8.0,1,0,0,1,0,0,0,0,0,75.6,0.0,0.0,0.0,365.0,0.0,0.0,0.0,0.0,0.0,0.0,2,0,0.0,0.0,0.0,84.14,66.94375,-15.94,0.0,1,2,0,1,0,0,1,0
1,0,0,0,22.0,1,0,1,0,0,1,0,0,0,55.1,5.0,107.0,1.0,355.0,0.0,0.0,0.0,0.0,0.0,0.0,3,0,0.0,0.0,0.0,40.89,56.96136363636364,-2.96,5.0,2,1,0,0,0,0,0,1
0,0,0,0,15.0,1,0,1,0,1,1,0,0,0,58.95,0.0,0.0,0.0,365.0,0.0,0.0,0.0,0.0,0.0,0.0,1,0,0.0,0.0,0.0,49.51,63.67666666666666,0.89,0.0,3,1,0,0,0,0,1,0
1,0,0,0,22.0,1,1,0,0,0,0,1,1,1,95.1,7.0,33.0,1.0,276.0,0.0,0.0,0.0,0.0,0.0,0.0,2,0,0.0,0.0,0.0,100.34,98.3,3.56,7.0,2,1,0,1,0,0,1,0
1,0,1,0,1.0,1,0,0,0,0,0,0,0,0,44.7,8.0,147.0,1.0,78.0,0.0,0.0,0.0,0.0,0.0,0.0,3,0,0.0,0.0,0.0,44.92,44.7,-13.36,8.0,0,2,0,0,0,1,0,0
0,0,1,1,71.0,1,1,0,0,0,0,0,0,0,25.45,10.0,186.0,2.0,28.0,1.0,19.6,19.6,1.0,0.0,1.0,2,0,0.0,0.0,0.0,65.16,25.54014084507042,4.38,5.0,0,0,2,0,1,0,0,0
1,0,0,0,12.0,1,0,1,0,1,0,0,0,0,56.75,0.0,0.0,0.0,365.0,1.0,16.0,16.0,1.0,0.0,1.0,2,0,0.0,0.0,0.0,103.21,20.429166666666667,-1.31,0.0,2,1,0,0,0,0,1,0
1,0,0,0,25.0,1,1,1,1,1,1,0,1,0,81.75,0.0,0.0,0.0,365.0,1.0,7.6,7.6,0.0,0.0,0.0,2,0,0.0,0.0,0.0,90.96,81.152,23.69,0.0,5,1,0,0,0,0,0,0
0,0,1,1,32.0,1,0,0,1,0,0,1,0,1,86.1,0.0,0.0,0.0,365.0,1.0,9.3,9.3,1.0,0.0,1.0,2,0,0.0,0.0,0.0,36.02,85.1171875,-5.44,0.0,2,1,0,1,0,0,1,0
1,1,1,0,7.0,0,0,1,0,0,0,0,0,0,29.8,0.0,0.0,0.0,365.0,0.0,0.0,0.0,0.0,0.0,0.0,3,0,0.0,0.0,0.0,78.78,31.49285714285714,-28.26,0.0,1,2,0,0,0,0,0,0
1,0,0,0,17.0,1,0,0,0,0,0,0,0,1,20.5,0.0,0.0,0.0,365.0,0.0,0.0,0.0,0.0,0.0,0.0,2,2,1.0,23.79,36.25,76.51,21.51764705882353,-0.57,0.0,0,1,1,0,1,0,0,1
1,1,1,0,8.0,1,0,1,0,0,0,1,0,0,60.9,0.0,0.0,0.0,365.0,0.0,0.0,0.0,0.0,0.0,0.0,2,1,0.5,4.34,8.68,50.84,68.99375,2.84,0.0,2,3,0,0,0,0,0,0
0,1,0,0,56.0,1,1,1,0,1,1,0,1,0,73.25,0.0,0.0,0.0,365.0,0.0,0.0,0.0,0.0,0.0,0.0,2,0,0.0,0.0,0.0,64.78,72.39642857142857,15.19,0.0,4,0,2,0,0,0,0,0
1,0,0,0,1.0,1,0,0,0,0,0,0,0,1,45.7,0.0,0.0,0.0,365.0,0.0,0.0,0.0,0.0,0.0,0.0,1,0,0.0,0.0,0.0,29.28,45.7,-12.36,0.0,0,2,0,0,0,0,0,1
1,1,0,0,8.0,1,0,1,0,0,1,1,1,0,100.3,5.0,134.0,1.0,184.0,0.0,0.0,0.0,0.0,0.0,0.0,2,0,0.0,0.0,0.0,109.29,104.04375,8.76,5.0,4,2,0,1,0,1,0,0
1,0,0,0,7.0,1,0,0,0,0,0,0,0,0,19.25,0.0,0.0,0.0,365.0,0.0,0.0,0.0,0.0,0.0,0.0,3,1,0.33,1.92,5.75,39.21,16.04285714285714,-1.82,0.0,0,3,0,0,1,0,1,0
1,0,0,1,3.0,1,0,0,0,0,0,0,0,0,20.85,0.0,0.0,0.0,365.0,0.0,0.0,0.0,0.0,0.0,0.0,2,0,0.0,0.0,0.0,79.24,20.216666666666665,-0.22,0.0,0,2,0,0,1,0,0,1
0,0,0,0,71.0,1,0,1,1,1,1,1,0,0,77.35,0.0,0.0,0.0,365.0,0.0,0.0,0.0,0.0,0.0,0.0,2,0,0.0,0.0,0.0,56.58,78.17042253521127,19.29,0.0,5,0,2,0,0,1,0,0
0,0,0,0,2.0,1,1,0,0,0,0,1,1,1,96.0,5.0,49.0,1.0,189.0,0.0,0.0,0.0,0.0,0.0,0.0,2,0,0.0,0.0,0.0,75.38,87.4,4.46,5.0,2,2,0,1,0,0,1,0
0,0,0,0,12.0,1,0,0,0,0,0,1,1,0,90.55,0.0,0.0,0.0,365.0,0.0,0.0,0.0,0.0,0.0,0.0,1,0,0.0,0.0,0.0,76.3,7.545833333333333,-0.99,0.0,2,1,0,1,0,0,1,0
1,0,1,0,49.0,1,1,1,1,0,0,1,0,1,93.85,0.0,0.0,0.0,365.0,0.0,0.0,0.0,0.0,0.0,0.0,2,0,0.0,0.0,0.0,83.42,96.59387755102041,2.31,0.0,3,1,0,1,0,0,0,0
1,0,0,0,58.0,1,0,0,1,1,1,1,0,0,70.1,6.0,26.0,1.0,35.0,0.0,0.0,0.0,0.0,0.0,0.0,2,0,0.0,0.0,0.0,69.94,69.80948275862069,12.04,6.0,4,0,2,0,0,0,0,0
1,1,1,0,44.0,0,0,0,1,0,0,0,0,1,30.35,0.0,0.0,0.0,365.0,0.0,0.0,0.0,0.0,0.0,0.0,1,0,0.0,0.0,0.0,26.69,30.902272727272727,-27.71,0.0,1,1,0,0,0,0,1,0
0,0,1,1,59.0,1,0,0,1,0,1,1,1,1,75.95,3.0,227.0,1.0,6.0,2.0,9.9,16.5,1.0,0.0,0.5,1,0,0.0,0.0,0.0,41.72,76.98898305084747,17.89,3.0,4,0,2,0,0,1,0,0
1,0,0,0,71.0,1,1,1,0,1,1,1,1,1,108.05,12.0,82.0,3.0,163.0,0.0,0.0,0.0,0.0,0.0,0.0,3,0,0.0,0.0,0.0,26.15,106.08661971830985,16.51,4.0,5,0,2,1,0,0,1,0
1,0,0,0,1.0,1,0,0,0,0,0,0,0,1,69.9,0.0,0.0,0.0,365.0,0.0,0.0,0.0,0.0,0.0,0.0,3,0,0.0,0.0,0.0,63.16,69.9,-21.64,0.0,0,2,0,1,0,0,1,0
0,0,0,0,11.0,1,1,0,0,0,0,0,0,0,75.25,0.0,0.0,0.0,365.0,0.0,0.0,0.0,0.0,0.0,0.0,1,0,0.0,0.0,0.0,72.94,80.78636363636363,-16.29,0.0,0,2,0,1,0,0,1,0
1,1,1,0,62.0,1,1,0,1,1,0,1,1,1,103.75,0.0,0.0,0.0,365.0,1.0,30.4,30.4,1.0,0.0,1.0,2,1,0.5,2.11,4.22,48.05,102.95725806451614,12.21,0.0,4,1,1,1,0,0,1,0
0,0,1,1,35.0,1,0,1,0,0,1,0,0,1,54.95,0.0,0.0,0.0,365.0,0.0,0.0,0.0,0.0,0.0,0.0,2,1,0.5,17.8,35.59,75.44,54.74285714285714,-3.11,0.0,2,1,1,0,0,0,0,0
0,0,0,0,20.0,1,0,0,0,0,0,0,0,1,19.5,0.0,0.0,0.0,365.0,0.0,0.0,0.0,0.0,0.0,0.0,2,0,0.0,0.0,0.0,83.5,20.65,-1.57,0.0,0,1,0,0,1,0,0,0
1,0,1,1,40.0,1,0,0,0,0,0,0,0,0,19.6,0.0,0.0,0.0,365.0,0.0,0.0,0.0,0.0,0.0,0.0,3,0,0.0,0.0,0.0,96.03,20.223750000000003,-1.47,0.0,0,0,2,0,1,0,0,1
0,0,0,0,39.0,1,0,1,0,0,0,0,0,1,47.85,0.0,0.0,0.0,365.0,0.0,0.0,0.0,0.0,0.0,0.0,3,2,0.67,15.6,45.27,61.8,48.369230769230775,-10.21,0.0,1,1,1,0,0,0,1,0
1,0,0,0,1.0,1,1,0,0,0,0,0,1,1,86.6,0.0,0.0,0.0,365.0,0.0,0.0,0.0,0.0,0.0,0.0,3,0,0.0,0.0,0.0,65.57,86.6,-4.94,0.0,1,2,0,1,0,0,1,0
0,0,1,1,72.0,1,1,0,0,0,0,0,0,0,23.75,0.0,0.0,0.0,365.0,0.0,0.0,0.0,0.0,0.0,0.0,2,0,0.0,0.0,0.0,68.62,23.322916666666668,2.68,0.0,0,0,2,0,1,0,0,0
0,1,1,0,33.0,1,1,0,1,0,0,0,0,1,80.6,0.0,0.0,0.0,365.0,0.0,0.0,0.0,0.0,0.0,0.0,2,1,0.5,1.39,2.78,41.04,80.5,-10.94,0.0,1,2,0,1,0,0,0,0
0,0,0,0,12.0,1,0,0,0,0,0,0,0,0,43.8,0.0,0.0,0.0,365.0,0.0,0.0,0.0,0.0,0.0,0.0,1,0,0.0,0.0,0.0,73.37,45.07916666666667,-14.26,0.0,0,1,0,0,0,0,0,0
1,0,0,0,1.0,1,0,0,0,0,0,0,0,0,19.75,1.0,119.0,1.0,114.0,0.0,0.0,0.0,0.0,0.0,0.0,1,1,1.0,21.07,21.07,53.78,19.75,-1.32,1.0,0,3,0,0,1,0,0,0
1,0,0,1,27.0,1,0,0,0,0,0,0,0,0,19.15,5.0,265.0,1.0,203.0,1.0,1.8,1.8,0.0,1.0,0.0,2,0,0.0,0.0,0.0,94.59,19.901851851851852,-1.92,5.0,0,1,0,0,1,0,0,1
1,0,1,1,34.0,1,0,0,0,0,0,0,0,0,19.6,0.0,0.0,0.0,365.0,0.0,0.0,0.0,0.0,0.0,0.0,1,0,0.0,0.0,0.0,111.84,19.96470588235294,-1.47,0.0,0,0,1,0,1,1,0,0
0,0,1,0,56.0,1,0,1,0,1,0,0,0,0,80.3,5.0,194.0,1.0,297.0,1.0,15.3,15.3,0.0,1.0,0.0,2,0,0.0,0.0,0.0,86.27,80.60089285714285,-11.24,5.0,2,0,2,1,0,0,0,0
0,0,0,0,58.0,1,1,0,0,0,0,0,0,0,24.35,0.0,0.0,0.0,365.0,0.0,0.0,0.0,0.0,0.0,0.0,2,0,0.0,0.0,0.0,86.35,24.54913793103448,3.28,0.0,0,0,2,0,1,1,0,0
0,0,1,1,22.0,1,1,0,0,0,0,0,0,0,25.25,8.0,133.0,1.0,297.0,0.0,0.0,0.0,0.0,0.0,0.0,3,1,0.33,5.51,16.52,50.92,25.245454545454546,4.18,8.0,0,1,2,0,1,1,0,0
0,0,1,1,10.0,1,1,0,0,0,0,0,0,0,26.1,0.0,0.0,0.0,365.0,0.0,0.0,0.0,0.0,0.0,0.0,2,1,0.5,2.36,4.71,28.68,22.555,5.03,0.0,0,2,2,0,1,1,0,0
1,0,0,0,64.0,1,0,0,0,0,0,0,0,0,20.0,0.0,0.0,0.0,365.0,1.0,93.7,93.7,0.0,1.0,0.0,1,0,0.0,0.0,0.0,67.74,4.19453125,-1.07,0.0,0,0,2,0,1,1,0,0
0,0,0,0,35.0,1,1,0,1,0,1,0,0,0,85.3,0.0,0.0,0.0,365.0,0.0,0.0,0.0,0.0,0.0,0.0,1,0,0.0,0.0,0.0,114.26,83.35714285714286,-6.24,0.0,2,1,0,1,0,1,0,0
0,0,0,0,34.0,1,0,0,0,0,0,0,0,1,91.75,0.0,0.0,0.0,365.0,0.0,0.0,0.0,0.0,0.0,0.0,2,1,0.5,14.2,28.39,63.15,71.06176470588235,0.21,0.0,0,2,0,1,0,1,0,0
0,1,0,0,4.0,1,1,0,0,0,0,1,1,1,94.3,0.0,0.0,0.0,365.0,0.0,0.0,0.0,0.0,0.0,0.0,2,1,0.5,8.87,17.74,52.14,106.1125,2.76,0.0,2,3,0,1,0,0,1,0
1,0,1,0,72.0,1,0,0,0,0,0,0,0,0,20.7,0.0,0.0,0.0,365.0,0.0,0.0,0.0,0.0,0.0,0.0,2,1,0.5,3.6,7.2,66.1,20.72361111111111,-0.37,0.0,0,1,2,0,1,0,0,0
1,0,0,0,2.0,1,0,0,0,0,1,1,1,0,56.15,0.0,0.0,0.0,365.0,0.0,0.0,0.0,0.0,0.0,0.0,2,0,0.0,0.0,0.0,60.95,66.2,-1.91,0.0,3,2,0,0,0,0,1,0
0,0,0,0,7.0,1,0,0,0,1,0,1,1,1,95.35,0.0,0.0,0.0,365.0,0.0,0.0,0.0,0.0,0.0,0.0,1,0,0.0,0.0,0.0,20.05,94.41428571428571,3.81,0.0,3,2,0,1,0,0,1,0
1,1,1,0,27.0,1,1,0,0,0,0,0,0,1,75.5,0.0,0.0,0.0,365.0,0.0,0.0,0.0,0.0,0.0,0.0,3,1,0.33,7.98,23.95,57.79,70.1462962962963,-16.04,0.0,0,2,0,1,0,0,1,0
1,0,1,1,4.0,1,0,0,0,0,0,0,0,1,69.55,0.0,0.0,0.0,365.0,0.0,0.0,0.0,0.0,0.0,0.0,1,0,0.0,0.0,0.0,51.09,71.225,-21.99,0.0,0,2,0,1,0,0,0,1
0,0,0,0,37.0,1,0,0,0,0,0,0,0,0,20.15,0.0,0.0,0.0,365.0,0.0,0.0,0.0,0.0,0.0,0.0,3,0,0.0,0.0,0.0,87.94,21.195945945945947,-0.92,0.0,0,0,2,0,1,0,0,1
1,0,0,0,21.0,1,0,0,0,0,0,0,0,0,20.0,0.0,0.0,0.0,365.0,0.0,0.0,0.0,0.0,0.0,0.0,3,0,0.0,0.0,0.0,66.96,19.89047619047619,-1.07,0.0,0,1,0,0,1,0,0,1
0,1,1,0,53.0,1,1,0,0,0,0,1,1,1,95.85,0.0,0.0,0.0,365.0,0.0,0.0,0.0,0.0,0.0,0.0,1,0,0.0,0.0,0.0,30.74,94.64622641509433,4.31,0.0,2,0,1,1,0,1,0,0
0,0,0,0,18.0,1,1,0,0,0,1,0,1,1,90.1,0.0,0.0,0.0,365.0,0.0,0.0,0.0,0.0,0.0,0.0,1,0,0.0,0.0,0.0,72.04,89.59722222222223,-1.44,0.0,2,1,0,1,0,0,1,0
0,0,0,0,2.0,1,0,0,0,0,0,0,0,0,68.95,2.0,8.0,1.0,43.0,0.0,0.0,0.0,0.0,0.0,0.0,2,0,0.0,0.0,0.0,97.89,59.875,-22.59,2.0,0,2,0,1,0,0,1,0
1,0,1,1,32.0,1,1,1,0,0,0,1,1,1,99.55,0.0,0.0,0.0,365.0,0.0,0.0,0.0,0.0,0.0,0.0,2,0,0.0,0.0,0.0,79.68,100.1453125,8.01,0.0,3,1,0,1,0,1,0,0
1,1,1,0,23.0,1,0,0,0,0,0,0,0,1,20.75,0.0,0.0,0.0,365.0,1.0,10.2,10.2,0.0,1.0,0.0,3,0,0.0,0.0,0.0,59.29,21.09565217391304,-0.32,0.0,0,0,1,0,1,0,1,0
1,0,0,0,3.0,1,0,1,0,0,0,0,0,1,50.15,3.0,149.0,1.0,89.0,1.0,1.8,1.8,1.0,0.0,1.0,3,0,0.0,0.0,0.0,51.31,53.61666666666667,-7.91,3.0,1,2,0,0,0,0,0,1
0,0,1,1,71.0,0,0,1,1,0,1,1,1,0,58.65,0.0,0.0,0.0,365.0,0.0,0.0,0.0,0.0,0.0,0.0,3,0,0.0,0.0,0.0,70.06,58.38380281690141,0.59,0.0,5,0,2,0,0,0,0,1
1,0,0,0,9.0,1,0,0,0,0,1,1,1,1,95.9,8.0,158.0,1.0,308.0,0.0,0.0,0.0,0.0,0.0,0.0,1,0,0.0,0.0,0.0,99.79,91.9388888888889,4.36,8.0,3,2,0,1,0,0,0,0
0,0,0,0,1.0,1,0,0,1,0,0,0,0,0,49.5,0.0,0.0,0.0,365.0,0.0,0.0,0.0,0.0,0.0,0.0,3,0,0.0,0.0,0.0,71.52,49.5,-8.56,0.0,1,2,0,0,0,0,1,0
1,0,1,1,18.0,1,0,0,0,1,0,0,1,0,57.45,7.0,38.0,2.0,262.0,0.0,0.0,0.0,0.0,0.0,0.0,3,0,0.0,0.0,0.0,79.06,55.047222222222224,-0.61,3.5,2,1,0,0,0,0,1,0
1,0,1,1,12.0,1,0,0,0,0,0,0,1,0,53.65,7.0,283.0,1.0,227.0,1.0,0.7,0.7,1.0,0.0,1.0,2,0,0.0,0.0,0.0,60.5,58.02916666666667,-4.41,7.0,1,0,1,0,0,1,0,0
1,0,1,0,71.0,1,1,1,1,1,1,0,1,1,80.1,0.0,0.0,0.0,365.0,0.0,0.0,0.0,0.0,0.0,0.0,3,1,0.33,2.85,8.56,53.5,78.66760563380281,22.04,0.0,5,1,2,0,0,0,0,1
0,0,0,0,64.0,1,1,0,0,0,0,0,0,1,24.4,5.0,224.0,1.0,234.0,0.0,0.0,0.0,0.0,0.0,0.0,1,0,0.0,0.0,0.0,83.16,25.01875,3.33,5.0,0,0,1,0,1,0,0,0
1,0,0,0,4.0,0,0,0,0,0,1,0,1,1,40.05,0.0,0.0,0.0,365.0,0.0,0.0,0.0,0.0,0.0,0.0,3,0,0.0,0.0,0.0,81.97,40.6125,-18.01,0.0,2,2,0,0,0,0,1,0
0,0,0,0,23.0,1,0,0,0,0,0,0,0,1,19.5,0.0,0.0,0.0,365.0,0.0,0.0,0.0,0.0,0.0,0.0,3,1,0.33,8.54,25.62,84.01,20.443478260869565,-1.57,0.0,0,2,0,0,1,0,0,1
0,0,1,1,39.0,1,0,1,0,0,0,0,0,0,51.05,0.0,0.0,0.0,365.0,1.0,11.5,11.5,0.0,0.0,0.0,1,1,1.0,9.6,9.6,47.42,52.97435897435897,-7.01,0.0,1,2,0,0,0,1,0,0
1,0,1,0,28.0,1,0,1,0,0,1,0,0,0,54.35,2.0,292.0,1.0,331.0,0.0,0.0,0.0,0.0,0.0,0.0,3,0,0.0,0.0,0.0,85.6,50.94464285714286,-3.71,2.0,2,0,1,0,0,0,0,1
0,1,0,0,5.0,1,0,0,1,0,0,1,0,1,84.7,0.0,0.0,0.0,365.0,0.0,0.0,0.0,0.0,0.0,0.0,3,0,0.0,0.0,0.0,92.1,78.5,-6.84,0.0,2,2,0,1,0,0,1,0
0,1,1,0,45.0,1,0,0,0,1,0,0,1,1,86.1,0.0,0.0,0.0,365.0,0.0,0.0,0.0,0.0,0.0,0.0,2,1,0.5,17.73,35.45,65.31,85.81,-5.44,0.0,2,2,0,1,0,0,1,0
1,0,0,0,37.0,1,0,0,0,0,0,0,0,1,70.35,7.0,212.0,1.0,104.0,0.0,0.0,0.0,0.0,0.0,0.0,3,2,0.67,3.39,8.1,50.65,68.9972972972973,-21.19,7.0,0,2,0,1,0,0,0,1
0,1,1,0,64.0,1,0,1,1,1,1,1,1,1,110.0,4.0,229.0,1.0,293.0,0.0,0.0,0.0,0.0,0.0,0.0,2,1,0.5,27.49,54.98,71.52,104.19296875,18.46,4.0,6,1,2,1,0,0,0,0
1,1,0,0,8.0,1,1,0,0,1,0,1,1,1,100.6,6.0,136.0,1.0,325.0,1.0,21.6,21.6,1.0,0.0,1.0,2,0,0.0,0.0,0.0,101.44,102.425,9.06,6.0,3,2,0,1,0,0,1,0
0,0,0,0,47.0,1,1,1,0,1,0,1,0,0,94.9,0.0,0.0,0.0,365.0,0.0,0.0,0.0,0.0,0.0,0.0,1,0,0.0,0.0,0.0,99.4,98.19680851063829,3.36,0.0,3,0,1,1,0,1,0,0
1,0,1,1,26.0,1,1,0,0,0,0,1,0,1,83.75,0.0,0.0,0.0,365.0,0.0,0.0,0.0,0.0,0.0,0.0,1,0,0.0,0.0,0.0,20.7,79.63846153846154,-7.79,0.0,1,1,0,1,0,0,1,0
0,1,1,1,3.0,1,0,1,0,0,1,1,0,1,88.3,0.0,0.0,0.0,365.0,0.0,0.0,0.0,0.0,0.0,0.0,2,0,0.0,0.0,0.0,69.4,91.25,-3.24,0.0,3,2,0,1,0,0,0,1
0,0,1,1,50.0,1,0,0,0,0,0,0,0,1,69.75,0.0,0.0,0.0,365.0,0.0,0.0,0.0,0.0,0.0,0.0,3,2,0.67,15.24,29.34,43.23,71.154,-21.79,0.0,0,2,0,1,0,0,0,0
1,0,1,1,27.0,1,1,0,0,0,1,1,1,0,71.6,3.0,229.0,1.0,5.0,0.0,0.0,0.0,0.0,0.0,0.0,2,0,0.0,0.0,0.0,71.4,72.48518518518519,13.54,3.0,3,1,0,0,0,0,0,0
0,1,0,0,8.0,1,0,0,0,1,0,1,1,1,92.1,0.0,0.0,0.0,365.0,0.0,0.0,0.0,0.0,0.0,0.0,1,0,0.0,0.0,0.0,115.35,91.24375,0.56,0.0,3,2,0,1,0,0,1,0
0,0,1,0,62.0,1,1,0,0,0,0,0,0,0,23.65,0.0,0.0,0.0,365.0,0.0,0.0,0.0,0.0,0.0,0.0,2,0,0.0,0.0,0.0,39.42,22.850806451612904,2.58,0.0,0,0,2,0,1,0,0,0
0,0,1,0,71.0,1,0,1,0,1,1,1,1,0,81.85,0.0,0.0,0.0,365.0,0.0,0.0,0.0,0.0,0.0,0.0,3,0,0.0,0.0,0.0,34.04,83.44225352112676,23.79,0.0,5,0,2,0,0,0,0,0
1,0,0,0,66.0,1,1,0,0,0,0,0,0,0,25.1,0.0,0.0,0.0,365.0,0.0,0.0,0.0,0.0,0.0,0.0,1,0,0.0,0.0,0.0,33.49,25.722727272727273,4.03,0.0,0,0,2,0,1,0,0,1
1,0,1,1,68.0,1,1,1,1,1,1,1,1,1,114.7,12.0,136.5,2.0,304.0,0.0,0.0,0.0,0.0,0.0,0.0,3,1,0.33,4.48,13.45,57.41,115.43897058823529,23.16,6.0,6,1,2,1,0,0,0,0
0,0,0,0,13.0,0,0,0,0,1,0,1,1,0,49.15,15.0,210.0,3.0,217.0,0.0,0.0,0.0,0.0,0.0,0.0,3,0,0.0,0.0,0.0,74.52,49.95384615384615,-8.91,5.0,3,1,0,0,0,0,1,0
1,0,1,0,56.0,1,0,0,0,0,0,0,1,1,80.9,0.0,0.0,0.0,365.0,0.0,0.0,0.0,0.0,0.0,0.0,1,0,0.0,0.0,0.0,22.22,81.38392857142857,-10.64,0.0,1,0,1,1,0,0,1,0
1,0,1,0,38.0,1,0,1,1,0,0,0,0,1,79.45,7.0,52.0,1.0,341.0,1.0,38.8,38.8,0.0,1.0,0.0,3,2,0.67,16.54,30.98,109.4,79.29078947368421,-12.09,7.0,2,2,0,1,0,0,1,0
1,1,0,0,14.0,1,0,0,0,0,0,1,1,0,90.45,0.0,0.0,0.0,365.0,0.0,0.0,0.0,0.0,0.0,0.0,3,1,0.33,8.08,24.25,71.48,90.43571428571428,-1.09,0.0,2,2,0,1,0,1,0,0
0,0,0,1,16.0,1,0,0,0,0,0,0,0,1,19.3,12.0,68.0,2.0,287.0,0.0,0.0,0.0,0.0,0.0,0.0,2,0,0.0,0.0,0.0,100.08,22.521875,-1.77,6.0,0,0,1,0,1,0,0,0
0,0,1,1,12.0,1,0,0,0,0,0,0,0,0,70.2,5.0,129.0,1.0,39.0,0.0,0.0,0.0,0.0,0.0,0.0,1,0,0.0,0.0,0.0,65.08,87.20833333333333,-21.34,5.0,0,1,0,1,0,0,1,0
1,0,1,1,32.0,1,0,0,0,0,0,0,0,1,69.75,0.0,0.0,0.0,365.0,0.0,0.0,0.0,0.0,0.0,0.0,1,0,0.0,0.0,0.0,90.17,73.371875,-21.79,0.0,0,1,0,1,0,0,0,0
0,0,0,0,8.0,1,0,1,0,0,1,0,0,0,54.25,0.0,0.0,0.0,365.0,0.0,0.0,0.0,0.0,0.0,0.0,2,0,0.0,0.0,0.0,84.45,55.96875,-3.81,0.0,2,1,1,0,0,0,0,0
0,0,1,1,43.0,1,1,0,0,1,0,1,1,1,99.3,0.0,0.0,0.0,365.0,0.0,0.0,0.0,0.0,0.0,0.0,3,1,0.33,9.38,28.15,49.08,97.90581395348836,7.76,0.0,3,2,0,1,0,0,0,0
0,0,0,0,52.0,1,1,1,0,1,1,1,0,0,74.0,4.0,28.0,1.0,158.0,0.0,0.0,0.0,0.0,0.0,0.0,1,0,0.0,0.0,0.0,53.32,74.57019230769231,15.94,4.0,4,0,1,0,0,1,0,0
1,0,0,0,3.0,1,0,0,0,0,1,0,0,1,50.25,0.0,0.0,0.0,365.0,0.0,0.0,0.0,0.0,0.0,0.0,2,0,0.0,0.0,0.0,103.0,50.76666666666667,-7.81,0.0,1,2,0,0,0,0,0,1
1,0,0,0,29.0,1,0,0,0,0,0,0,0,1,19.8,0.0,0.0,0.0,365.0,0.0,0.0,0.0,0.0,0.0,0.0,3,1,0.33,4.31,12.92,35.55,19.731034482758623,-1.27,0.0,0,1,1,0,1,0,0,1
0,0,0,0,1.0,1,0,0,0,0,0,0,0,0,19.65,0.0,0.0,0.0,365.0,0.0,0.0,0.0,0.0,0.0,0.0,2,0,0.0,0.0,0.0,75.6,19.65,-1.42,0.0,0,2,0,0,1,0,0,1
1,1,0,0,12.0,0,0,0,0,1,1,0,1,1,43.65,0.0,0.0,0.0,365.0,0.0,0.0,0.0,0.0,0.0,0.0,3,1,0.33,4.11,12.34,64.06,43.9125,-14.41,0.0,3,2,0,0,0,0,1,0
0,0,1,1,16.0,0,0,0,0,0,0,0,1,1,35.5,1.0,46.0,1.0,118.0,0.0,0.0,0.0,0.0,0.0,0.0,3,0,0.0,0.0,0.0,84.24,34.54375,-22.56,1.0,1,1,0,0,0,1,0,0
0,0,0,0,40.0,1,1,0,0,1,1,1,1,1,80.75,0.0,0.0,0.0,365.0,0.0,0.0,0.0,0.0,0.0,0.0,1,0,0.0,0.0,0.0,60.2,80.21625,22.69,0.0,4,0,1,0,0,0,0,1
0,0,0,0,5.0,0,0,0,0,1,0,0,1,0,39.5,0.0,0.0,0.0,365.0,0.0,0.0,0.0,0.0,0.0,0.0,2,0,0.0,0.0,0.0,78.63,42.15,-18.56,0.0,2,2,0,0,0,0,1,0
1,0,1,0,40.0,1,1,0,0,0,0,1,1,1,97.1,2.0,111.0,1.0,361.0,0.0,0.0,0.0,0.0,0.0,0.0,3,2,0.67,16.73,38.7,58.73,92.67375,5.56,2.0,2,2,0,1,0,0,0,0
0,0,0,0,36.0,1,0,0,0,0,0,0,0,0,19.55,0.0,0.0,0.0,365.0,0.0,0.0,0.0,0.0,0.0,0.0,3,1,0.33,3.39,10.18,81.39,17.243055555555557,-1.52,0.0,0,1,1,0,1,0,0,1
0,0,0,0,5.0,1,0,0,0,0,0,0,1,1,80.0,0.0,0.0,0.0,365.0,1.0,22.0,22.0,0.0,1.0,0.0,3,1,0.33,7.06,21.17,75.08,82.5,-11.54,0.0,1,3,0,1,0,0,1,0
0,0,0,0,12.0,1,0,1,0,0,0,1,0,1,84.7,0.0,0.0,0.0,365.0,0.0,0.0,0.0,0.0,0.0,0.0,1,0,0.0,0.0,0.0,43.04,69.33749999999999,-6.84,0.0,2,1,0,1,0,0,0,1
1,0,1,1,2.0,1,0,0,0,0,0,1,1,1,89.55,7.0,120.0,2.0,43.0,0.0,0.0,0.0,0.0,0.0,0.0,1,0,0.0,0.0,0.0,54.03,92.775,-1.99,3.5,2,2,0,1,0,0,0,0
1,0,0,0,23.0,1,1,0,0,0,1,1,0,1,90.6,0.0,0.0,0.0,365.0,0.0,0.0,0.0,0.0,0.0,0.0,1,0,0.0,0.0,0.0,67.41,84.48695652173913,-0.94,0.0,2,1,0,1,0,0,1,0
1,0,1,1,26.0,1,0,0,0,0,0,0,0,1,20.05,0.0,0.0,0.0,365.0,0.0,0.0,0.0,0.0,0.0,0.0,3,1,0.33,8.49,25.48,98.59,19.457692307692305,-1.02,0.0,0,1,1,0,1,0,0,0
0,1,1,0,64.0,1,1,1,1,1,0,1,1,1,112.4,6.0,118.0,1.0,217.0,0.0,0.0,0.0,0.0,0.0,0.0,2,0,0.0,0.0,0.0,71.64,125.73203125,20.86,6.0,5,0,2,1,0,0,1,0
0,0,1,0,34.0,1,0,0,0,0,1,0,0,0,50.2,0.0,0.0,0.0,365.0,0.0,0.0,0.0,0.0,0.0,0.0,3,0,0.0,0.0,0.0,57.97,53.391176470588235,-7.86,0.0,1,1,0,0,0,0,0,0
1,0,0,0,10.0,1,0,1,0,0,1,1,0,0,62.25,0.0,0.0,0.0,365.0,0.0,0.0,0.0,0.0,0.0,0.0,2,0,0.0,0.0,0.0,67.68,61.295,4.19,0.0,3,2,0,0,0,0,0,0
0,0,0,0,14.0,1,0,1,0,0,1,0,0,0,55.7,0.0,0.0,0.0,365.0,1.0,5.2,5.2,0.0,1.0,0.0,2,1,0.5,3.18,6.35,85.62,56.79642857142857,-2.36,0.0,2,1,1,0,0,0,0,1
0,0,0,0,23.0,1,1,1,0,0,0,1,0,1,90.05,0.0,49.0,1.0,365.0,0.0,0.0,0.0,0.0,0.0,0.0,3,0,0.0,0.0,0.0,35.02,94.33913043478262,-1.49,0.0,2,1,0,1,0,0,0,0
1,0,1,0,47.0,1,0,0,0,0,0,0,0,0,19.65,0.0,0.0,0.0,365.0,0.0,0.0,0.0,0.0,0.0,0.0,2,0,0.0,0.0,0.0,46.96,20.70425531914894,-1.42,0.0,0,0,2,0,1,0,0,1
1,0,1,0,24.0,1,0,1,0,0,1,0,1,1,89.25,3.0,91.0,1.0,39.0,0.0,0.0,0.0,0.0,0.0,0.0,1,1,1.0,9.38,9.38,35.01,92.09166666666665,-2.29,3.0,3,2,0,1,0,0,1,0
1,0,1,0,49.0,1,1,0,1,0,0,1,1,1,99.05,0.0,0.0,0.0,365.0,0.0,0.0,0.0,0.0,0.0,0.0,3,0,0.0,0.0,0.0,66.52,99.0561224489796,7.51,0.0,3,1,0,1,0,0,0,0
1,1,0,0,20.0,1,0,1,0,0,1,0,0,0,54.0,7.0,276.0,1.0,140.0,0.0,0.0,0.0,0.0,0.0,0.0,2,0,0.0,0.0,0.0,64.35,52.795,-4.06,7.0,2,0,1,0,0,0,0,1
0,0,0,0,2.0,1,0,0,0,0,0,0,0,0,69.75,19.0,97.25,4.0,9.0,1.0,4.7,4.7,0.0,0.0,0.0,2,1,0.5,2.62,5.23,45.59,72.275,-21.79,4.75,0,3,0,1,0,0,0,0
0,0,0,0,2.0,1,0,0,1,0,0,0,0,1,49.05,0.0,0.0,0.0,365.0,1.0,54.6,54.6,0.0,1.0,0.0,1,0,0.0,0.0,0.0,119.49,45.55,-9.01,0.0,1,2,0,0,0,1,0,0
1,0,0,0,22.0,0,0,0,0,1,1,1,1,0,56.75,0.0,0.0,0.0,365.0,0.0,0.0,0.0,0.0,0.0,0.0,3,0,0.0,0.0,0.0,73.75,59.31136363636363,-1.31,0.0,4,0,2,0,0,0,0,0
1,0,0,0,7.0,1,1,0,0,1,0,1,1,1,98.05,13.0,133.0,2.0,128.0,1.0,9.4,9.4,1.0,0.0,1.0,2,1,0.5,3.68,7.36,50.36,101.85714285714286,6.51,6.5,3,3,0,1,0,0,0,0
1,0,0,0,1.0,1,0,0,0,0,0,0,0,0,21.1,7.0,122.0,1.0,167.0,0.0,0.0,0.0,0.0,0.0,0.0,2,0,0.0,0.0,0.0,67.73,21.1,0.03,7.0,0,2,0,0,1,0,0,1
0,0,1,1,12.0,1,1,0,1,0,1,0,1,1,96.65,0.0,0.0,0.0,365.0,1.0,3.5,3.5,1.0,0.0,1.0,1,0,0.0,0.0,0.0,29.85,465.06666666666666,5.11,0.0,3,1,0,1,0,0,0,0
0,0,1,1,58.0,1,1,0,0,0,0,0,0,1,24.5,0.0,0.0,0.0,365.0,0.0,0.0,0.0,0.0,0.0,0.0,1,0,0.0,0.0,0.0,83.01,25.82586206896552,3.43,0.0,0,0,1,0,1,1,0,0
0,0,0,0,41.0,1,1,1,1,1,1,1,1,1,114.5,3.0,85.0,1.0,111.0,0.0,0.0,0.0,0.0,0.0,0.0,2,0,0.0,0.0,0.0,48.16,110.42560975609756,22.96,3.0,6,1,0,1,0,0,0,0
0,1,0,0,59.0,1,1,0,1,0,0,0,0,1,91.75,0.0,0.0,0.0,365.0,0.0,0.0,0.0,0.0,0.0,0.0,1,0,0.0,0.0,0.0,62.28,77.80254237288136,0.21,0.0,1,0,2,1,0,1,0,0
0,0,1,1,12.0,1,0,0,0,0,0,0,0,1,69.55,0.0,0.0,0.0,365.0,0.0,0.0,0.0,0.0,0.0,0.0,1,0,0.0,0.0,0.0,71.7,16.683333333333334,-21.99,0.0,0,1,0,1,0,0,1,0
1,0,0,0,32.0,1,0,0,0,0,0,0,0,1,20.05,0.0,0.0,0.0,365.0,0.0,0.0,0.0,0.0,0.0,0.0,2,0,0.0,0.0,0.0,45.4,19.2015625,-1.02,0.0,0,0,2,0,1,0,0,0
1,1,1,0,46.0,1,1,0,0,1,0,1,1,1,98.85,0.0,0.0,0.0,365.0,0.0,0.0,0.0,0.0,0.0,0.0,1,0,0.0,0.0,0.0,49.39,99.23695652173912,7.31,0.0,3,1,0,1,0,0,1,0
1,0,1,1,0.0,1,1,0,0,0,0,0,0,0,25.75,0.0,0.0,0.0,365.0,0.0,0.0,0.0,0.0,0.0,0.0,1,0,0.0,0.0,0.0,116.71,25.75,4.68,0.0,0,1,2,0,1,0,0,1
1,0,0,0,2.0,1,0,0,0,0,0,0,1,1,80.95,8.0,31.0,1.0,288.0,0.0,0.0,0.0,0.0,0.0,0.0,1,0,0.0,0.0,0.0,85.12,85.575,-10.59,8.0,1,2,0,1,0,0,1,0
0,0,1,1,44.0,1,0,0,0,0,0,0,0,0,19.6,9.0,84.5,2.0,33.0,1.0,4.9,4.9,1.0,0.0,1.0,2,0,0.0,0.0,0.0,68.35,23.009090909090908,-1.47,4.5,0,0,1,0,1,1,0,0
0,1,0,0,13.0,1,0,0,0,1,0,0,0,1,74.3,0.0,0.0,0.0,365.0,0.0,0.0,0.0,0.0,0.0,0.0,1,0,0.0,0.0,0.0,57.84,72.33461538461539,-17.24,0.0,1,1,0,1,0,0,1,0
0,1,0,0,11.0,1,0,0,0,0,0,1,1,0,89.7,0.0,0.0,0.0,365.0,0.0,0.0,0.0,0.0,0.0,0.0,2,0,0.0,0.0,0.0,55.79,95.24545454545455,-1.84,0.0,2,2,0,1,0,0,0,0
1,0,0,0,12.0,1,1,1,0,0,1,0,0,0,87.65,0.0,0.0,0.0,365.0,0.0,0.0,0.0,0.0,0.0,0.0,2,1,0.5,3.96,7.93,70.48,230.53333333333333,-3.89,0.0,2,2,0,1,0,0,0,0
1,1,1,0,17.0,1,1,0,0,1,0,1,1,1,100.45,0.0,0.0,0.0,365.0,1.0,20.3,20.3,0.0,1.0,0.0,1,1,1.0,13.71,13.71,64.46,95.43823529411765,8.91,0.0,3,2,0,1,0,1,0,0
0,0,0,0,16.0,1,1,0,0,0,0,0,0,1,74.75,0.0,0.0,0.0,365.0,0.0,0.0,0.0,0.0,0.0,0.0,3,0,0.0,0.0,0.0,96.12,70.584375,-16.79,0.0,0,1,0,1,0,1,0,0
0,0,0,0,44.0,1,1,1,1,1,0,1,1,0,107.45,0.0,0.0,0.0,365.0,0.0,0.0,0.0,0.0,0.0,0.0,2,0,0.0,0.0,0.0,81.44,129.11136363636362,15.91,0.0,5,0,1,1,0,0,0,0
1,0,0,0,29.0,1,0,0,0,1,1,1,1,1,75.35,7.0,44.0,1.0,346.0,1.0,26.2,26.2,1.0,0.0,1.0,1,0,0.0,0.0,0.0,32.54,77.37586206896552,17.29,7.0,4,0,1,0,0,0,0,0
1,0,1,0,70.0,1,0,1,1,1,1,0,0,0,64.95,0.0,0.0,0.0,365.0,0.0,0.0,0.0,0.0,0.0,0.0,1,0,0.0,0.0,0.0,63.5,64.61785714285715,6.89,0.0,4,0,2,0,0,1,0,0
0,0,1,1,71.0,1,1,1,0,1,1,0,1,0,100.45,5.0,169.0,1.0,310.0,0.0,0.0,0.0,0.0,0.0,0.0,3,0,0.0,0.0,0.0,31.31,100.84084507042253,8.91,5.0,4,0,2,1,0,0,1,0
1,0,1,1,41.0,1,1,0,1,1,0,1,0,0,68.5,0.0,0.0,0.0,365.0,1.0,64.3,64.3,0.0,1.0,0.0,2,1,0.5,1.48,2.97,71.94,69.2670731707317,10.44,0.0,3,1,1,0,0,0,0,0
1,0,0,0,1.0,1,0,0,0,0,0,1,0,1,80.55,0.0,0.0,0.0,365.0,0.0,0.0,0.0,0.0,0.0,0.0,3,0,0.0,0.0,0.0,61.29,80.55,-10.99,0.0,1,2,0,1,0,0,1,0
0,0,1,0,7.0,1,0,1,0,1,1,1,1,0,81.25,0.0,0.0,0.0,365.0,0.0,0.0,0.0,0.0,0.0,0.0,3,0,0.0,0.0,0.0,80.33,82.87142857142858,23.19,0.0,5,2,0,0,0,0,0,0
1,0,1,1,44.0,1,0,0,0,0,0,1,1,1,90.4,0.0,0.0,0.0,365.0,0.0,0.0,0.0,0.0,0.0,0.0,1,0,0.0,0.0,0.0,44.9,49.51363636363636,-1.14,0.0,2,0,1,1,0,0,1,0
1,0,1,1,67.0,1,1,1,1,0,1,0,0,0,89.55,0.0,0.0,0.0,365.0,0.0,0.0,0.0,0.0,0.0,0.0,2,1,0.5,10.18,20.36,102.58,90.12761194029851,-1.99,0.0,3,1,1,1,0,0,1,0
1,0,1,1,5.0,1,1,0,0,0,1,0,0,1,55.7,0.0,0.0,0.0,365.0,0.0,0.0,0.0,0.0,0.0,0.0,3,1,0.33,3.65,10.94,33.86,51.879999999999995,-2.36,0.0,1,3,0,0,0,0,0,1
1,0,0,1,15.0,1,1,0,0,0,0,0,0,1,24.8,10.0,91.0,2.0,22.0,0.0,0.0,0.0,0.0,0.0,0.0,2,0,0.0,0.0,0.0,72.36,21.61,3.73,5.0,0,1,0,0,1,0,1,0
0,0,1,1,20.0,1,0,0,0,0,0,0,0,0,20.0,0.0,0.0,0.0,365.0,0.0,0.0,0.0,0.0,0.0,0.0,2,0,0.0,0.0,0.0,95.67,20.8825,-1.07,0.0,0,1,0,0,1,0,1,0
1,0,1,1,3.0,1,0,0,1,1,0,0,0,1,56.15,0.0,0.0,0.0,365.0,0.0,0.0,0.0,0.0,0.0,0.0,3,1,0.33,1.75,5.26,89.3,56.050000000000004,-1.91,0.0,2,3,0,0,0,0,0,1
1,0,1,1,54.0,1,1,0,1,0,1,1,1,1,105.2,0.0,0.0,0.0,365.0,0.0,0.0,0.0,0.0,0.0,0.0,1,0,0.0,0.0,0.0,40.55,104.40462962962964,13.66,0.0,4,0,1,1,0,0,1,0
1,0,0,0,42.0,1,0,0,0,0,0,0,0,1,19.55,0.0,0.0,0.0,365.0,0.0,0.0,0.0,0.0,0.0,0.0,1,0,0.0,0.0,0.0,88.25,19.985714285714284,-1.52,0.0,0,0,1,0,1,0,0,1
0,0,1,0,9.0,1,0,0,0,0,0,0,1,1,79.75,7.0,197.0,1.0,38.0,0.0,0.0,0.0,0.0,0.0,0.0,2,0,0.0,0.0,0.0,67.69,85.45555555555556,-11.79,7.0,1,2,0,1,0,0,1,0
0,0,0,0,63.0,1,1,0,1,0,0,1,1,0,97.45,0.0,0.0,0.0,365.0,0.0,0.0,0.0,0.0,0.0,0.0,1,0,0.0,0.0,0.0,23.22,99.25396825396825,5.91,0.0,3,0,2,1,0,0,0,0
0,0,1,0,69.0,1,1,0,0,0,0,0,0,0,24.25,0.0,0.0,0.0,365.0,0.0,0.0,0.0,0.0,0.0,0.0,2,0,0.0,0.0,0.0,37.86,23.794202898550726,3.18,0.0,0,0,2,0,1,0,0,0
0,0,0,0,69.0,1,1,0,0,0,0,0,0,0,24.6,0.0,0.0,0.0,365.0,0.0,0.0,0.0,0.0,0.0,0.0,1,0,0.0,0.0,0.0,72.98,24.319565217391304,3.53,0.0,0,0,2,0,1,1,0,0
1,0,1,0,40.0,1,0,0,1,0,0,0,0,1,50.15,0.0,0.0,0.0,365.0,0.0,0.0,0.0,0.0,0.0,0.0,2,0,0.0,0.0,0.0,69.14,51.4625,-7.91,0.0,1,1,0,0,0,0,0,1
1,0,0,0,60.0,0,0,1,1,1,0,0,0,0,39.6,0.0,0.0,0.0,365.0,0.0,0.0,0.0,0.0,0.0,0.0,1,0,0.0,0.0,0.0,56.79,40.40833333333333,-18.46,0.0,3,0,2,0,0,0,0,0
0,0,0,0,4.0,1,0,1,0,1,1,0,1,1,94.4,0.0,0.0,0.0,365.0,0.0,0.0,0.0,0.0,0.0,0.0,1,0,0.0,0.0,0.0,42.35,96.8,2.86,0.0,4,2,0,1,0,0,0,0
0,1,0,0,71.0,1,1,1,1,1,1,1,1,0,89.85,0.0,0.0,0.0,365.0,0.0,0.0,0.0,0.0,0.0,0.0,3,0,0.0,0.0,0.0,62.23,88.64014084507042,31.79,0.0,6,0,2,0,0,0,0,1
0,0,1,0,37.0,1,1,0,0,1,0,0,0,1,78.95,0.0,0.0,0.0,365.0,0.0,0.0,0.0,0.0,0.0,0.0,3,1,0.33,6.75,20.25,65.83,76.7472972972973,-12.59,0.0,1,2,0,1,0,1,0,0
1,0,1,0,32.0,1,1,0,1,0,0,1,1,1,98.85,0.0,0.0,0.0,365.0,0.0,0.0,0.0,0.0,0.0,0.0,3,0,0.0,0.0,0.0,76.48,98.309375,7.31,0.0,3,1,0,1,0,1,0,0
1,0,0,0,39.0,1,1,0,0,0,1,0,0,1,53.85,0.0,0.0,0.0,365.0,0.0,0.0,0.0,0.0,0.0,0.0,3,0,0.0,0.0,0.0,98.7,56.42820512820512,-4.21,0.0,1,0,2,0,0,1,0,0
0,0,0,0,38.0,1,1,0,0,0,0,0,0,1,24.25,0.0,0.0,0.0,365.0,0.0,0.0,0.0,0.0,0.0,0.0,1,1,1.0,1.64,1.64,28.35,24.063157894736843,3.18,0.0,0,1,1,0,1,0,1,0
1,0,0,0,52.0,1,1,0,0,1,0,0,1,1,89.45,0.0,0.0,0.0,365.0,0.0,0.0,0.0,0.0,0.0,0.0,2,0,0.0,0.0,0.0,62.94,88.03365384615384,-2.09,0.0,2,0,2,1,0,1,0,0
0,0,1,1,48.0,1,1,1,1,0,0,1,1,1,105.25,0.0,0.0,0.0,365.0,0.0,0.0,0.0,0.0,0.0,0.0,3,0,0.0,0.0,0.0,99.65,104.11458333333333,13.71,0.0,4,1,0,1,0,1,0,0
1,0,1,1,70.0,0,0,1,0,1,1,1,1,0,59.5,0.0,0.0,0.0,365.0,0.0,0.0,0.0,0.0,0.0,0.0,1,0,0.0,0.0,0.0,107.31,59.21142857142858,1.44,0.0,5,0,2,0,0,0,0,0
1,0,0,0,20.0,1,0,0,0,0,0,0,0,0,70.55,3.0,261.0,1.0,93.0,0.0,0.0,0.0,0.0,0.0,0.0,1,0,0.0,0.0,0.0,42.09,74.6775,-20.99,3.0,0,1,0,1,0,1,0,0
0,0,0,0,50.0,1,1,1,0,1,1,1,1,1,82.5,0.0,0.0,0.0,365.0,1.0,11.6,11.6,1.0,0.0,1.0,1,0,0.0,0.0,0.0,72.57,83.58200000000001,24.44,0.0,5,0,1,0,0,1,0,0
0,0,0,0,19.0,0,0,0,0,0,0,1,1,1,44.85,0.0,0.0,0.0,365.0,0.0,0.0,0.0,0.0,0.0,0.0,2,0,0.0,0.0,0.0,67.89,47.02894736842105,-13.21,0.0,2,0,1,0,0,1,0,0
1,0,1,1,25.0,1,0,1,1,1,0,0,0,1,61.6,4.0,204.0,2.0,91.0,0.0,0.0,0.0,0.0,0.0,0.0,2,0,0.0,0.0,0.0,71.63,64.44,3.54,2.0,3,0,1,0,0,0,0,0
1,0,0,0,12.0,1,0,0,1,0,0,0,0,1,49.05,7.0,86.0,1.0,103.0,0.0,0.0,0.0,0.0,0.0,0.0,3,0,0.0,0.0,0.0,73.38,49.42083333333333,-9.01,7.0,1,1,0,0,0,0,0,0
1,1,1,0,39.0,1,1,0,1,1,0,1,1,1,105.65,0.0,0.0,0.0,365.0,0.0,0.0,0.0,0.0,0.0,0.0,2,0,0.0,0.0,0.0,74.98,109.86666666666667,14.11,0.0,4,1,0,1,0,0,1,0
1,0,0,0,7.0,1,0,0,0,1,0,0,0,0,74.65,0.0,0.0,0.0,365.0,0.0,0.0,0.0,0.0,0.0,0.0,3,0,0.0,0.0,0.0,83.89,77.79285714285713,-16.89,0.0,1,2,0,1,0,0,0,1
0,0,1,1,23.0,1,0,1,1,1,1,0,0,1,66.25,6.0,295.0,1.0,265.0,0.0,0.0,0.0,0.0,0.0,0.0,3,1,0.33,3.02,9.05,57.89,66.68695652173913,8.19,6.0,4,1,1,0,0,0,0,1
1,0,0,0,27.0,1,0,0,0,0,0,0,0,1,19.4,8.0,190.0,1.0,6.0,0.0,0.0,0.0,0.0,0.0,0.0,2,1,0.5,13.52,27.05,43.04,19.62222222222222,-1.67,8.0,0,2,0,0,1,0,1,0
1,1,0,0,47.0,1,1,0,0,0,0,1,0,1,86.05,5.0,185.0,1.0,280.0,0.0,0.0,0.0,0.0,0.0,0.0,1,0,0.0,0.0,0.0,36.65,82.2468085106383,-5.49,5.0,1,1,0,1,0,1,0,0
1,0,1,1,26.0,1,0,0,0,0,0,0,0,1,19.15,1.0,144.0,1.0,323.0,0.0,0.0,0.0,0.0,0.0,0.0,3,1,0.33,2.24,6.73,80.41,19.83653846153846,-1.92,1.0,0,1,2,0,1,1,0,0
0,0,1,0,14.0,1,1,1,0,0,0,1,0,1,64.7,6.0,46.0,1.0,165.0,0.0,0.0,0.0,0.0,0.0,0.0,2,1,0.5,4.46,8.92,81.96,67.21428571428571,6.64,6.0,2,2,0,0,0,0,0,0
0,1,1,0,11.0,1,1,0,0,1,1,1,1,1,104.05,8.0,287.0,1.0,202.0,1.0,44.0,44.0,0.0,0.0,0.0,3,1,0.33,1.69,5.08,80.72,103.05909090909091,12.51,8.0,4,3,0,1,0,0,0,0
1,0,0,1,2.0,1,0,0,0,0,0,0,0,0,19.25,0.0,0.0,0.0,365.0,1.0,5.4,5.4,0.0,1.0,0.0,1,0,0.0,0.0,0.0,102.94,24.175,-1.82,0.0,0,2,0,0,1,0,0,1
0,0,1,1,26.0,1,0,1,1,0,0,0,0,0,81.95,1.0,165.0,1.0,343.0,1.0,13.2,13.2,0.0,1.0,0.0,2,1,0.5,11.4,22.79,80.9,79.6173076923077,-9.59,1.0,2,2,0,1,0,0,1,0
0,1,1,0,72.0,1,1,1,1,1,1,1,1,1,114.65,0.0,0.0,0.0,365.0,0.0,0.0,0.0,0.0,0.0,0.0,1,0,0.0,0.0,0.0,104.89,115.74930555555557,23.11,0.0,6,0,2,1,0,0,0,0
0,0,1,1,63.0,1,0,0,0,0,0,0,0,0,20.0,0.0,0.0,0.0,365.0,0.0,0.0,0.0,0.0,0.0,0.0,1,1,1.0,27.67,27.67,107.24,19.194444444444443,-1.07,0.0,0,1,2,0,1,1,0,0
1,0,1,1,71.0,1,0,0,0,0,0,0,0,0,19.8,0.0,0.0,0.0,365.0,0.0,0.0,0.0,0.0,0.0,0.0,2,0,0.0,0.0,0.0,114.28,19.66549295774648,-1.27,0.0,0,0,2,0,1,0,0,1
1,0,1,1,11.0,1,1,1,0,0,0,1,0,1,65.15,0.0,0.0,0.0,365.0,1.0,37.5,37.5,1.0,0.0,1.0,1,0,0.0,0.0,0.0,49.6,65.75909090909092,7.09,0.0,2,2,0,0,0,0,0,0
1,1,1,0,14.0,1,0,0,0,0,0,0,0,0,19.65,0.0,0.0,0.0,365.0,0.0,0.0,0.0,0.0,0.0,0.0,3,0,0.0,0.0,0.0,81.54,16.33214285714286,-1.42,0.0,0,0,1,0,1,0,0,1
0,0,0,1,13.0,1,1,1,1,1,1,1,1,0,88.95,0.0,0.0,0.0,365.0,0.0,0.0,0.0,0.0,0.0,0.0,1,0,0.0,0.0,0.0,104.38,89.36538461538461,30.89,0.0,6,0,2,0,0,1,0,0
1,0,0,1,6.0,1,0,0,0,0,0,0,0,1,20.2,3.0,34.0,1.0,287.0,0.0,0.0,0.0,0.0,0.0,0.0,3,0,0.0,0.0,0.0,26.55,16.391666666666666,-0.87,3.0,0,2,0,0,1,0,0,1
1,1,1,1,11.0,1,1,0,0,0,0,0,0,1,75.2,0.0,0.0,0.0,365.0,0.0,0.0,0.0,0.0,0.0,0.0,1,0,0.0,0.0,0.0,45.33,70.48181818181818,-16.34,0.0,0,2,0,1,0,1,0,0
1,0,1,0,18.0,1,1,0,1,0,0,0,0,0,56.8,0.0,0.0,0.0,365.0,0.0,0.0,0.0,0.0,0.0,0.0,1,0,0.0,0.0,0.0,87.24,59.70277777777778,-1.26,0.0,1,1,0,0,0,1,0,0
1,0,0,0,12.0,0,0,0,0,0,0,0,1,1,35.55,0.0,0.0,0.0,365.0,0.0,0.0,0.0,0.0,0.0,0.0,2,0,0.0,0.0,0.0,77.8,2.9625,-22.51,0.0,1,1,0,0,0,0,1,0
0,0,1,0,32.0,1,0,1,0,0,0,0,0,1,75.5,0.0,0.0,0.0,365.0,0.0,0.0,0.0,0.0,0.0,0.0,3,2,0.67,18.17,34.1,89.76,72.646875,-16.04,0.0,1,2,0,1,0,0,0,0
1,0,0,0,29.0,0,0,1,0,0,1,0,0,0,35.6,0.0,0.0,0.0,365.0,0.0,0.0,0.0,0.0,0.0,0.0,3,0,0.0,0.0,0.0,71.12,36.98620689655172,-22.46,0.0,2,0,1,0,0,0,0,1
0,0,0,0,3.0,1,1,0,0,0,0,1,0,1,60.25,0.0,0.0,0.0,365.0,1.0,1.5,1.5,0.0,1.0,0.0,2,0,0.0,0.0,0.0,65.96,56.833333333333336,2.19,0.0,1,2,0,0,0,0,1,0
0,0,0,0,2.0,1,1,0,0,0,0,1,1,1,95.15,0.0,0.0,0.0,365.0,0.0,0.0,0.0,0.0,0.0,0.0,2,0,0.0,0.0,0.0,51.27,98.45,3.61,0.0,2,2,0,1,0,0,1,0
1,0,1,1,12.0,1,0,0,0,1,0,1,1,1,96.65,0.0,0.0,0.0,365.0,0.0,0.0,0.0,0.0,0.0,0.0,3,0,0.0,0.0,0.0,83.24,96.90416666666665,5.11,0.0,3,1,0,1,0,0,0,1
0,0,0,0,41.0,0,0,0,1,0,0,0,1,1,40.35,0.0,0.0,0.0,365.0,0.0,0.0,0.0,0.0,0.0,0.0,2,0,0.0,0.0,0.0,89.39,40.923170731707316,-17.71,0.0,2,1,0,0,0,0,1,0
0,0,0,0,1.0,1,0,0,0,0,0,0,0,0,18.85,0.0,0.0,0.0,365.0,0.0,0.0,0.0,0.0,0.0,0.0,1,1,1.0,18.99,18.99,102.23,18.85,-2.22,0.0,0,3,0,0,1,0,1,0
1,0,0,0,7.0,1,0,0,0,0,0,1,0,0,54.85,0.0,0.0,0.0,365.0,0.0,0.0,0.0,0.0,0.0,0.0,1,0,0.0,0.0,0.0,80.88,52.91428571428571,-3.21,0.0,1,2,0,0,0,0,0,1
0,0,1,0,44.0,1,0,1,0,1,0,1,0,1,64.3,1.0,265.0,1.0,274.0,0.0,0.0,0.0,0.0,0.0,0.0,1,1,1.0,33.26,33.26,78.7,77.51363636363637,6.24,1.0,3,1,1,0,0,0,0,1
0,0,1,1,45.0,1,1,0,0,0,0,0,0,1,24.65,0.0,0.0,0.0,365.0,0.0,0.0,0.0,0.0,0.0,0.0,3,0,0.0,0.0,0.0,55.79,25.306666666666665,3.58,0.0,0,0,2,0,1,0,0,0
1,0,1,0,70.0,1,1,0,1,1,1,1,0,0,76.1,3.0,71.0,1.0,219.0,0.0,0.0,0.0,0.0,0.0,0.0,1,0,0.0,0.0,0.0,103.44,75.20357142857142,18.04,3.0,4,0,2,0,0,1,0,0
0,0,0,0,53.0,1,0,0,0,0,0,0,0,0,18.7,7.0,166.0,1.0,230.0,0.0,0.0,0.0,0.0,0.0,0.0,2,0,0.0,0.0,0.0,103.07,18.975471698113207,-2.37,7.0,0,0,2,0,1,0,0,1
0,1,1,0,62.0,1,1,0,1,1,0,1,0,1,97.95,0.0,0.0,0.0,365.0,0.0,0.0,0.0,0.0,0.0,0.0,1,0,0.0,0.0,0.0,61.42,95.7508064516129,6.41,0.0,3,0,1,1,0,1,0,0
0,0,1,0,12.0,1,1,1,1,0,0,0,1,1,94.1,0.0,0.0,0.0,365.0,0.0,0.0,0.0,0.0,0.0,0.0,1,0,0.0,0.0,0.0,88.7,456.325,2.56,0.0,3,1,0,1,0,1,0,0
0,1,1,0,3.0,1,0,0,0,0,0,1,0,1,80.4,0.0,0.0,0.0,365.0,0.0,0.0,0.0,0.0,0.0,0.0,3,1,0.33,3.62,10.87,75.87,74.68333333333334,-11.14,0.0,1,3,0,1,0,0,1,0
0,1,1,0,23.0,1,0,1,0,0,0,1,1,1,95.1,6.0,30.0,1.0,112.0,0.0,0.0,0.0,0.0,0.0,0.0,2,0,0.0,0.0,0.0,91.44,101.13260869565218,3.56,6.0,3,1,0,1,0,0,1,0
1,0,0,1,1.0,0,0,0,1,0,0,0,0,1,31.35,5.0,225.0,1.0,189.0,0.0,0.0,0.0,0.0,0.0,0.0,2,0,0.0,0.0,0.0,64.34,31.35,-26.71,5.0,1,2,0,0,0,0,0,1
0,0,0,0,67.0,1,0,1,0,1,1,0,1,1,72.35,0.0,0.0,0.0,365.0,0.0,0.0,0.0,0.0,0.0,0.0,2,1,0.5,10.84,21.68,80.88,74.5,14.29,0.0,4,1,1,0,0,0,0,0
0,0,0,0,12.0,1,1,0,1,0,0,1,0,1,89.75,0.0,0.0,0.0,365.0,0.0,0.0,0.0,0.0,0.0,0.0,1,0,0.0,0.0,0.0,112.78,87.7,-1.79,0.0,2,1,0,1,0,0,0,0
0,1,1,0,71.0,1,1,1,1,1,1,0,1,1,82.7,0.0,0.0,0.0,365.0,0.0,0.0,0.0,0.0,0.0,0.0,1,0,0.0,0.0,0.0,45.35,82.12957746478872,24.64,0.0,5,0,2,0,0,0,0,0
1,0,0,0,25.0,1,0,0,0,0,0,0,0,0,19.9,5.0,148.0,1.0,127.0,0.0,0.0,0.0,0.0,0.0,0.0,3,0,0.0,0.0,0.0,68.07,20.432000000000002,-1.17,5.0,0,0,1,0,1,1,0,0
0,0,0,0,5.0,1,1,1,0,0,0,0,0,1,53.8,0.0,0.0,0.0,365.0,0.0,0.0,0.0,0.0,0.0,0.0,2,1,0.5,10.07,20.14,53.11,56.79,-4.26,0.0,1,3,0,0,0,0,1,0
1,0,0,0,26.0,1,1,0,0,0,0,0,0,1,51.55,5.0,193.0,1.0,181.0,0.0,0.0,0.0,0.0,0.0,0.0,1,0,0.0,0.0,0.0,57.26,49.823076923076925,-6.51,5.0,0,0,1,0,0,1,0,0
1,0,1,1,1.0,1,0,0,0,0,0,0,0,0,19.65,0.0,0.0,0.0,365.0,0.0,0.0,0.0,0.0,0.0,0.0,3,0,0.0,0.0,0.0,90.56,19.65,-1.42,0.0,0,1,1,0,1,0,0,1
1,1,0,0,70.0,0,0,0,1,1,0,1,0,1,44.05,16.0,162.0,2.0,262.0,2.0,18.3,33.0,2.0,0.0,1.0,1,0,0.0,0.0,0.0,59.38,43.02357142857143,-14.01,8.0,3,0,1,0,0,1,0,0
1,0,1,1,72.0,1,1,1,1,1,1,1,1,1,114.0,0.0,0.0,0.0,365.0,0.0,0.0,0.0,0.0,0.0,0.0,3,0,0.0,0.0,0.0,87.79,112.4048611111111,22.46,0.0,6,0,2,1,0,0,1,0
1,0,1,0,60.0,1,0,0,1,0,0,1,1,1,94.4,0.0,0.0,0.0,365.0,0.0,0.0,0.0,0.0,0.0,0.0,2,0,0.0,0.0,0.0,85.02,93.50416666666666,2.86,0.0,3,0,1,1,0,0,1,0
0,1,1,1,32.0,1,1,0,1,0,0,1,1,1,100.4,0.0,0.0,0.0,365.0,1.0,4.9,4.9,1.0,0.0,1.0,1,0,0.0,0.0,0.0,96.35,100.5515625,8.86,0.0,3,1,0,1,0,0,1,0
1,0,0,0,1.0,1,0,0,0,0,0,0,0,1,19.85,0.0,0.0,0.0,365.0,0.0,0.0,0.0,0.0,0.0,0.0,2,1,0.5,22.0,44.0,92.15,19.85,-1.22,0.0,0,3,0,0,1,0,1,0
0,0,0,0,14.0,1,1,0,1,0,0,0,0,1,54.25,6.0,75.0,1.0,110.0,0.0,0.0,0.0,0.0,0.0,0.0,1,0,0.0,0.0,0.0,63.13,55.228571428571435,-3.81,6.0,1,0,1,0,0,0,0,1
0,0,0,0,13.0,1,1,1,0,0,0,0,0,1,80.0,0.0,0.0,0.0,365.0,0.0,0.0,0.0,0.0,0.0,0.0,1,0,0.0,0.0,0.0,97.48,79.18076923076923,-11.54,0.0,1,1,0,1,0,1,0,0
0,0,0,0,6.0,1,1,0,1,1,1,1,1,1,109.9,7.0,37.0,1.0,195.0,0.0,0.0,0.0,0.0,0.0,0.0,2,0,0.0,0.0,0.0,62.81,111.575,18.36,7.0,5,2,0,1,0,1,0,0
0,0,0,0,46.0,1,1,1,0,1,0,1,1,0,79.2,0.0,0.0,0.0,365.0,1.0,56.6,56.6,1.0,0.0,1.0,1,0,0.0,0.0,0.0,87.82,78.12608695652175,21.14,0.0,4,0,2,0,0,0,0,1
1,0,0,0,15.0,1,0,0,0,1,1,1,1,1,101.35,0.0,0.0,0.0,365.0,0.0,0.0,0.0,0.0,0.0,0.0,1,0,0.0,0.0,0.0,49.49,103.59666666666666,9.81,0.0,4,1,0,1,0,0,1,0
1,1,1,0,43.0,1,1,0,1,0,1,1,0,1,94.3,0.0,0.0,0.0,365.0,0.0,0.0,0.0,0.0,0.0,0.0,1,0,0.0,0.0,0.0,71.68,91.93372093023255,2.76,0.0,3,1,0,1,0,0,1,0
1,0,0,0,39.0,1,0,0,0,0,1,0,0,1,49.8,0.0,0.0,0.0,365.0,0.0,0.0,0.0,0.0,0.0,0.0,2,0,0.0,0.0,0.0,60.93,50.542307692307695,-8.26,0.0,1,0,2,0,0,0,0,0
1,1,0,0,21.0,1,0,0,0,1,0,1,0,1,60.05,11.0,85.0,2.0,8.0,0.0,0.0,0.0,0.0,0.0,0.0,2,0,0.0,0.0,0.0,93.14,58.86428571428572,1.99,5.5,2,1,0,0,0,0,0,0
1,0,0,0,57.0,0,0,1,0,1,0,1,1,1,53.75,0.0,0.0,0.0,365.0,0.0,0.0,0.0,0.0,0.0,0.0,1,0,0.0,0.0,0.0,119.44,56.07017543859649,-4.31,0.0,4,1,0,0,0,0,1,0
0,0,1,0,53.0,1,0,0,0,0,1,1,1,1,93.45,0.0,0.0,0.0,365.0,1.0,15.4,15.4,0.0,1.0,0.0,3,0,0.0,0.0,0.0,59.92,91.92830188679245,1.91,0.0,3,0,1,1,0,0,1,0
1,0,1,1,18.0,1,0,1,0,1,0,1,0,1,87.9,0.0,0.0,0.0,365.0,1.0,30.0,30.0,1.0,0.0,1.0,3,0,0.0,0.0,0.0,57.28,83.36111111111111,-3.64,0.0,3,1,0,1,0,0,0,1
0,0,0,0,1.0,1,1,0,0,0,0,0,1,1,60.15,0.0,0.0,0.0,365.0,0.0,0.0,0.0,0.0,0.0,0.0,1,0,0.0,0.0,0.0,81.52,60.15,2.09,0.0,1,2,0,0,0,0,1,0
0,0,1,0,58.0,1,1,1,0,0,1,0,0,1,61.05,0.0,0.0,0.0,365.0,0.0,0.0,0.0,0.0,0.0,0.0,3,0,0.0,0.0,0.0,51.09,59.97844827586207,2.99,0.0,2,0,1,0,0,0,0,0
0,1,0,0,71.0,1,1,0,0,1,0,1,1,0,104.05,0.0,0.0,0.0,365.0,0.0,0.0,0.0,0.0,0.0,0.0,2,1,0.5,5.44,10.87,62.14,104.41619718309859,12.51,0.0,3,1,2,1,0,0,0,0
0,0,0,0,44.0,1,0,0,0,1,1,1,1,1,99.25,2.0,37.0,1.0,235.0,0.0,0.0,0.0,0.0,0.0,0.0,3,0,0.0,0.0,0.0,98.62,80.27272727272727,7.71,2.0,4,0,1,1,0,0,1,0
1,0,0,0,3.0,1,0,0,0,1,0,0,1,0,85.7,0.0,0.0,0.0,365.0,0.0,0.0,0.0,0.0,0.0,0.0,1,0,0.0,0.0,0.0,84.31,85.58333333333333,-5.84,0.0,2,2,0,1,0,1,0,0
1,0,0,0,38.0,1,1,1,1,0,0,1,1,1,104.85,0.0,0.0,0.0,365.0,0.0,0.0,0.0,0.0,0.0,0.0,2,0,0.0,0.0,0.0,94.48,102.29605263157895,13.31,0.0,4,0,1,1,0,0,1,0
1,0,1,1,35.0,1,1,1,1,1,1,0,0,1,69.15,0.0,0.0,0.0,365.0,0.0,0.0,0.0,0.0,0.0,0.0,1,1,1.0,21.44,21.44,91.32,71.14714285714285,11.09,0.0,4,1,2,0,0,1,0,0
1,0,0,0,7.0,1,1,0,0,1,0,1,0,1,90.45,0.0,0.0,0.0,365.0,0.0,0.0,0.0,0.0,0.0,0.0,3,1,0.33,8.0,23.99,70.23,84.77857142857144,-1.09,0.0,2,3,0,1,0,0,1,0
0,0,0,0,47.0,1,0,0,0,1,1,1,1,0,74.45,0.0,0.0,0.0,365.0,0.0,0.0,0.0,0.0,0.0,0.0,2,0,0.0,0.0,0.0,54.42,74.6872340425532,16.39,0.0,4,0,2,0,0,0,0,1
0,0,0,0,14.0,1,0,0,1,0,0,0,0,0,50.45,6.0,179.0,1.0,320.0,1.0,5.0,5.0,1.0,0.0,1.0,3,0,0.0,0.0,0.0,88.11,54.675000000000004,-7.61,6.0,1,1,0,0,0,0,1,0
0,1,1,0,20.0,1,0,0,1,0,0,0,1,1,60.0,0.0,0.0,0.0,365.0,0.0,0.0,0.0,0.0,0.0,0.0,1,1,1.0,14.77,14.77,83.24,62.967499999999994,1.94,0.0,2,2,0,0,0,0,1,0
1,0,1,0,66.0,1,1,1,1,0,1,1,1,0,85.25,0.0,0.0,0.0,365.0,1.0,49.5,49.5,1.0,0.0,1.0,1,0,0.0,0.0,0.0,41.44,83.91439393939395,27.19,0.0,5,0,2,0,0,0,1,0
1,0,1,0,15.0,1,0,0,0,0,0,0,0,1,19.45,7.0,34.0,1.0,107.0,0.0,0.0,0.0,0.0,0.0,0.0,1,0,0.0,0.0,0.0,45.55,22.723333333333336,-1.62,7.0,0,1,0,0,1,1,0,0
0,0,0,0,42.0,1,0,0,0,0,0,0,0,1,20.75,2.0,182.0,1.0,141.0,0.0,0.0,0.0,0.0,0.0,0.0,2,0,0.0,0.0,0.0,65.42,20.10595238095238,-0.32,2.0,0,0,2,0,1,0,0,0
0,0,1,0,17.0,1,1,1,0,0,0,0,0,0,78.9,0.0,0.0,0.0,365.0,0.0,0.0,0.0,0.0,0.0,0.0,3,1,0.33,5.96,17.89,50.31,79.35000000000001,-12.64,0.0,1,2,0,1,0,0,1,0
1,0,0,0,37.0,1,1,0,1,0,1,1,1,1,104.5,0.0,0.0,0.0,365.0,0.0,0.0,0.0,0.0,0.0,0.0,2,0,0.0,0.0,0.0,89.62,102.10810810810811,12.96,0.0,4,0,1,1,0,1,0,0
0,0,0,0,12.0,1,0,0,1,0,0,0,0,1,49.4,0.0,0.0,0.0,365.0,0.0,0.0,0.0,0.0,0.0,0.0,3,0,0.0,0.0,0.0,93.87,50.97083333333333,-8.66,0.0,1,1,0,0,0,0,1,0
1,0,1,0,53.0,1,0,0,1,0,0,1,1,1,94.25,0.0,0.0,0.0,365.0,0.0,0.0,0.0,0.0,0.0,0.0,3,1,0.33,4.3,12.9,75.68,91.84811320754717,2.71,0.0,3,1,1,1,0,0,0,0
0,0,0,0,60.0,1,1,0,0,0,0,0,0,0,25.0,0.0,0.0,0.0,365.0,0.0,0.0,0.0,0.0,0.0,0.0,2,0,0.0,0.0,0.0,97.1,25.084166666666665,3.93,0.0,0,0,2,0,1,0,0,1
1,0,1,1,18.0,0,0,0,0,0,0,0,0,0,25.55,0.0,0.0,0.0,365.0,0.0,0.0,0.0,0.0,0.0,0.0,3,1,0.33,8.06,24.18,55.43,25.991666666666667,-32.51,0.0,0,2,0,0,0,1,0,0
1,0,0,0,1.0,1,1,0,0,0,0,0,0,1,74.9,5.0,67.0,1.0,130.0,0.0,0.0,0.0,0.0,0.0,0.0,2,1,0.5,6.36,12.71,75.1,74.9,-16.64,5.0,0,3,0,1,0,0,1,0
0,0,0,0,3.0,1,0,0,0,0,0,0,0,1,70.15,7.0,239.0,1.0,41.0,1.0,17.4,17.4,0.0,0.0,0.0,1,1,1.0,16.02,16.02,60.36,64.73333333333333,-21.39,7.0,0,3,0,1,0,0,1,0
0,0,0,1,9.0,1,0,0,0,0,1,1,1,1,69.4,9.0,140.0,1.0,189.0,0.0,0.0,0.0,0.0,0.0,0.0,1,0,0.0,0.0,0.0,83.95,63.49444444444445,11.34,9.0,3,2,0,0,0,1,0,0
0,0,0,0,1.0,1,0,0,0,0,0,1,0,1,80.25,7.0,71.0,1.0,179.0,0.0,0.0,0.0,0.0,0.0,0.0,2,1,0.5,11.07,22.14,47.18,80.25,-11.29,7.0,1,3,0,1,0,0,1,0
1,0,1,0,56.0,1,1,1,1,1,0,0,0,1,93.15,0.0,0.0,0.0,365.0,1.0,0.1,0.1,0.0,1.0,0.0,1,0,0.0,0.0,0.0,34.26,93.82053571428571,1.61,0.0,3,0,1,1,0,0,1,0
1,0,1,1,17.0,1,0,0,0,0,0,0,0,1,69.0,13.0,161.0,2.0,125.0,0.0,0.0,0.0,0.0,0.0,0.0,2,0,0.0,0.0,0.0,78.38,67.62647058823529,-22.54,6.5,0,1,0,1,0,0,1,0
0,0,1,1,11.0,1,1,0,0,0,1,0,1,1,66.35,0.0,0.0,0.0,365.0,0.0,0.0,0.0,0.0,0.0,0.0,2,0,0.0,0.0,0.0,55.73,67.34545454545454,8.29,0.0,2,2,0,0,0,0,1,0
1,0,0,0,7.0,1,0,0,0,0,0,0,0,1,69.55,0.0,0.0,0.0,365.0,0.0,0.0,0.0,0.0,0.0,0.0,2,1,0.5,11.16,22.31,95.11,74.47857142857143,-21.99,0.0,0,3,0,1,0,0,1,0
0,0,1,1,69.0,1,0,0,0,0,0,0,0,0,20.15,0.0,0.0,0.0,365.0,0.0,0.0,0.0,0.0,0.0,0.0,3,0,0.0,0.0,0.0,47.87,20.473188405797103,-0.92,0.0,0,0,2,0,1,0,0,0
1,0,0,0,19.0,1,1,0,0,0,0,0,1,1,86.0,0.0,0.0,0.0,365.0,1.0,1.4,1.4,1.0,0.0,1.0,2,0,0.0,0.0,0.0,69.83,80.65526315789474,-5.54,0.0,1,1,0,1,0,0,0,0
0,0,1,1,3.0,1,0,0,0,0,0,0,1,1,80.3,0.0,0.0,0.0,365.0,0.0,0.0,0.0,0.0,0.0,0.0,3,0,0.0,0.0,0.0,56.85,83.35000000000001,-11.24,0.0,1,2,0,1,0,0,1,0
1,0,1,1,54.0,1,0,0,0,0,0,0,0,0,20.4,6.0,90.0,1.0,36.0,0.0,0.0,0.0,0.0,0.0,0.0,3,0,0.0,0.0,0.0,82.78,20.196296296296296,-0.67,6.0,0,0,2,0,1,1,0,0
1,0,1,0,62.0,1,1,0,0,0,0,0,0,1,23.75,2.0,224.0,1.0,305.0,0.0,0.0,0.0,0.0,0.0,0.0,2,0,0.0,0.0,0.0,60.86,23.335483870967742,2.68,2.0,0,0,1,0,1,1,0,0
1,0,0,0,24.0,1,1,0,1,0,0,1,0,1,90.55,4.0,120.0,1.0,360.0,1.0,13.4,13.4,1.0,0.0,1.0,2,1,0.5,13.5,27.0,45.46,95.10625,-0.99,4.0,2,2,0,1,0,1,0,0
0,0,1,1,12.0,1,1,0,0,0,0,1,1,1,70.45,0.0,0.0,0.0,365.0,0.0,0.0,0.0,0.0,0.0,0.0,1,1,1.0,35.17,35.17,77.09,358.37083333333334,12.39,0.0,2,2,0,0,0,1,0,0
1,0,0,0,17.0,1,1,1,0,0,0,0,1,0,65.75,3.0,49.0,1.0,118.0,0.0,0.0,0.0,0.0,0.0,0.0,3,0,0.0,0.0,0.0,97.72,65.36470588235295,7.69,3.0,2,1,0,0,0,0,0,0
1,0,0,0,9.0,0,0,0,0,0,0,0,0,1,24.6,0.0,0.0,0.0,365.0,0.0,0.0,0.0,0.0,0.0,0.0,1,0,0.0,0.0,0.0,47.61,21.12222222222222,-33.46,0.0,0,2,0,0,0,0,0,1
1,0,1,1,64.0,1,0,1,0,1,1,1,0,0,69.25,3.0,174.0,1.0,360.0,1.0,8.3,8.3,1.0,0.0,1.0,2,0,0.0,0.0,0.0,57.06,69.49609375,11.19,3.0,4,0,2,0,0,0,0,1
0,0,0,0,12.0,1,1,0,0,0,0,0,0,1,75.9,0.0,0.0,0.0,365.0,0.0,0.0,0.0,0.0,0.0,0.0,2,1,0.5,7.9,15.79,54.83,11.945833333333333,-15.64,0.0,0,2,0,1,0,0,1,0
1,0,1,1,1.0,1,0,0,0,0,0,0,0,1,45.85,10.0,148.5,2.0,272.0,0.0,0.0,0.0,0.0,0.0,0.0,1,0,0.0,0.0,0.0,103.16,45.85,-12.21,5.0,0,2,0,0,0,0,0,1
0,0,1,0,16.0,0,0,0,0,0,1,1,1,1,49.95,5.0,18.0,1.0,286.0,0.0,0.0,0.0,0.0,0.0,0.0,3,0,0.0,0.0,0.0,84.98,50.6375,-8.11,5.0,3,1,0,0,0,0,1,0
0,0,1,0,72.0,1,1,0,0,0,0,0,0,0,24.65,0.0,58.0,1.0,365.0,0.0,0.0,0.0,0.0,0.0,0.0,3,1,0.33,19.42,58.25,75.91,25.41736111111111,3.58,0.0,0,1,2,0,1,0,0,0
1,0,0,0,30.0,1,1,1,1,1,0,0,0,0,90.4,0.0,0.0,0.0,365.0,0.0,0.0,0.0,0.0,0.0,0.0,3,0,0.0,0.0,0.0,63.36,94.02166666666668,-1.14,0.0,3,0,1,1,0,0,0,0
0,0,1,0,49.0,1,1,1,0,0,0,1,1,1,100.85,0.0,0.0,0.0,365.0,0.0,0.0,0.0,0.0,0.0,0.0,2,0,0.0,0.0,0.0,69.46,98.92551020408165,9.31,0.0,3,1,0,1,0,0,0,1
1,0,1,0,61.0,1,1,1,0,1,1,0,1,0,56.15,4.0,253.0,1.0,162.0,0.0,0.0,0.0,0.0,0.0,0.0,3,2,0.67,17.2,32.78,54.54,77.52950819672131,-1.91,4.0,4,1,2,0,0,1,0,0
1,0,1,1,47.0,1,1,0,1,0,0,1,0,0,87.2,0.0,0.0,0.0,365.0,0.0,0.0,0.0,0.0,0.0,0.0,2,0,0.0,0.0,0.0,104.5,85.47765957446808,-4.34,0.0,2,1,0,1,0,0,1,0
1,0,0,0,20.0,1,0,1,0,1,0,0,1,0,64.4,6.0,240.0,1.0,292.0,0.0,0.0,0.0,0.0,0.0,0.0,2,0,0.0,0.0,0.0,89.79,69.92999999999999,6.34,6.0,3,1,0,0,0,1,0,0
1,0,1,1,34.0,1,0,0,0,0,0,1,0,0,78.3,6.0,232.0,1.0,21.0,0.0,0.0,0.0,0.0,0.0,0.0,2,0,0.0,0.0,0.0,51.59,75.42058823529412,-13.24,6.0,1,1,0,1,0,0,1,0
0,0,1,1,70.0,1,1,0,0,0,0,0,0,0,24.7,5.0,142.0,1.0,114.0,0.0,0.0,0.0,0.0,0.0,0.0,3,1,0.33,11.37,34.1,71.05,24.084285714285716,3.63,5.0,0,1,2,0,1,0,0,0
1,0,0,1,54.0,1,0,1,1,0,1,1,1,1,105.85,0.0,0.0,0.0,365.0,0.0,0.0,0.0,0.0,0.0,0.0,2,0,0.0,0.0,0.0,63.89,107.90092592592592,14.31,0.0,5,0,1,1,0,0,1,0
1,1,1,0,61.0,1,1,0,1,1,1,1,0,1,98.3,0.0,0.0,0.0,365.0,0.0,0.0,0.0,0.0,0.0,0.0,3,0,0.0,0.0,0.0,55.05,99.4516393442623,6.76,0.0,4,0,1,1,0,0,0,1
1,0,0,0,3.0,1,1,0,0,0,0,0,0,1,76.95,0.0,0.0,0.0,365.0,0.0,0.0,0.0,0.0,0.0,0.0,3,1,0.33,5.72,17.17,101.58,76.13333333333334,-14.59,0.0,0,3,0,1,0,0,1,0
1,0,0,0,13.0,1,0,0,0,0,0,0,0,0,19.45,0.0,0.0,0.0,365.0,0.0,0.0,0.0,0.0,0.0,0.0,3,1,0.33,5.79,17.36,74.04,20.784615384615385,-1.62,0.0,0,1,1,0,1,0,0,1
0,1,0,0,16.0,1,1,0,0,0,0,1,1,1,96.15,0.0,0.0,0.0,365.0,0.0,0.0,0.0,0.0,0.0,0.0,3,1,0.33,1.96,5.88,52.39,95.575,4.61,0.0,2,2,0,1,0,0,1,0
0,0,1,1,3.0,1,0,0,1,0,0,1,0,1,58.7,0.0,0.0,0.0,365.0,0.0,0.0,0.0,0.0,0.0,0.0,1,0,0.0,0.0,0.0,106.07,56.199999999999996,0.64,0.0,2,2,0,0,0,1,0,0
1,0,0,0,25.0,1,0,0,0,0,0,0,0,1,20.15,0.0,0.0,0.0,365.0,0.0,0.0,0.0,0.0,0.0,0.0,1,0,0.0,0.0,0.0,62.61,21.454,-0.92,0.0,0,1,0,0,1,0,0,1
1,0,0,0,30.0,1,1,1,0,0,0,0,1,1,64.5,0.0,0.0,0.0,365.0,0.0,0.0,0.0,0.0,0.0,0.0,3,1,0.33,4.79,14.37,78.9,62.94833333333334,6.44,0.0,2,2,0,0,0,0,0,1
0,0,1,0,21.0,0,0,1,0,0,0,0,0,0,28.5,0.0,0.0,0.0,365.0,0.0,0.0,0.0,0.0,0.0,0.0,2,1,0.5,5.1,10.2,57.23,29.969047619047622,-29.56,0.0,1,2,0,0,0,0,1,0
1,0,0,0,1.0,1,0,0,0,0,0,0,0,0,45.3,0.0,0.0,0.0,365.0,0.0,0.0,0.0,0.0,0.0,0.0,2,1,0.5,2.28,4.57,68.15,45.3,-12.76,0.0,0,3,0,0,0,0,1,0
0,0,0,0,15.0,1,0,0,0,0,0,0,0,0,19.4,0.0,0.0,0.0,365.0,0.0,0.0,0.0,0.0,0.0,0.0,1,0,0.0,0.0,0.0,66.72,19.28666666666667,-1.67,0.0,0,1,0,0,1,0,0,0
1,1,1,0,23.0,1,0,0,0,0,0,1,1,1,90.45,0.0,0.0,0.0,365.0,0.0,0.0,0.0,0.0,0.0,0.0,1,1,1.0,28.75,28.75,76.83,92.05434782608695,-1.09,0.0,2,2,0,1,0,0,1,0
0,0,1,1,45.0,1,1,1,1,0,0,1,1,1,91.75,0.0,0.0,0.0,365.0,0.0,0.0,0.0,0.0,0.0,0.0,1,0,0.0,0.0,0.0,46.61,105.1311111111111,0.21,0.0,4,1,0,1,0,0,1,0
0,0,1,1,24.0,1,1,0,1,1,0,0,0,0,83.15,6.0,84.0,1.0,36.0,0.0,0.0,0.0,0.0,0.0,0.0,3,1,0.33,11.66,34.99,94.41,84.71041666666666,-8.39,6.0,2,1,1,1,0,0,0,0
0,0,0,0,11.0,1,1,0,0,0,1,1,0,0,90.15,1.0,154.0,1.0,289.0,0.0,0.0,0.0,0.0,0.0,0.0,1,0,0.0,0.0,0.0,69.19,89.81363636363636,-1.39,1.0,2,2,0,1,0,0,1,0
1,0,0,0,1.0,1,0,0,0,0,0,0,0,0,45.05,3.0,76.0,1.0,322.0,0.0,0.0,0.0,0.0,0.0,0.0,3,0,0.0,0.0,0.0,57.09,45.05,-13.01,3.0,0,2,0,0,0,0,0,1
0,0,1,0,56.0,1,1,0,0,1,1,1,1,0,103.2,11.0,24.0,1.0,145.0,2.0,8.0,13.6,0.0,2.0,0.0,3,1,0.33,16.31,48.94,106.02,102.57767857142858,11.66,11.0,4,1,2,1,0,0,0,0
0,0,0,0,1.0,1,0,0,1,0,0,0,0,0,75.8,3.0,82.0,1.0,57.0,0.0,0.0,0.0,0.0,0.0,0.0,3,1,0.33,2.48,7.45,51.74,75.8,-15.74,3.0,1,3,0,1,0,0,1,0
1,0,0,0,1.0,1,0,0,0,0,0,0,0,0,19.45,0.0,0.0,0.0,365.0,0.0,0.0,0.0,0.0,0.0,0.0,3,0,0.0,0.0,0.0,44.06,19.45,-1.62,0.0,0,2,0,0,1,0,1,0
0,0,0,0,7.0,1,0,0,0,0,0,0,1,1,79.3,0.0,0.0,0.0,365.0,0.0,0.0,0.0,0.0,0.0,0.0,1,0,0.0,0.0,0.0,105.18,74.73571428571428,-12.24,0.0,1,2,0,1,0,0,1,0
0,1,1,0,55.0,1,0,0,0,1,1,1,0,0,88.8,0.0,0.0,0.0,365.0,1.0,12.3,12.3,1.0,0.0,1.0,3,1,0.33,5.06,15.19,96.13,87.36909090909091,-2.74,0.0,3,1,2,1,0,1,0,0
0,0,0,0,2.0,0,0,0,0,0,1,0,0,1,30.9,4.0,59.0,1.0,178.0,0.0,0.0,0.0,0.0,0.0,0.0,3,0,0.0,0.0,0.0,46.23,29.525,-27.16,4.0,1,2,0,0,0,0,1,0
0,0,1,1,72.0,1,1,1,0,1,1,1,1,1,85.9,12.0,215.5,2.0,149.0,2.0,4.2,8.1,0.0,2.0,0.0,1,0,0.0,0.0,0.0,110.91,84.87152777777777,27.84,6.0,5,0,2,0,0,1,0,0
0,1,0,0,45.0,0,0,0,0,0,0,0,1,0,34.2,6.0,287.0,1.0,265.0,0.0,0.0,0.0,0.0,0.0,0.0,3,0,0.0,0.0,0.0,94.18,35.48,-23.86,6.0,1,0,1,0,0,0,1,0
0,0,0,0,47.0,1,0,0,0,0,0,0,0,0,20.15,4.0,53.0,1.0,94.0,0.0,0.0,0.0,0.0,0.0,0.0,1,0,0.0,0.0,0.0,59.78,22.25957446808511,-0.92,4.0,0,0,2,0,1,0,0,1
0,1,0,0,46.0,1,0,0,1,0,0,1,1,0,95.25,4.0,264.0,1.0,206.0,1.0,47.0,47.0,1.0,0.0,1.0,3,1,0.33,1.97,5.92,55.55,96.17826086956521,3.71,4.0,3,1,1,1,0,1,0,0
1,0,0,0,2.0,1,0,0,1,0,0,0,0,1,50.3,0.0,0.0,0.0,365.0,1.0,10.6,10.6,0.0,1.0,0.0,2,2,1.0,17.63,26.4,89.64,46.375,-7.76,0.0,1,3,0,0,0,0,0,1
0,0,1,0,2.0,1,0,1,0,0,1,0,0,1,80.15,7.0,115.0,1.0,97.0,1.0,3.3,3.3,0.0,0.0,0.0,3,1,0.33,1.02,3.07,80.49,97.275,-11.39,7.0,2,3,0,1,0,0,1,0
0,0,1,0,12.0,1,0,0,1,0,0,0,0,1,51.25,0.0,0.0,0.0,365.0,0.0,0.0,0.0,0.0,0.0,0.0,3,1,0.33,8.59,25.78,70.22,51.00833333333333,-6.81,0.0,1,2,0,0,0,0,1,0
0,1,1,0,12.0,1,1,0,1,0,0,0,1,1,89.6,4.0,253.0,1.0,261.0,0.0,0.0,0.0,0.0,0.0,0.0,1,0,0.0,0.0,0.0,104.72,510.6333333333334,-1.94,4.0,2,1,0,1,0,0,0,0
1,0,1,1,69.0,1,0,0,0,0,1,1,1,1,95.2,0.0,0.0,0.0,365.0,0.0,0.0,0.0,0.0,0.0,0.0,3,0,0.0,0.0,0.0,80.77,96.69130434782609,3.66,0.0,3,0,2,1,0,1,0,0
1,1,0,1,56.0,1,0,1,0,0,0,1,1,0,94.8,0.0,0.0,0.0,365.0,0.0,0.0,0.0,0.0,0.0,0.0,2,1,0.5,1.46,2.92,33.08,94.00535714285715,3.26,0.0,3,1,1,1,0,1,0,0
0,1,0,0,4.0,1,1,1,0,0,0,0,0,1,91.75,0.0,0.0,0.0,365.0,0.0,0.0,0.0,0.0,0.0,0.0,1,1,1.0,1.35,1.35,26.64,75.925,0.21,0.0,1,3,0,1,0,0,1,0
1,0,1,0,64.0,1,1,0,1,1,1,1,0,1,76.1,3.0,155.0,1.0,239.0,0.0,0.0,0.0,0.0,0.0,0.0,2,0,0.0,0.0,0.0,45.84,75.29375,18.04,3.0,4,0,2,0,0,0,0,0
1,0,1,0,59.0,1,1,1,1,1,0,1,1,1,110.15,0.0,0.0,0.0,365.0,0.0,0.0,0.0,0.0,0.0,0.0,3,1,0.33,14.3,42.89,81.1,109.28898305084746,18.61,0.0,5,1,1,1,0,0,1,0
1,0,1,1,62.0,1,1,1,1,1,1,1,1,0,115.55,0.0,0.0,0.0,365.0,0.0,0.0,0.0,0.0,0.0,0.0,3,0,0.0,0.0,0.0,35.33,115.46854838709677,24.01,0.0,6,0,2,1,0,0,0,0
1,0,1,1,63.0,1,1,0,0,0,0,0,0,0,24.65,0.0,0.0,0.0,365.0,1.0,160.7,160.7,1.0,0.0,1.0,3,1,0.33,14.31,42.92,90.74,24.99206349206349,3.58,0.0,0,1,2,0,1,1,0,0
0,0,0,0,53.0,0,0,1,1,1,1,1,0,1,53.6,0.0,0.0,0.0,365.0,0.0,0.0,0.0,0.0,0.0,0.0,1,0,0.0,0.0,0.0,109.92,54.32452830188679,-4.46,0.0,5,0,1,0,0,0,1,0
1,0,1,1,5.0,1,0,0,0,0,0,0,0,0,19.45,4.0,210.0,1.0,303.0,0.0,0.0,0.0,0.0,0.0,0.0,2,0,0.0,0.0,0.0,83.54,17.21,-1.62,4.0,0,2,0,0,1,0,0,1
1,1,1,0,49.0,1,1,1,1,1,0,0,0,1,88.2,7.0,96.5,2.0,202.0,0.0,0.0,0.0,0.0,0.0,0.0,3,0,0.0,0.0,0.0,75.72,84.88673469387754,-3.34,3.5,3,1,0,1,0,0,1,0
0,0,1,1,62.0,1,1,1,0,0,0,1,1,1,101.15,12.0,110.0,2.0,24.0,0.0,0.0,0.0,0.0,0.0,0.0,2,2,1.0,12.82,19.68,36.98,107.07016129032259,9.61,6.0,3,1,2,1,0,0,0,0
0,0,1,0,55.0,1,0,1,1,0,1,0,0,0,56.8,5.0,113.0,1.0,105.0,0.0,0.0,0.0,0.0,0.0,0.0,2,1,0.5,8.88,17.77,78.57,56.582727272727276,-1.26,5.0,3,1,2,0,0,0,0,1
0,1,1,0,71.0,1,0,1,1,1,1,1,0,1,99.4,3.0,285.0,1.0,254.0,0.0,0.0,0.0,0.0,0.0,0.0,3,0,0.0,0.0,0.0,63.58,100.96126760563381,7.86,3.0,5,0,2,1,0,0,1,0
0,0,1,1,72.0,1,0,0,0,0,0,0,0,1,20.1,0.0,0.0,0.0,365.0,1.0,4.2,4.2,1.0,0.0,1.0,3,0,0.0,0.0,0.0,73.05,18.42013888888889,-0.97,0.0,0,0,2,0,1,1,0,0
1,0,1,1,36.0,0,0,1,0,1,1,1,1,0,60.7,0.0,0.0,0.0,365.0,0.0,0.0,0.0,0.0,0.0,0.0,2,1,0.5,20.84,41.69,108.59,62.07083333333334,2.64,0.0,5,1,1,0,0,1,0,0
1,0,1,0,25.0,1,0,0,0,0,0,0,0,1,20.95,0.0,0.0,0.0,365.0,0.0,0.0,0.0,0.0,0.0,0.0,3,3,1.0,20.59,27.08,91.98,19.805999999999997,-0.12,0.0,0,1,1,0,1,0,0,0
0,1,1,0,72.0,1,1,1,1,1,1,1,1,1,114.85,7.0,133.0,1.0,53.0,0.0,0.0,0.0,0.0,0.0,0.0,2,0,0.0,0.0,0.0,58.6,115.52708333333334,23.31,7.0,6,0,2,1,0,0,0,0
0,0,0,0,36.0,1,0,0,0,0,0,0,0,1,19.25,0.0,0.0,0.0,365.0,1.0,7.7,7.7,0.0,0.0,0.0,1,0,0.0,0.0,0.0,51.13,18.883333333333333,-1.82,0.0,0,0,1,0,1,0,0,0
1,0,0,0,1.0,1,0,0,0,0,0,1,1,1,62.8,0.0,0.0,0.0,365.0,0.0,0.0,0.0,0.0,0.0,0.0,3,0,0.0,0.0,0.0,31.24,62.8,4.74,0.0,2,2,0,0,0,0,0,1
0,0,1,0,72.0,1,1,1,0,1,0,1,1,1,105.5,0.0,0.0,0.0,365.0,0.0,0.0,0.0,0.0,0.0,0.0,1,0,0.0,0.0,0.0,83.78,104.77777777777777,13.96,0.0,4,0,2,1,0,0,1,0
1,0,1,1,59.0,1,0,0,0,0,0,0,0,0,19.85,0.0,0.0,0.0,365.0,0.0,0.0,0.0,0.0,0.0,0.0,1,0,0.0,0.0,0.0,42.04,20.139830508474578,-1.22,0.0,0,0,2,0,1,0,0,1
1,1,1,0,7.0,1,0,0,0,0,0,1,1,1,89.5,7.0,114.0,1.0,289.0,0.0,0.0,0.0,0.0,0.0,0.0,2,0,0.0,0.0,0.0,86.94,96.67142857142858,-2.04,7.0,2,2,0,1,0,0,1,0
0,0,0,0,1.0,1,0,0,0,1,1,1,1,0,74.1,5.0,248.0,1.0,183.0,0.0,0.0,0.0,0.0,0.0,0.0,1,1,1.0,2.8,2.8,31.09,74.1,16.04,5.0,4,2,1,0,0,1,0,0
0,0,1,1,12.0,1,1,0,1,1,1,1,1,1,107.5,14.0,120.0,2.0,96.0,0.0,0.0,0.0,0.0,0.0,0.0,3,0,0.0,0.0,0.0,61.67,270.2083333333333,15.96,7.0,5,1,0,1,0,0,1,0
1,0,0,0,64.0,1,0,0,0,0,0,0,0,0,19.55,0.0,0.0,0.0,365.0,0.0,0.0,0.0,0.0,0.0,0.0,3,0,0.0,0.0,0.0,96.6,19.37734375,-1.52,0.0,0,0,2,0,1,0,0,1
1,0,0,0,63.0,1,1,1,1,1,1,0,0,0,68.8,10.0,153.5,2.0,259.0,0.0,0.0,0.0,0.0,0.0,0.0,1,1,1.0,24.59,24.59,51.34,65.25952380952381,10.74,5.0,4,1,1,0,0,0,0,0
1,1,1,0,72.0,1,1,1,1,1,0,1,1,0,84.45,0.0,0.0,0.0,365.0,0.0,0.0,0.0,0.0,0.0,0.0,2,1,0.5,20.22,40.43,77.68,81.94236111111111,26.39,0.0,5,1,2,0,0,1,0,0
1,0,1,0,8.0,1,0,1,0,0,0,0,0,0,75.0,8.0,57.0,1.0,213.0,0.0,0.0,0.0,0.0,0.0,0.0,2,1,0.5,20.04,40.07,75.93,79.11875,-16.54,8.0,1,3,0,1,0,0,1,0
0,0,0,0,62.0,1,1,0,1,1,1,1,1,0,84.5,0.0,0.0,0.0,365.0,0.0,0.0,0.0,0.0,0.0,0.0,3,0,0.0,0.0,0.0,78.71,83.76129032258065,26.44,0.0,5,0,2,0,0,0,0,0
1,0,1,1,67.0,1,1,0,1,1,1,1,1,1,111.2,5.0,15.0,1.0,321.0,1.0,40.1,40.1,0.0,0.0,0.0,2,0,0.0,0.0,0.0,69.26,112.4,19.66,5.0,5,0,2,1,0,0,0,0
1,0,0,0,6.0,1,0,0,0,0,0,0,0,0,44.75,6.0,186.0,1.0,332.0,1.0,68.4,68.4,0.0,0.0,0.0,3,0,0.0,0.0,0.0,57.81,45.15833333333333,-13.31,6.0,0,2,0,0,0,0,1,0
0,0,1,1,70.0,1,1,1,0,0,1,1,1,1,80.6,7.0,291.0,1.0,323.0,0.0,0.0,0.0,0.0,0.0,0.0,2,0,0.0,0.0,0.0,46.76,78.00285714285714,22.54,7.0,4,0,2,0,0,0,0,0
0,1,0,0,20.0,1,0,0,0,0,0,1,0,0,80.7,0.0,0.0,0.0,365.0,0.0,0.0,0.0,0.0,0.0,0.0,3,0,0.0,0.0,0.0,44.95,80.71000000000001,-10.84,0.0,1,1,0,1,0,0,0,0
0,0,0,0,5.0,1,1,0,0,0,0,0,0,0,75.6,0.0,0.0,0.0,365.0,0.0,0.0,0.0,0.0,0.0,0.0,1,1,1.0,31.8,31.8,83.74,80.5,-15.94,0.0,0,3,0,1,0,0,1,0
0,0,1,1,24.0,0,0,1,1,1,0,1,1,0,57.6,2.0,270.0,1.0,156.0,0.0,0.0,0.0,0.0,0.0,0.0,1,1,1.0,4.0,4.0,55.5,56.989583333333336,-0.46,2.0,5,1,1,0,0,0,1,0
0,0,1,0,11.0,1,0,0,0,0,0,0,0,1,44.05,0.0,0.0,0.0,365.0,0.0,0.0,0.0,0.0,0.0,0.0,1,0,0.0,0.0,0.0,46.71,43.97272727272727,-14.01,0.0,0,2,0,0,0,0,1,0
1,0,1,0,72.0,1,1,0,1,1,1,1,1,1,110.6,0.0,0.0,0.0,365.0,0.0,0.0,0.0,0.0,0.0,0.0,3,1,0.33,6.46,19.38,69.87,110.58611111111111,19.06,0.0,5,1,2,1,0,1,0,0
0,0,1,1,66.0,1,0,1,1,0,1,0,0,1,58.2,0.0,0.0,0.0,365.0,0.0,0.0,0.0,0.0,0.0,0.0,3,0,0.0,0.0,0.0,107.79,57.73939393939394,0.14,0.0,3,0,2,0,0,1,0,0
0,0,1,1,64.0,1,0,1,0,1,1,1,1,1,81.0,0.0,0.0,0.0,365.0,1.0,14.5,14.5,0.0,1.0,0.0,2,0,0.0,0.0,0.0,62.44,55.2125,22.94,0.0,5,0,2,0,0,0,0,1
0,0,1,1,69.0,1,0,0,0,0,0,0,0,0,19.7,0.0,0.0,0.0,365.0,0.0,0.0,0.0,0.0,0.0,0.0,3,1,0.33,8.73,26.19,70.62,20.244927536231884,-1.37,0.0,0,1,2,0,1,0,0,0
1,1,1,0,15.0,1,1,0,0,0,0,0,1,1,85.6,6.0,297.0,1.0,78.0,0.0,0.0,0.0,0.0,0.0,0.0,3,0,0.0,0.0,0.0,48.22,89.70333333333333,-5.94,6.0,1,1,0,1,0,0,0,0
0,0,0,0,28.0,1,0,0,0,1,0,1,0,1,59.55,3.0,210.0,1.0,206.0,0.0,0.0,0.0,0.0,0.0,0.0,1,1,1.0,14.48,14.48,51.27,58.801785714285714,1.49,3.0,2,2,0,0,0,0,0,0
0,0,0,0,70.0,1,1,1,1,1,1,1,1,0,115.55,3.0,246.0,1.0,172.0,0.0,0.0,0.0,0.0,0.0,0.0,1,0,0.0,0.0,0.0,34.99,116.10857142857144,24.01,3.0,6,0,1,1,0,1,0,0
0,0,0,0,36.0,1,0,1,1,1,1,0,1,1,75.55,10.0,270.0,1.0,48.0,1.0,12.5,12.5,0.0,0.0,0.0,1,0,0.0,0.0,0.0,83.86,74.44861111111112,17.49,10.0,5,0,1,0,0,0,0,1
1,1,0,0,16.0,1,1,0,0,0,0,1,0,1,86.6,5.0,257.0,1.0,97.0,0.0,0.0,0.0,0.0,0.0,0.0,2,0,0.0,0.0,0.0,66.44,80.0625,-4.94,5.0,1,1,0,1,0,0,1,0
0,0,0,0,18.0,1,1,0,0,0,0,1,0,1,85.2,0.0,0.0,0.0,365.0,0.0,0.0,0.0,0.0,0.0,0.0,2,1,0.5,7.74,15.49,73.06,86.32777777777778,-6.34,0.0,1,2,0,1,0,0,1,0
0,0,1,0,34.0,1,1,0,0,0,0,1,1,1,97.65,0.0,0.0,0.0,365.0,0.0,0.0,0.0,0.0,0.0,0.0,1,0,0.0,0.0,0.0,110.31,94.33970588235294,6.11,0.0,2,1,0,1,0,0,1,0
1,0,1,1,42.0,0,0,0,1,1,0,0,1,1,45.1,0.0,0.0,0.0,365.0,0.0,0.0,0.0,0.0,0.0,0.0,3,0,0.0,0.0,0.0,77.47,48.786904761904765,-12.96,0.0,3,0,1,0,0,1,0,0
1,0,0,0,48.0,1,1,1,0,0,1,0,1,1,70.95,8.0,271.0,1.0,198.0,1.0,37.1,37.1,1.0,0.0,1.0,1,0,0.0,0.0,0.0,105.7,75.60833333333333,12.89,8.0,3,0,1,0,0,0,0,0
1,0,1,0,47.0,1,1,0,1,1,1,1,1,1,109.55,0.0,0.0,0.0,365.0,0.0,0.0,0.0,0.0,0.0,0.0,2,0,0.0,0.0,0.0,62.02,109.03297872340426,18.01,0.0,5,1,0,1,0,0,1,0
0,0,1,1,39.0,1,1,0,1,1,1,0,0,1,89.55,5.0,184.0,1.0,196.0,0.0,0.0,0.0,0.0,0.0,0.0,1,0,0.0,0.0,0.0,33.64,89.08846153846153,-1.99,5.0,3,0,1,1,0,0,1,0
0,0,1,1,11.0,1,0,0,0,0,0,0,0,0,20.9,6.0,78.0,1.0,238.0,0.0,0.0,0.0,0.0,0.0,0.0,1,0,0.0,0.0,0.0,54.17,18.39090909090909,-0.17,6.0,0,1,2,0,1,1,0,0
1,0,0,0,7.0,1,0,0,0,0,0,0,0,1,19.95,0.0,0.0,0.0,365.0,0.0,0.0,0.0,0.0,0.0,0.0,1,1,1.0,33.84,33.84,100.57,21.071428571428573,-1.12,0.0,0,3,0,0,1,0,0,1
0,0,0,0,12.0,1,1,0,0,0,0,0,0,0,24.6,6.0,169.0,1.0,227.0,0.0,0.0,0.0,0.0,0.0,0.0,1,0,0.0,0.0,0.0,111.04,7.195833333333333,3.53,6.0,0,1,0,0,1,0,0,1
1,0,0,0,8.0,1,0,1,0,1,0,0,1,1,66.7,5.0,32.0,1.0,15.0,0.0,0.0,0.0,0.0,0.0,0.0,3,1,0.33,6.38,19.14,82.85,72.375,8.64,5.0,3,3,0,0,0,0,1,0
1,0,0,1,1.0,1,0,0,0,0,0,0,0,1,19.45,0.0,0.0,0.0,365.0,0.0,0.0,0.0,0.0,0.0,0.0,3,1,0.33,2.57,7.71,58.48,19.45,-1.62,0.0,0,3,0,0,1,0,0,1
1,0,1,1,32.0,1,0,1,1,1,0,0,1,0,94.8,0.0,0.0,0.0,365.0,1.0,0.6,0.6,1.0,0.0,1.0,1,0,0.0,0.0,0.0,32.24,97.8609375,3.26,0.0,4,0,1,1,0,0,0,1
1,0,1,1,60.0,1,0,1,1,1,1,0,0,1,65.85,0.0,0.0,0.0,365.0,0.0,0.0,0.0,0.0,0.0,0.0,2,0,0.0,0.0,0.0,47.78,65.47166666666666,7.79,0.0,4,0,1,0,0,0,0,0
0,0,1,0,10.0,1,0,0,0,0,0,0,0,1,19.95,0.0,0.0,0.0,365.0,0.0,0.0,0.0,0.0,0.0,0.0,1,0,0.0,0.0,0.0,35.5,18.775,-1.12,0.0,0,2,0,0,1,0,0,0
0,0,1,0,71.0,1,1,0,0,0,0,0,0,1,24.65,0.0,0.0,0.0,365.0,0.0,0.0,0.0,0.0,0.0,0.0,1,0,0.0,0.0,0.0,32.59,24.086619718309862,3.58,0.0,0,0,2,0,1,0,0,0
0,0,1,1,4.0,1,0,0,0,0,0,0,0,0,20.35,0.0,0.0,0.0,365.0,0.0,0.0,0.0,0.0,0.0,0.0,3,0,0.0,0.0,0.0,91.29,19.0875,-0.72,0.0,0,2,0,0,1,0,0,1
0,1,0,0,1.0,1,0,0,0,0,0,0,0,1,69.25,0.0,0.0,0.0,365.0,0.0,0.0,0.0,0.0,0.0,0.0,1,0,0.0,0.0,0.0,47.32,69.25,-22.29,0.0,0,2,0,1,0,0,1,0
0,0,1,1,43.0,0,0,1,1,0,1,1,0,1,51.25,0.0,0.0,0.0,365.0,0.0,0.0,0.0,0.0,0.0,0.0,3,0,0.0,0.0,0.0,67.2,50.03720930232558,-6.81,0.0,4,0,1,0,0,0,0,0
1,0,1,0,59.0,1,1,0,0,1,0,1,1,1,99.5,0.0,0.0,0.0,365.0,0.0,0.0,0.0,0.0,0.0,0.0,2,0,0.0,0.0,0.0,64.8,101.035593220339,7.96,0.0,3,0,1,1,0,0,0,0
0,0,1,0,12.0,1,0,0,0,1,1,0,0,0,56.15,9.0,159.0,1.0,283.0,0.0,0.0,0.0,0.0,0.0,0.0,1,0,0.0,0.0,0.0,113.97,101.79583333333333,-1.91,9.0,2,1,0,0,0,0,1,0
0,0,1,0,72.0,1,0,0,0,0,0,0,0,0,19.4,5.0,196.0,1.0,219.0,0.0,0.0,0.0,0.0,0.0,0.0,3,0,0.0,0.0,0.0,45.94,20.78402777777778,-1.67,5.0,0,0,2,0,1,0,0,0
1,0,1,0,44.0,1,0,1,0,0,1,0,0,1,56.25,0.0,0.0,0.0,365.0,0.0,0.0,0.0,0.0,0.0,0.0,3,1,0.33,1.1,3.31,50.15,29.36818181818182,-1.81,0.0,2,1,1,0,0,1,0,0
0,0,0,0,1.0,0,0,0,0,0,0,0,0,1,25.15,0.0,0.0,0.0,365.0,1.0,31.3,31.3,0.0,1.0,0.0,2,0,0.0,0.0,0.0,67.03,25.15,-32.91,0.0,0,2,0,0,0,0,0,1
1,0,0,0,69.0,1,1,0,0,0,0,0,0,0,23.95,0.0,0.0,0.0,365.0,0.0,0.0,0.0,0.0,0.0,0.0,1,1,1.0,6.27,6.27,53.74,24.827536231884057,2.88,0.0,0,1,2,0,1,0,0,0
1,0,0,0,50.0,0,0,1,0,0,1,0,0,1,35.4,0.0,0.0,0.0,365.0,0.0,0.0,0.0,0.0,0.0,0.0,1,1,1.0,7.57,7.57,29.62,34.978,-22.66,0.0,2,1,1,0,0,0,0,1
0,1,0,0,1.0,0,0,0,0,0,0,0,0,1,25.2,0.0,0.0,0.0,365.0,0.0,0.0,0.0,0.0,0.0,0.0,1,0,0.0,0.0,0.0,110.88,25.2,-32.86,0.0,0,2,0,0,0,0,1,0
1,0,0,0,2.0,1,0,0,0,0,0,0,0,1,45.0,0.0,0.0,0.0,365.0,0.0,0.0,0.0,0.0,0.0,0.0,2,1,0.5,15.79,31.58,93.28,48.225,-13.06,0.0,0,3,0,0,0,0,0,1
0,0,1,0,15.0,1,0,0,1,0,0,0,0,0,75.35,0.0,0.0,0.0,365.0,0.0,0.0,0.0,0.0,0.0,0.0,3,0,0.0,0.0,0.0,64.79,74.30333333333333,-16.19,0.0,1,1,0,1,0,0,0,0
1,0,0,0,31.0,1,0,0,0,0,0,0,0,0,20.4,0.0,0.0,0.0,365.0,0.0,0.0,0.0,0.0,0.0,0.0,3,0,0.0,0.0,0.0,51.97,19.648387096774194,-0.67,0.0,0,0,2,0,1,0,0,0
1,0,0,0,1.0,1,0,0,0,0,0,0,0,0,20.15,7.0,179.5,2.0,79.0,0.0,0.0,0.0,0.0,0.0,0.0,1,1,1.0,34.99,34.99,97.25,20.15,-0.92,3.5,0,3,0,0,1,0,0,1
1,0,1,0,66.0,1,1,0,1,1,0,1,1,1,105.0,0.0,0.0,0.0,365.0,0.0,0.0,0.0,0.0,0.0,0.0,2,0,0.0,0.0,0.0,55.46,108.07954545454545,13.46,0.0,4,1,0,1,0,1,0,0
0,0,1,1,0.0,0,0,1,1,1,1,1,0,0,56.05,8.0,87.0,1.0,140.0,1.0,6.5,6.5,1.0,0.0,1.0,2,2,1.0,21.22,28.92,70.3,56.05,-2.01,8.0,5,2,2,0,0,1,0,0
1,0,0,1,3.0,1,0,0,0,0,0,1,0,1,54.7,0.0,0.0,0.0,365.0,1.0,61.1,61.1,1.0,0.0,1.0,1,0,0.0,0.0,0.0,75.25,56.48333333333333,-3.36,0.0,1,2,0,0,0,1,0,0
0,0,0,0,8.0,1,0,0,0,0,0,0,0,0,20.0,0.0,0.0,0.0,365.0,1.0,2.1,2.1,0.0,1.0,0.0,2,0,0.0,0.0,0.0,78.4,17.7,-1.07,0.0,0,1,2,0,1,0,0,1
1,0,1,1,64.0,1,0,1,0,1,0,1,1,1,73.05,0.0,0.0,0.0,365.0,0.0,0.0,0.0,0.0,0.0,0.0,1,0,0.0,0.0,0.0,58.98,73.26015625,14.99,0.0,4,0,1,0,0,1,0,0
0,0,1,0,28.0,1,0,0,0,0,0,0,0,0,20.5,0.0,0.0,0.0,365.0,1.0,30.9,30.9,0.0,1.0,0.0,2,1,0.5,6.84,13.67,66.06,20.10892857142857,-0.57,0.0,0,2,0,0,1,0,0,1
0,0,1,0,44.0,1,1,0,0,1,0,1,1,1,100.75,5.0,185.0,1.0,221.0,0.0,0.0,0.0,0.0,0.0,0.0,3,0,0.0,0.0,0.0,77.65,136.02272727272728,9.21,5.0,3,0,1,1,0,1,0,0
0,0,1,1,14.0,1,1,0,0,1,0,0,1,1,87.25,0.0,0.0,0.0,365.0,0.0,0.0,0.0,0.0,0.0,0.0,3,0,0.0,0.0,0.0,81.0,89.89999999999999,-4.29,0.0,2,1,0,1,0,0,1,0
1,0,0,0,19.0,1,0,0,0,0,0,0,0,1,19.95,0.0,0.0,0.0,365.0,0.0,0.0,0.0,0.0,0.0,0.0,3,0,0.0,0.0,0.0,61.5,19.657894736842106,-1.12,0.0,0,0,2,0,1,0,0,1
1,0,1,0,10.0,1,0,0,0,0,0,1,0,1,79.95,0.0,0.0,0.0,365.0,0.0,0.0,0.0,0.0,0.0,0.0,3,1,0.33,4.18,12.55,64.9,85.72,-11.59,0.0,1,3,0,1,0,0,1,0
0,0,1,0,51.0,0,0,0,1,0,0,1,1,1,49.65,3.0,158.0,1.0,129.0,1.0,6.6,6.6,0.0,1.0,0.0,3,0,0.0,0.0,0.0,79.16,50.0656862745098,-8.41,3.0,3,1,0,0,0,0,1,0
0,0,1,0,67.0,1,1,1,1,1,0,0,0,0,65.65,12.0,164.0,2.0,92.0,0.0,0.0,0.0,0.0,0.0,0.0,1,1,1.0,16.6,16.6,64.09,64.52014925373135,7.59,6.0,3,1,2,0,0,0,0,1
1,0,1,1,11.0,1,0,0,0,0,0,0,0,1,20.45,0.0,0.0,0.0,365.0,1.0,40.6,40.6,0.0,1.0,0.0,1,0,0.0,0.0,0.0,116.26,22.8,-0.62,0.0,0,2,0,0,1,0,1,0
1,0,1,1,72.0,0,0,1,0,1,1,1,1,0,60.95,0.0,0.0,0.0,365.0,0.0,0.0,0.0,0.0,0.0,0.0,2,1,0.5,2.12,4.24,40.61,63.181250000000006,2.89,0.0,5,1,2,0,0,0,0,0
1,0,1,1,66.0,1,0,0,0,0,0,0,0,1,20.35,5.0,288.0,1.0,13.0,0.0,0.0,0.0,0.0,0.0,0.0,3,0,0.0,0.0,0.0,66.74,20.598484848484848,-0.72,5.0,0,0,1,0,1,0,1,0
0,0,0,0,18.0,1,1,0,0,0,1,1,0,1,88.35,0.0,0.0,0.0,365.0,0.0,0.0,0.0,0.0,0.0,0.0,1,0,0.0,0.0,0.0,52.01,91.07222222222222,-3.19,0.0,2,1,0,1,0,0,1,0
0,0,0,0,9.0,1,0,0,0,0,0,0,0,1,19.5,8.0,25.0,1.0,72.0,0.0,0.0,0.0,0.0,0.0,0.0,1,0,0.0,0.0,0.0,77.86,19.87222222222222,-1.57,8.0,0,2,0,0,1,0,1,0
0,0,0,0,9.0,1,1,0,0,0,0,0,0,1,75.2,3.0,60.0,1.0,270.0,0.0,0.0,0.0,0.0,0.0,0.0,1,0,0.0,0.0,0.0,71.66,70.42777777777778,-16.34,3.0,0,2,0,1,0,1,0,0
1,0,1,0,48.0,1,1,1,1,1,0,1,1,1,111.45,0.0,0.0,0.0,365.0,0.0,0.0,0.0,0.0,0.0,0.0,2,0,0.0,0.0,0.0,50.22,110.73125,19.91,0.0,5,1,0,1,0,0,0,0
1,0,0,0,10.0,1,0,0,0,0,0,0,0,0,70.15,0.0,0.0,0.0,365.0,0.0,0.0,0.0,0.0,0.0,0.0,3,0,0.0,0.0,0.0,59.72,73.55,-21.39,0.0,0,2,0,1,0,0,0,1
0,0,0,0,9.0,1,1,0,0,0,0,1,1,1,94.75,2.0,7.0,1.0,198.0,0.0,0.0,0.0,0.0,0.0,0.0,2,0,0.0,0.0,0.0,54.98,98.87777777777778,3.21,2.0,2,2,0,1,0,0,1,0
0,1,0,0,13.0,1,1,0,0,0,0,1,1,1,95.05,9.0,260.0,1.0,237.0,0.0,0.0,0.0,0.0,0.0,0.0,2,0,0.0,0.0,0.0,70.08,99.23076923076923,3.51,9.0,2,1,0,1,0,0,1,0
1,0,0,0,4.0,1,1,0,1,0,0,0,0,0,78.45,0.0,0.0,0.0,365.0,0.0,0.0,0.0,0.0,0.0,0.0,3,1,0.33,2.49,7.46,73.59,82.5125,-13.09,0.0,1,3,0,1,0,0,1,0
1,0,0,0,4.0,1,0,0,0,0,0,0,0,1,70.2,0.0,0.0,0.0,365.0,1.0,0.5,0.5,0.0,0.0,0.0,1,0,0.0,0.0,0.0,109.47,59.4875,-21.34,0.0,0,2,0,1,0,0,1,0
0,0,1,0,72.0,1,1,1,1,1,1,1,1,0,92.0,0.0,245.0,1.0,365.0,0.0,0.0,0.0,0.0,0.0,0.0,3,0,0.0,0.0,0.0,93.87,89.92222222222222,33.94,0.0,6,0,2,0,0,0,0,0
0,0,1,1,51.0,1,0,1,1,1,1,1,1,0,85.5,0.0,0.0,0.0,365.0,1.0,11.8,11.8,0.0,0.0,0.0,1,0,0.0,0.0,0.0,33.89,86.70490196078431,27.44,0.0,6,0,2,0,0,1,0,0
1,0,1,0,59.0,0,0,0,1,0,0,0,1,1,41.05,0.0,0.0,0.0,365.0,0.0,0.0,0.0,0.0,0.0,0.0,2,0,0.0,0.0,0.0,49.64,41.57118644067796,-17.01,0.0,2,1,0,0,0,0,0,0
1,0,1,0,10.0,1,1,0,0,0,0,1,0,1,85.6,0.0,0.0,0.0,365.0,0.0,0.0,0.0,0.0,0.0,0.0,1,0,0.0,0.0,0.0,51.43,81.385,-5.94,0.0,1,2,0,1,0,0,1,0
1,1,1,0,61.0,1,1,0,1,0,0,0,0,1,82.15,0.0,0.0,0.0,365.0,0.0,0.0,0.0,0.0,0.0,0.0,2,0,0.0,0.0,0.0,63.82,80.40737704918034,-9.39,0.0,1,1,0,1,0,0,1,0
1,0,0,0,54.0,1,0,1,0,1,1,0,0,0,84.4,4.0,197.0,1.0,74.0,0.0,0.0,0.0,0.0,0.0,0.0,2,0,0.0,0.0,0.0,94.94,83.03796296296296,-7.14,4.0,3,0,1,1,0,0,1,0
0,0,0,0,33.0,1,1,1,1,0,0,0,0,1,60.9,0.0,0.0,0.0,365.0,0.0,0.0,0.0,0.0,0.0,0.0,3,1,0.33,2.04,6.13,66.8,61.631818181818176,2.84,0.0,2,2,0,0,0,0,0,1
0,0,0,0,27.0,1,0,0,0,0,0,0,0,1,20.25,9.0,120.0,2.0,47.0,0.0,0.0,0.0,0.0,0.0,0.0,1,0,0.0,0.0,0.0,80.47,19.933333333333334,-0.82,4.5,0,0,2,0,1,0,0,0
0,1,0,0,1.0,1,0,0,0,0,0,1,0,1,79.2,0.0,0.0,0.0,365.0,0.0,0.0,0.0,0.0,0.0,0.0,1,0,0.0,0.0,0.0,85.61,79.2,-12.34,0.0,1,2,0,1,0,0,1,0
1,0,0,0,23.0,1,0,0,1,0,0,1,1,0,95.3,0.0,0.0,0.0,365.0,0.0,0.0,0.0,0.0,0.0,0.0,1,0,0.0,0.0,0.0,119.35,95.34347826086957,3.76,0.0,3,1,0,1,0,0,0,1
1,0,0,1,1.0,1,0,0,0,0,0,0,0,0,19.85,0.0,0.0,0.0,365.0,0.0,0.0,0.0,0.0,0.0,0.0,3,0,0.0,0.0,0.0,98.09,19.85,-1.22,0.0,0,2,0,0,1,0,0,1
1,0,1,1,45.0,1,0,1,1,1,1,1,1,1,84.35,0.0,0.0,0.0,365.0,0.0,0.0,0.0,0.0,0.0,0.0,1,0,0.0,0.0,0.0,51.97,85.73444444444445,26.29,0.0,6,0,2,0,0,0,0,1
0,0,1,1,64.0,1,0,0,0,0,0,0,0,1,19.85,5.0,242.0,1.0,71.0,0.0,0.0,0.0,0.0,0.0,0.0,2,0,0.0,0.0,0.0,105.22,13.35625,-1.22,5.0,0,0,2,0,1,0,0,0
1,0,0,0,5.0,1,0,0,0,1,0,1,1,1,70.0,3.0,255.0,1.0,112.0,0.0,0.0,0.0,0.0,0.0,0.0,2,0,0.0,0.0,0.0,35.75,69.47999999999999,11.94,3.0,3,1,1,0,0,0,0,1
1,0,1,1,72.0,1,1,1,1,1,1,1,0,0,82.3,0.0,0.0,0.0,365.0,0.0,0.0,0.0,0.0,0.0,0.0,3,1,0.33,3.18,9.55,44.64,80.76597222222222,24.24,0.0,5,1,2,0,0,0,0,0
0,0,1,1,58.0,1,1,0,1,0,0,1,0,1,56.15,7.0,153.0,1.0,312.0,0.0,0.0,0.0,0.0,0.0,0.0,2,0,0.0,0.0,0.0,72.23,68.45517241379311,-1.91,7.0,2,1,0,0,0,0,0,0
0,0,0,0,64.0,0,0,1,1,1,1,0,0,1,44.6,4.0,162.0,1.0,137.0,0.0,0.0,0.0,0.0,0.0,0.0,3,0,0.0,0.0,0.0,53.59,47.78359375,-13.46,4.0,4,0,2,0,0,0,0,0
1,0,1,1,61.0,1,0,0,1,0,1,1,1,1,98.45,0.0,0.0,0.0,365.0,0.0,0.0,0.0,0.0,0.0,0.0,3,0,0.0,0.0,0.0,87.85,100.74098360655738,6.91,0.0,4,0,1,1,0,0,0,0
1,0,0,0,2.0,1,0,0,0,0,0,0,0,0,70.7,12.0,245.0,1.0,269.0,0.0,0.0,0.0,0.0,0.0,0.0,3,0,0.0,0.0,0.0,72.72,64.6,-20.84,12.0,0,2,0,1,0,0,0,1
0,0,1,1,46.0,1,1,0,0,0,0,0,0,0,24.95,7.0,128.0,1.0,138.0,0.0,0.0,0.0,0.0,0.0,0.0,3,0,0.0,0.0,0.0,64.44,25.345652173913045,3.88,7.0,0,0,1,0,1,0,0,1
0,0,0,0,1.0,1,1,0,0,0,0,0,0,1,49.95,7.0,62.0,1.0,99.0,0.0,0.0,0.0,0.0,0.0,0.0,2,1,0.5,1.21,2.42,59.0,49.95,-8.11,7.0,0,3,0,0,0,0,0,0
0,0,1,0,22.0,1,0,0,0,0,0,0,0,1,69.25,0.0,0.0,0.0,365.0,0.0,0.0,0.0,0.0,0.0,0.0,2,0,0.0,0.0,0.0,38.9,70.63636363636364,-22.29,0.0,0,1,0,1,0,0,1,0
0,0,0,0,48.0,1,0,1,0,1,1,1,1,1,102.5,0.0,0.0,0.0,365.0,0.0,0.0,0.0,0.0,0.0,0.0,1,1,1.0,18.93,18.93,103.66,102.171875,10.96,0.0,5,1,2,1,0,1,0,0
1,0,0,0,64.0,1,1,0,1,1,1,1,1,0,86.55,0.0,0.0,0.0,365.0,0.0,0.0,0.0,0.0,0.0,0.0,2,0,0.0,0.0,0.0,40.0,88.00859375,28.49,0.0,5,0,2,0,0,1,0,0
1,0,1,1,72.0,1,1,0,0,0,0,0,0,0,24.3,0.0,0.0,0.0,365.0,0.0,0.0,0.0,0.0,0.0,0.0,1,0,0.0,0.0,0.0,112.74,22.822916666666668,3.23,0.0,0,0,2,0,1,0,0,0
0,0,1,1,12.0,1,0,0,0,1,0,1,0,1,58.35,0.0,0.0,0.0,365.0,2.0,38.2,58.8,1.0,1.0,0.5,3,0,0.0,0.0,0.0,50.23,61.7125,0.29,0.0,2,1,0,0,0,1,0,0
0,1,1,0,34.0,1,1,0,1,1,0,0,1,1,94.25,0.0,0.0,0.0,365.0,0.0,0.0,0.0,0.0,0.0,0.0,2,1,0.5,5.51,11.02,101.52,94.63382352941177,2.71,0.0,3,2,0,1,0,0,1,0
0,0,1,1,72.0,1,0,1,1,1,0,0,1,0,68.75,0.0,0.0,0.0,365.0,1.0,19.9,19.9,0.0,1.0,0.0,1,0,0.0,0.0,0.0,75.51,67.89166666666667,10.69,0.0,4,0,2,0,0,1,0,0
1,0,1,0,29.0,1,1,0,1,1,0,0,0,1,85.8,0.0,0.0,0.0,365.0,0.0,0.0,0.0,0.0,0.0,0.0,2,2,1.0,10.11,15.12,70.6,84.14655172413794,-5.74,0.0,2,2,0,1,0,0,1,0
1,0,1,1,33.0,1,0,0,0,0,0,0,0,0,20.1,0.0,0.0,0.0,365.0,0.0,0.0,0.0,0.0,0.0,0.0,1,0,0.0,0.0,0.0,57.64,18.804545454545455,-0.97,0.0,0,0,1,0,1,1,0,0
0,0,0,0,1.0,1,0,0,0,0,0,0,0,0,20.35,4.0,127.0,1.0,362.0,0.0,0.0,0.0,0.0,0.0,0.0,1,0,0.0,0.0,0.0,81.65,20.35,-0.72,4.0,0,2,0,0,1,0,0,1
0,0,1,1,62.0,1,1,0,1,1,1,1,1,1,110.8,7.0,220.0,2.0,48.0,0.0,0.0,0.0,0.0,0.0,0.0,3,0,0.0,0.0,0.0,64.05,110.33790322580644,19.26,3.5,5,0,1,1,0,0,1,0
1,0,1,0,41.0,1,1,0,0,1,0,1,1,1,73.0,0.0,0.0,0.0,365.0,1.0,22.6,22.6,0.0,0.0,0.0,2,0,0.0,0.0,0.0,85.69,73.19999999999999,14.94,0.0,3,0,1,0,0,0,1,0
0,0,0,0,64.0,1,1,0,0,1,0,1,1,1,100.05,0.0,0.0,0.0,365.0,0.0,0.0,0.0,0.0,0.0,0.0,3,0,0.0,0.0,0.0,74.14,97.721875,8.51,0.0,3,0,1,1,0,1,0,0
0,0,0,0,12.0,1,0,0,0,1,0,0,1,1,82.85,0.0,0.0,0.0,365.0,0.0,0.0,0.0,0.0,0.0,0.0,2,0,0.0,0.0,0.0,101.82,26.633333333333336,-8.69,0.0,2,1,0,1,0,1,0,0
0,0,0,0,24.0,1,1,1,0,0,1,0,0,1,84.35,4.0,118.0,1.0,176.0,0.0,0.0,0.0,0.0,0.0,0.0,3,1,0.33,2.33,6.98,88.95,80.75208333333333,-7.19,4.0,2,2,0,1,0,0,1,0
0,0,1,1,14.0,1,0,0,0,0,0,0,0,0,19.55,4.0,6.0,1.0,272.0,1.0,29.7,29.7,0.0,0.0,0.0,3,0,0.0,0.0,0.0,82.66,21.035714285714285,-1.52,4.0,0,0,1,0,1,0,0,1
1,0,0,1,3.0,1,0,0,0,0,0,0,0,0,19.95,0.0,0.0,0.0,365.0,0.0,0.0,0.0,0.0,0.0,0.0,3,1,0.33,10.54,31.62,86.36,19.433333333333334,-1.12,0.0,0,3,0,0,1,0,0,1
0,1,0,0,4.0,1,0,0,1,1,0,1,1,1,99.8,5.0,167.0,1.0,130.0,0.0,0.0,0.0,0.0,0.0,0.0,3,1,0.33,10.95,32.85,106.3,110.7125,8.26,5.0,4,3,0,1,0,1,0,0
0,0,0,1,18.0,0,0,0,0,0,0,0,1,1,35.0,5.0,252.0,1.0,78.0,1.0,8.7,8.7,0.0,0.0,0.0,3,0,0.0,0.0,0.0,75.67,30.72222222222222,-23.06,5.0,1,1,0,0,0,0,1,0
1,0,0,0,8.0,1,0,0,0,0,0,1,1,1,66.25,5.0,265.0,1.0,298.0,0.0,0.0,0.0,0.0,0.0,0.0,1,0,0.0,0.0,0.0,45.85,68.30625,8.19,5.0,2,2,0,0,0,0,1,0
0,0,0,0,35.0,1,1,0,0,0,0,0,0,0,23.3,7.0,94.0,1.0,145.0,0.0,0.0,0.0,0.0,0.0,0.0,3,0,0.0,0.0,0.0,77.5,22.774285714285714,2.23,7.0,0,0,2,0,1,0,0,0
0,0,0,0,1.0,1,1,0,0,0,0,0,0,0,76.0,9.0,131.0,2.0,15.0,0.0,0.0,0.0,0.0,0.0,0.0,1,0,0.0,0.0,0.0,50.33,76.0,-15.54,4.5,0,2,0,1,0,0,1,0
1,0,0,1,64.0,1,1,0,0,0,0,0,0,1,25.3,0.0,0.0,0.0,365.0,0.0,0.0,0.0,0.0,0.0,0.0,2,0,0.0,0.0,0.0,48.77,26.153125,4.23,0.0,0,0,2,0,1,1,0,0
1,0,0,1,8.0,0,0,1,0,0,1,0,1,1,44.55,3.0,149.0,1.0,149.0,0.0,0.0,0.0,0.0,0.0,0.0,1,0,0.0,0.0,0.0,100.14,42.93125,-13.51,3.0,3,1,2,0,0,0,0,1
0,0,1,0,71.0,1,1,1,0,1,0,1,1,1,104.1,9.0,91.0,1.0,147.0,0.0,0.0,0.0,0.0,0.0,0.0,1,0,0.0,0.0,0.0,52.88,104.39788732394366,12.56,9.0,4,0,1,1,0,1,0,0
0,0,1,1,43.0,1,1,0,0,1,0,0,1,1,92.55,4.0,172.0,1.0,5.0,0.0,0.0,0.0,0.0,0.0,0.0,1,0,0.0,0.0,0.0,51.11,93.93023255813954,1.01,4.0,2,1,0,1,0,0,0,0
0,1,0,0,2.0,1,1,0,0,0,0,1,1,1,93.85,0.0,0.0,0.0,365.0,0.0,0.0,0.0,0.0,0.0,0.0,1,0,0.0,0.0,0.0,60.8,85.425,2.31,0.0,2,2,0,1,0,0,1,0
1,1,0,0,29.0,1,0,0,1,1,0,1,1,1,91.75,0.0,0.0,0.0,365.0,0.0,0.0,0.0,0.0,0.0,0.0,2,1,0.5,6.16,12.31,51.36,101.67586206896551,0.21,0.0,4,2,0,1,0,0,0,0
0,0,1,0,15.0,1,0,0,0,1,0,1,0,1,84.3,0.0,0.0,0.0,365.0,0.0,0.0,0.0,0.0,0.0,0.0,3,0,0.0,0.0,0.0,59.36,87.22666666666667,-7.24,0.0,2,1,0,1,0,0,1,0
1,0,1,1,65.0,1,1,1,1,1,1,0,0,0,94.55,0.0,0.0,0.0,365.0,1.0,10.0,10.0,1.0,0.0,1.0,1,0,0.0,0.0,0.0,43.23,93.51923076923077,3.01,0.0,4,0,2,1,0,1,0,0
1,0,0,0,12.0,1,1,0,0,1,1,1,0,0,95.5,0.0,0.0,0.0,365.0,0.0,0.0,0.0,0.0,0.0,0.0,2,0,0.0,0.0,0.0,91.55,284.84999999999997,3.96,0.0,3,1,0,1,0,0,1,0
1,0,0,0,64.0,1,0,1,1,0,0,1,1,1,100.3,0.0,0.0,0.0,365.0,0.0,0.0,0.0,0.0,0.0,0.0,3,0,0.0,0.0,0.0,61.88,103.184375,8.76,0.0,4,0,1,1,0,1,0,0
0,0,1,1,58.0,0,0,0,0,1,1,1,1,1,55.5,3.0,73.0,1.0,226.0,1.0,1.8,1.8,0.0,0.0,0.0,3,0,0.0,0.0,0.0,83.36,54.601724137931036,-2.56,3.0,4,0,2,0,0,1,0,0
0,1,0,0,18.0,1,0,0,1,0,0,0,0,1,49.85,4.0,26.0,1.0,286.0,0.0,0.0,0.0,0.0,0.0,0.0,1,0,0.0,0.0,0.0,93.53,48.09722222222222,-8.21,4.0,1,1,0,0,0,1,0,0
1,0,1,1,67.0,1,1,0,1,0,0,0,1,1,89.55,5.0,201.5,2.0,247.0,0.0,0.0,0.0,0.0,0.0,0.0,1,0,0.0,0.0,0.0,24.51,95.12089552238807,-1.99,2.5,2,1,0,1,0,0,0,0
1,0,1,1,63.0,1,0,0,0,0,0,0,0,1,19.15,0.0,0.0,0.0,365.0,0.0,0.0,0.0,0.0,0.0,0.0,1,1,1.0,25.29,25.29,66.3,18.683333333333334,-1.92,0.0,0,1,2,0,1,0,0,1
0,0,1,0,60.0,1,1,0,1,0,0,1,1,1,99.8,0.0,0.0,0.0,365.0,1.0,10.4,10.4,1.0,0.0,1.0,1,0,0.0,0.0,0.0,74.1,99.7625,8.26,0.0,3,1,0,1,0,0,1,0
1,1,0,0,9.0,1,1,0,0,0,0,0,1,1,84.4,0.0,0.0,0.0,365.0,0.0,0.0,0.0,0.0,0.0,0.0,3,2,0.67,15.68,30.3,88.1,81.38888888888889,-7.14,0.0,1,3,0,1,0,1,0,0
0,0,1,1,70.0,1,1,1,1,1,1,1,1,1,113.05,0.0,0.0,0.0,365.0,0.0,0.0,0.0,0.0,0.0,0.0,1,0,0.0,0.0,0.0,35.27,112.415,21.51,0.0,6,0,2,1,0,1,0,0
1,0,1,0,15.0,1,1,0,0,1,0,1,1,1,101.1,0.0,0.0,0.0,365.0,0.0,0.0,0.0,0.0,0.0,0.0,3,0,0.0,0.0,0.0,77.23,100.27,9.56,0.0,3,1,0,1,0,0,1,0
0,0,0,1,48.0,1,0,0,0,0,0,0,0,0,19.95,5.0,56.0,1.0,269.0,0.0,0.0,0.0,0.0,0.0,0.0,1,0,0.0,0.0,0.0,79.87,19.514583333333334,-1.12,5.0,0,0,1,0,1,0,0,1
1,0,1,0,12.0,1,0,0,0,1,1,1,1,1,74.15,4.0,151.0,1.0,72.0,0.0,0.0,0.0,0.0,0.0,0.0,3,0,0.0,0.0,0.0,64.74,61.78333333333333,16.09,4.0,4,1,0,0,0,0,1,0
1,1,1,0,71.0,1,1,1,1,1,1,0,0,1,92.0,0.0,0.0,0.0,365.0,0.0,0.0,0.0,0.0,0.0,0.0,3,0,0.0,0.0,0.0,74.61,92.74929577464789,0.46,0.0,4,0,1,1,0,0,1,0
1,1,0,0,44.0,1,0,0,0,1,0,0,0,0,73.85,0.0,0.0,0.0,365.0,0.0,0.0,0.0,0.0,0.0,0.0,3,0,0.0,0.0,0.0,84.46,70.96363636363637,-17.69,0.0,1,1,0,1,0,0,1,0
1,0,0,0,1.0,1,1,0,0,0,0,0,0,1,50.45,4.0,47.0,1.0,326.0,0.0,0.0,0.0,0.0,0.0,0.0,3,2,0.67,11.79,25.83,33.56,50.45,-7.61,4.0,0,3,0,0,0,0,1,0
1,0,1,1,45.0,1,1,0,0,0,0,0,0,0,24.45,5.0,87.0,1.0,69.0,1.0,6.4,6.4,1.0,0.0,1.0,3,0,0.0,0.0,0.0,84.24,24.183333333333334,3.38,5.0,0,0,2,0,1,0,0,1
0,0,0,0,23.0,1,1,0,0,0,0,0,0,0,24.8,0.0,0.0,0.0,365.0,0.0,0.0,0.0,0.0,0.0,0.0,1,0,0.0,0.0,0.0,30.52,26.754347826086956,3.73,0.0,0,0,1,0,1,1,0,0
0,0,1,0,43.0,1,1,0,0,0,1,1,0,1,64.85,1.0,81.0,1.0,157.0,0.0,0.0,0.0,0.0,0.0,0.0,1,0,0.0,0.0,0.0,41.24,67.63255813953488,6.79,1.0,2,0,1,0,0,0,0,0
1,0,0,0,35.0,1,0,0,0,0,0,0,0,0,20.75,0.0,0.0,0.0,365.0,0.0,0.0,0.0,0.0,0.0,0.0,2,0,0.0,0.0,0.0,66.39,21.14,-0.32,0.0,0,1,0,0,1,0,0,0
1,0,1,0,9.0,1,0,1,1,0,1,1,0,1,68.95,0.0,0.0,0.0,365.0,0.0,0.0,0.0,0.0,0.0,0.0,2,0,0.0,0.0,0.0,103.17,65.98333333333333,10.89,0.0,4,2,0,0,0,0,0,1
1,0,0,0,12.0,1,1,0,0,0,1,1,1,1,99.95,0.0,0.0,0.0,365.0,0.0,0.0,0.0,0.0,0.0,0.0,3,0,0.0,0.0,0.0,61.0,94.39583333333333,8.41,0.0,3,1,0,1,0,0,0,1
0,1,1,0,65.0,1,1,1,1,1,0,1,1,1,109.4,0.0,0.0,0.0,365.0,0.0,0.0,0.0,0.0,0.0,0.0,1,0,0.0,0.0,0.0,102.03,111.19153846153846,17.86,0.0,5,1,0,1,0,1,0,0
0,0,0,0,2.0,1,1,0,0,1,0,1,0,1,91.4,0.0,0.0,0.0,365.0,0.0,0.0,0.0,0.0,0.0,0.0,1,0,0.0,0.0,0.0,84.81,96.8,-0.14,0.0,2,2,0,1,0,0,1,0
1,0,0,0,27.0,1,1,0,0,0,0,0,0,0,49.0,8.0,232.5,2.0,43.0,0.0,0.0,0.0,0.0,0.0,0.0,3,1,0.33,7.33,22.0,65.38,47.827777777777776,-9.06,4.0,0,2,0,0,0,0,0,1
0,0,0,0,40.0,1,0,0,0,1,0,0,0,1,50.25,8.0,268.0,2.0,166.0,1.0,25.5,25.5,1.0,0.0,1.0,1,0,0.0,0.0,0.0,98.26,50.58875,-7.81,4.0,1,0,1,0,0,0,0,1
0,1,0,0,5.0,1,0,0,0,1,0,0,0,1,75.55,0.0,0.0,0.0,365.0,0.0,0.0,0.0,0.0,0.0,0.0,3,1,0.33,8.5,25.49,86.59,69.92999999999999,-15.99,0.0,1,3,0,1,0,1,0,0
1,0,1,1,8.0,1,0,0,0,0,0,0,0,0,19.9,9.0,147.5,2.0,64.0,0.0,0.0,0.0,0.0,0.0,0.0,1,0,0.0,0.0,0.0,118.29,19.24375,-1.17,4.5,0,1,1,0,1,1,0,0
0,1,1,0,58.0,1,1,0,1,0,0,1,1,1,97.8,0.0,0.0,0.0,365.0,0.0,0.0,0.0,0.0,0.0,0.0,1,0,0.0,0.0,0.0,54.81,94.11724137931034,6.26,0.0,3,0,1,1,0,0,0,0
0,0,1,1,52.0,1,0,1,0,1,0,1,1,0,100.3,0.0,0.0,0.0,365.0,0.0,0.0,0.0,0.0,0.0,0.0,3,0,0.0,0.0,0.0,52.27,100.85480769230769,8.76,0.0,4,0,1,1,0,0,1,0
1,0,1,0,12.0,1,0,0,0,1,1,0,0,1,55.8,8.0,271.5,2.0,119.0,0.0,0.0,0.0,0.0,0.0,0.0,1,0,0.0,0.0,0.0,54.53,12.879166666666668,-2.26,4.0,2,1,0,0,0,0,0,1
1,0,0,1,41.0,1,0,1,1,1,1,1,1,1,111.15,0.0,0.0,0.0,365.0,0.0,0.0,0.0,0.0,0.0,0.0,2,1,0.5,7.61,15.22,53.74,109.93048780487804,19.61,0.0,6,1,2,1,0,0,1,0
1,0,0,0,20.0,1,1,0,0,0,1,1,1,1,91.75,0.0,0.0,0.0,365.0,0.0,0.0,0.0,0.0,0.0,0.0,3,0,0.0,0.0,0.0,93.12,101.5975,0.21,0.0,3,1,0,1,0,0,0,1
1,0,0,1,1.0,1,1,0,0,0,0,0,0,1,50.05,0.0,0.0,0.0,365.0,1.0,39.4,39.4,0.0,1.0,0.0,1,0,0.0,0.0,0.0,98.26,50.05,-8.01,0.0,0,2,0,0,0,0,1,0
1,0,0,1,4.0,1,1,0,0,0,1,0,0,0,80.8,5.0,21.0,1.0,91.0,0.0,0.0,0.0,0.0,0.0,0.0,2,0,0.0,0.0,0.0,65.72,83.1125,-10.74,5.0,1,2,0,1,0,1,0,0
1,0,0,0,23.0,1,0,0,0,0,0,0,0,0,20.85,0.0,0.0,0.0,365.0,0.0,0.0,0.0,0.0,0.0,0.0,1,0,0.0,0.0,0.0,27.61,20.604347826086954,-0.22,0.0,0,1,0,0,1,0,1,0
0,1,0,0,6.0,1,0,0,0,0,0,0,0,0,19.5,0.0,0.0,0.0,365.0,0.0,0.0,0.0,0.0,0.0,0.0,3,1,0.33,9.75,29.26,71.87,17.8,-1.57,0.0,0,3,0,0,1,0,0,0
1,0,1,1,8.0,1,0,0,0,0,0,0,0,1,19.35,0.0,0.0,0.0,365.0,0.0,0.0,0.0,0.0,0.0,0.0,2,0,0.0,0.0,0.0,44.4,19.075,-1.72,0.0,0,2,0,0,1,0,0,1
1,0,0,0,12.0,1,1,1,0,1,0,1,0,0,69.5,0.0,0.0,0.0,365.0,0.0,0.0,0.0,0.0,0.0,0.0,1,1,1.0,4.61,4.61,79.32,99.95,11.44,0.0,3,2,0,0,0,0,0,1
1,1,0,0,12.0,0,0,1,0,0,0,1,1,1,48.8,0.0,0.0,0.0,365.0,0.0,0.0,0.0,0.0,0.0,0.0,2,0,0.0,0.0,0.0,40.8,212.92083333333335,-9.26,0.0,3,1,0,0,0,1,0,0
1,0,0,0,31.0,1,0,0,1,0,0,1,1,1,94.5,0.0,0.0,0.0,365.0,0.0,0.0,0.0,0.0,0.0,0.0,3,0,0.0,0.0,0.0,47.12,96.1032258064516,2.96,0.0,3,1,0,1,0,0,1,0
1,0,1,1,29.0,1,0,0,0,0,0,0,0,1,20.65,0.0,0.0,0.0,365.0,0.0,0.0,0.0,0.0,0.0,0.0,3,0,0.0,0.0,0.0,77.75,22.58103448275862,-0.42,0.0,0,1,0,0,1,0,0,1
0,0,1,0,36.0,1,1,1,1,1,1,0,1,1,106.05,0.0,0.0,0.0,365.0,1.0,41.7,41.7,1.0,0.0,1.0,3,0,0.0,0.0,0.0,83.02,106.51111111111112,14.51,0.0,5,0,2,1,0,1,0,0
0,0,1,0,16.0,1,1,0,1,0,0,1,1,1,100.0,0.0,0.0,0.0,365.0,1.0,10.1,10.1,1.0,0.0,1.0,1,0,0.0,0.0,0.0,83.18,95.921875,8.46,0.0,3,1,0,1,0,0,1,0
1,0,1,0,42.0,1,1,0,0,1,1,1,1,1,108.3,0.0,0.0,0.0,365.0,0.0,0.0,0.0,0.0,0.0,0.0,2,1,0.5,8.13,16.26,107.0,109.19404761904761,16.76,0.0,4,1,1,1,0,0,1,0
1,0,0,0,1.0,1,0,0,0,0,0,0,0,0,20.55,4.0,94.0,1.0,125.0,0.0,0.0,0.0,0.0,0.0,0.0,1,1,1.0,10.97,10.97,97.31,20.55,-0.52,4.0,0,3,0,0,1,0,1,0
0,0,0,0,60.0,1,0,0,1,1,0,1,1,1,99.65,4.0,29.0,1.0,33.0,0.0,0.0,0.0,0.0,0.0,0.0,3,1,0.33,1.31,3.92,45.68,99.0175,8.11,4.0,4,1,2,1,0,0,1,0
1,0,0,0,5.0,1,1,0,1,1,0,0,0,1,85.3,0.0,0.0,0.0,365.0,0.0,0.0,0.0,0.0,0.0,0.0,2,1,0.5,6.21,12.42,81.65,84.83,-6.24,0.0,2,3,0,1,0,0,1,0
1,0,1,0,22.0,1,1,1,0,0,1,1,0,0,95.9,0.0,0.0,0.0,365.0,0.0,0.0,0.0,0.0,0.0,0.0,2,0,0.0,0.0,0.0,90.06,101.58863636363635,4.36,0.0,3,1,0,1,0,1,0,0
1,0,1,0,36.0,1,0,0,0,0,0,0,0,0,20.0,0.0,0.0,0.0,365.0,0.0,0.0,0.0,0.0,0.0,0.0,1,0,0.0,0.0,0.0,48.57,18.520833333333332,-1.07,0.0,0,0,1,0,1,0,0,1
0,0,0,0,4.0,1,0,0,0,0,0,0,0,0,70.4,0.0,0.0,0.0,365.0,0.0,0.0,0.0,0.0,0.0,0.0,1,0,0.0,0.0,0.0,58.23,70.25,-21.14,0.0,0,2,0,1,0,0,1,0
1,0,0,0,9.0,1,0,1,0,0,1,0,1,0,64.95,0.0,0.0,0.0,365.0,0.0,0.0,0.0,0.0,0.0,0.0,2,0,0.0,0.0,0.0,57.66,60.86666666666666,6.89,0.0,3,2,0,0,0,0,0,1
1,0,1,1,1.0,1,0,0,1,0,0,0,0,0,74.6,0.0,0.0,0.0,365.0,0.0,0.0,0.0,0.0,0.0,0.0,1,0,0.0,0.0,0.0,44.41,74.6,-16.94,0.0,1,2,0,1,0,1,0,0
1,0,1,1,12.0,1,0,1,0,0,0,0,0,1,49.2,5.0,273.0,1.0,122.0,0.0,0.0,0.0,0.0,0.0,0.0,1,0,0.0,0.0,0.0,79.58,47.59583333333333,-8.86,5.0,1,1,0,0,0,0,1,0
0,0,0,0,23.0,1,1,0,0,0,1,1,1,1,73.75,0.0,0.0,0.0,365.0,0.0,0.0,0.0,0.0,0.0,0.0,3,0,0.0,0.0,0.0,59.12,76.37391304347825,15.69,0.0,3,0,1,0,0,0,0,1
1,0,0,0,62.0,1,1,1,1,0,0,0,1,1,92.3,8.0,219.0,1.0,300.0,0.0,0.0,0.0,0.0,0.0,0.0,3,1,0.33,5.89,17.66,64.34,92.44274193548387,0.76,8.0,3,1,1,1,0,0,0,0
1,0,0,0,37.0,1,1,0,0,0,1,1,1,0,98.8,0.0,0.0,0.0,365.0,0.0,0.0,0.0,0.0,0.0,0.0,1,0,0.0,0.0,0.0,88.61,93.9337837837838,7.26,0.0,3,1,0,1,0,0,0,0
0,0,0,0,8.0,1,0,0,0,0,0,0,0,0,19.2,0.0,0.0,0.0,365.0,0.0,0.0,0.0,0.0,0.0,0.0,3,0,0.0,0.0,0.0,80.21,19.60625,-1.87,0.0,0,2,0,0,1,0,0,1
1,0,1,0,31.0,1,1,0,0,1,0,1,0,0,88.65,0.0,0.0,0.0,365.0,0.0,0.0,0.0,0.0,0.0,0.0,3,0,0.0,0.0,0.0,62.12,86.55483870967741,-2.89,0.0,2,1,0,1,0,1,0,0
1,0,1,1,13.0,1,1,0,0,0,0,0,0,1,74.4,9.0,194.0,1.0,364.0,0.0,0.0,0.0,0.0,0.0,0.0,3,0,0.0,0.0,0.0,81.84,68.98076923076923,-17.14,9.0,0,1,0,1,0,1,0,0
0,0,0,0,24.0,1,1,0,0,1,0,1,1,1,98.75,14.0,141.0,2.0,111.0,0.0,0.0,0.0,0.0,0.0,0.0,2,0,0.0,0.0,0.0,82.25,100.30416666666667,7.21,7.0,3,1,0,1,0,0,1,0
1,0,1,1,45.0,1,1,0,1,1,0,0,1,1,91.75,4.0,131.0,1.0,55.0,0.0,0.0,0.0,0.0,0.0,0.0,3,0,0.0,0.0,0.0,86.6,99.03666666666666,0.21,4.0,3,1,0,1,0,0,0,0
0,1,1,0,69.0,1,1,0,1,0,1,1,1,0,105.4,0.0,0.0,0.0,365.0,0.0,0.0,0.0,0.0,0.0,0.0,3,0,0.0,0.0,0.0,43.42,101.4340579710145,13.86,0.0,4,0,2,1,0,1,0,0
1,0,0,0,2.0,1,0,0,0,0,0,0,0,0,20.25,0.0,0.0,0.0,365.0,1.0,38.1,38.1,1.0,0.0,1.0,1,0,0.0,0.0,0.0,75.65,18.4,-0.82,0.0,0,2,0,0,1,0,0,1
1,0,1,1,61.0,1,1,1,1,0,0,1,1,1,106.0,0.0,0.0,0.0,365.0,0.0,0.0,0.0,0.0,0.0,0.0,1,1,1.0,8.73,8.73,52.58,107.33934426229509,14.46,0.0,4,1,1,1,0,0,1,0
1,0,0,0,41.0,1,1,0,1,1,0,1,1,1,104.7,2.0,200.0,1.0,51.0,0.0,0.0,0.0,0.0,0.0,0.0,1,0,0.0,0.0,0.0,106.09,106.00975609756097,13.16,2.0,4,1,0,1,0,0,1,0
0,0,0,0,44.0,0,0,0,0,1,0,1,1,1,49.05,0.0,0.0,0.0,365.0,1.0,16.2,16.2,1.0,0.0,1.0,1,1,1.0,17.71,17.71,107.48,51.47727272727273,-9.01,0.0,3,1,1,0,0,0,1,0
1,0,0,0,39.0,0,0,0,0,1,1,0,0,0,35.55,21.0,158.0,3.0,141.0,1.0,9.0,9.0,0.0,0.0,0.0,1,0,0.0,0.0,0.0,67.89,33.56794871794872,-22.51,7.0,2,0,1,0,0,0,0,1
1,0,1,1,72.0,0,0,1,1,1,1,1,1,1,65.1,0.0,0.0,0.0,365.0,0.0,0.0,0.0,0.0,0.0,0.0,2,0,0.0,0.0,0.0,76.94,66.03194444444445,7.04,0.0,6,0,2,0,0,1,0,0
0,1,0,0,13.0,1,0,0,0,1,0,1,1,1,96.85,0.0,0.0,0.0,365.0,0.0,0.0,0.0,0.0,0.0,0.0,1,0,0.0,0.0,0.0,38.33,95.04230769230769,5.31,0.0,3,1,0,1,0,0,1,0
0,0,1,1,44.0,1,0,1,1,0,1,0,1,1,69.75,0.0,0.0,0.0,365.0,0.0,0.0,0.0,0.0,0.0,0.0,2,1,0.5,13.6,27.21,76.06,80.9659090909091,11.69,0.0,4,1,1,0,0,1,0,0
0,1,1,0,71.0,1,0,0,1,1,0,1,1,1,99.2,6.0,91.0,1.0,16.0,1.0,16.1,16.1,0.0,0.0,0.0,3,0,0.0,0.0,0.0,49.45,101.60211267605634,7.66,6.0,4,0,2,1,0,0,1,0
1,1,0,0,22.0,1,1,0,0,0,0,1,1,1,96.7,0.0,0.0,0.0,365.0,0.0,0.0,0.0,0.0,0.0,0.0,3,0,0.0,0.0,0.0,92.08,94.67954545454545,5.16,0.0,2,1,0,1,0,0,1,0
0,0,0,0,2.0,1,0,0,1,0,1,0,0,1,55.05,0.0,0.0,0.0,365.0,0.0,0.0,0.0,0.0,0.0,0.0,2,0,0.0,0.0,0.0,82.46,51.375,-3.01,0.0,2,2,0,0,0,1,0,0
0,0,0,0,56.0,1,1,0,1,1,0,1,1,1,106.8,0.0,0.0,0.0,365.0,1.0,68.6,68.6,1.0,0.0,1.0,1,0,0.0,0.0,0.0,24.24,105.61428571428571,15.26,0.0,4,0,1,1,0,0,1,0
1,0,0,0,1.0,1,0,1,0,0,0,0,0,0,51.25,12.0,93.5,2.0,62.0,1.0,30.8,30.8,0.0,0.0,0.0,2,0,0.0,0.0,0.0,42.41,51.25,-6.81,6.0,1,2,0,0,0,0,0,1
0,0,1,1,23.0,1,0,1,1,0,1,0,0,1,57.75,0.0,0.0,0.0,365.0,0.0,0.0,0.0,0.0,0.0,0.0,3,0,0.0,0.0,0.0,74.79,55.77608695652174,-0.31,0.0,3,0,1,0,0,0,0,1
0,1,1,0,66.0,1,1,0,1,1,0,1,0,1,70.85,0.0,0.0,0.0,365.0,0.0,0.0,0.0,0.0,0.0,0.0,3,0,0.0,0.0,0.0,73.33,71.80075757575759,12.79,0.0,3,0,1,0,0,0,0,0
0,0,0,0,1.0,1,0,0,0,0,0,0,0,0,19.55,0.0,0.0,0.0,365.0,0.0,0.0,0.0,0.0,0.0,0.0,2,0,0.0,0.0,0.0,27.59,19.55,-1.52,0.0,0,2,0,0,1,0,0,1
1,1,0,0,19.0,1,1,0,1,0,0,1,0,1,88.2,6.0,42.0,1.0,183.0,0.0,0.0,0.0,0.0,0.0,0.0,2,0,0.0,0.0,0.0,61.16,93.46315789473684,-3.34,6.0,2,1,0,1,0,0,1,0
1,0,0,0,11.0,1,0,1,0,1,0,0,0,1,79.5,0.0,0.0,0.0,365.0,0.0,0.0,0.0,0.0,0.0,0.0,2,0,0.0,0.0,0.0,118.8,72.33181818181818,-12.04,0.0,2,2,0,1,0,0,0,0
0,0,1,1,8.0,1,0,0,0,0,0,0,0,1,19.75,0.0,0.0,0.0,365.0,0.0,0.0,0.0,0.0,0.0,0.0,1,0,0.0,0.0,0.0,27.59,18.125,-1.32,0.0,0,1,1,0,1,0,0,1
0,0,1,1,52.0,1,1,1,1,1,0,0,1,0,98.15,0.0,0.0,0.0,365.0,1.0,21.5,21.5,1.0,0.0,1.0,3,1,0.33,9.13,27.38,78.31,96.02692307692307,6.61,0.0,4,2,0,1,0,0,0,0
1,0,0,0,3.0,1,0,0,0,0,0,0,0,1,20.25,4.0,158.0,1.0,285.0,0.0,0.0,0.0,0.0,0.0,0.0,1,0,0.0,0.0,0.0,68.67,20.483333333333334,-0.82,4.0,0,2,0,0,1,0,1,0
0,0,1,1,51.0,1,0,1,1,0,0,0,0,1,79.15,5.0,298.0,1.0,262.0,0.0,0.0,0.0,0.0,0.0,0.0,2,1,0.5,27.94,55.88,100.51,78.79509803921569,-12.39,5.0,2,2,0,1,0,0,0,0
1,1,0,0,15.0,1,1,0,0,0,0,0,0,0,75.65,6.0,59.5,2.0,176.0,0.0,0.0,0.0,0.0,0.0,0.0,1,0,0.0,0.0,0.0,70.34,76.44333333333334,-15.89,3.0,0,1,0,1,0,0,1,0
1,1,1,0,64.0,1,1,0,1,1,0,0,1,1,94.25,0.0,0.0,0.0,365.0,0.0,0.0,0.0,0.0,0.0,0.0,3,1,0.33,8.27,24.8,66.58,95.021875,2.71,0.0,3,2,0,1,0,0,1,0
0,0,0,0,37.0,0,0,0,0,1,0,0,1,1,40.2,7.0,7.0,1.0,272.0,1.0,2.1,2.1,1.0,0.0,1.0,3,0,0.0,0.0,0.0,74.03,39.96891891891892,-17.86,7.0,2,1,0,0,0,1,0,0
1,0,0,0,13.0,1,0,0,0,0,0,0,0,0,19.95,7.0,181.0,1.0,303.0,0.0,0.0,0.0,0.0,0.0,0.0,2,1,0.5,12.02,24.03,58.8,18.742307692307694,-1.12,7.0,0,1,2,0,1,0,0,1
1,0,1,0,49.0,1,1,1,0,0,0,0,0,1,55.35,0.0,0.0,0.0,365.0,0.0,0.0,0.0,0.0,0.0,0.0,3,0,0.0,0.0,0.0,74.32,53.754081632653055,-2.71,0.0,1,0,1,0,0,0,1,0
0,1,0,0,45.0,1,1,0,0,1,0,1,1,1,102.15,0.0,0.0,0.0,365.0,0.0,0.0,0.0,0.0,0.0,0.0,1,0,0.0,0.0,0.0,95.45,105.23,10.61,0.0,3,0,1,1,0,0,0,0
0,0,0,0,18.0,1,0,0,0,0,0,0,0,1,71.1,9.0,190.0,2.0,27.0,0.0,0.0,0.0,0.0,0.0,0.0,1,0,0.0,0.0,0.0,118.93,69.31944444444444,-20.44,4.5,0,1,0,1,0,0,1,0
1,1,0,0,1.0,1,1,0,0,0,0,0,0,1,74.7,12.0,198.5,2.0,64.0,0.0,0.0,0.0,0.0,0.0,0.0,3,0,0.0,0.0,0.0,69.97,74.7,-16.84,6.0,0,2,0,1,0,0,1,0
1,0,1,0,68.0,0,0,1,0,1,0,1,1,1,54.1,8.0,222.0,1.0,104.0,0.0,0.0,0.0,0.0,0.0,0.0,3,0,0.0,0.0,0.0,90.79,55.8014705882353,-3.96,8.0,4,0,2,0,0,0,0,0
1,0,0,0,54.0,1,0,0,0,0,0,0,0,0,19.65,0.0,0.0,0.0,365.0,0.0,0.0,0.0,0.0,0.0,0.0,2,0,0.0,0.0,0.0,45.42,18.67962962962963,-1.42,0.0,0,0,2,0,1,1,0,0
0,1,1,1,23.0,1,0,0,1,1,0,0,1,1,88.45,6.0,56.0,1.0,314.0,0.0,0.0,0.0,0.0,0.0,0.0,2,0,0.0,0.0,0.0,34.54,92.63260869565218,-3.09,6.0,3,1,0,1,0,0,0,0
1,0,0,0,12.0,1,0,0,0,1,0,0,0,1,76.65,0.0,0.0,0.0,365.0,0.0,0.0,0.0,0.0,0.0,0.0,2,0,0.0,0.0,0.0,44.36,109.46249999999999,-14.89,0.0,1,1,0,1,0,0,1,0
1,0,1,0,71.0,1,1,1,1,1,1,0,1,0,80.4,0.0,0.0,0.0,365.0,0.0,0.0,0.0,0.0,0.0,0.0,1,0,0.0,0.0,0.0,109.65,80.66408450704225,22.34,0.0,5,0,2,0,0,1,0,0
0,0,1,1,67.0,1,0,0,0,0,0,0,0,1,19.25,0.0,0.0,0.0,365.0,1.0,1.9,1.9,0.0,1.0,0.0,1,0,0.0,0.0,0.0,104.42,20.491044776119406,-1.82,0.0,0,0,2,0,1,0,0,0
0,0,1,1,14.0,1,1,0,0,0,0,1,0,1,84.8,0.0,0.0,0.0,365.0,0.0,0.0,0.0,0.0,0.0,0.0,3,0,0.0,0.0,0.0,75.35,85.99285714285715,-6.74,0.0,1,1,0,1,0,0,1,0
0,1,0,0,1.0,0,0,0,0,0,0,0,0,1,25.8,3.0,20.0,1.0,324.0,0.0,0.0,0.0,0.0,0.0,0.0,3,0,0.0,0.0,0.0,64.44,25.8,-32.26,3.0,0,2,0,0,0,0,0,1
0,0,0,1,63.0,1,0,0,0,0,0,0,0,0,20.15,4.0,186.0,1.0,47.0,0.0,0.0,0.0,0.0,0.0,0.0,3,1,0.33,4.97,14.92,75.68,19.287301587301585,-0.92,4.0,0,1,2,0,1,1,0,0
0,0,0,0,41.0,1,1,0,0,1,1,0,1,1,68.6,6.0,256.0,1.0,50.0,0.0,0.0,0.0,0.0,0.0,0.0,3,1,0.33,15.45,46.34,57.28,70.1719512195122,10.54,6.0,3,1,1,0,0,0,1,0
0,0,1,0,17.0,1,1,0,0,0,0,1,1,0,91.75,0.0,0.0,0.0,365.0,0.0,0.0,0.0,0.0,0.0,0.0,2,0,0.0,0.0,0.0,77.71,92.9235294117647,0.21,0.0,2,1,0,1,0,0,1,0
1,0,1,0,56.0,1,1,1,0,0,0,1,1,1,100.55,0.0,0.0,0.0,365.0,0.0,0.0,0.0,0.0,0.0,0.0,2,0,0.0,0.0,0.0,95.34,98.48125,9.01,0.0,3,0,1,1,0,0,1,0
0,0,0,0,5.0,1,0,0,0,0,0,0,0,0,20.55,11.0,285.0,1.0,261.0,0.0,0.0,0.0,0.0,0.0,0.0,3,0,0.0,0.0,0.0,77.33,19.22,-0.52,11.0,0,2,0,0,1,1,0,0
0,0,0,0,2.0,0,0,1,1,0,0,0,1,1,42.6,0.0,0.0,0.0,365.0,0.0,0.0,0.0,0.0,0.0,0.0,3,0,0.0,0.0,0.0,94.95,36.2,-15.46,0.0,3,2,0,0,0,0,1,0
0,0,1,0,3.0,1,0,0,0,0,0,0,0,1,19.6,0.0,0.0,0.0,365.0,0.0,0.0,0.0,0.0,0.0,0.0,3,0,0.0,0.0,0.0,40.45,18.416666666666668,-1.47,0.0,0,2,0,0,1,0,0,1
1,0,0,0,37.0,1,1,1,1,1,1,0,0,0,67.45,5.0,252.0,1.0,202.0,0.0,0.0,0.0,0.0,0.0,0.0,1,0,0.0,0.0,0.0,109.09,66.03513513513514,9.39,5.0,4,0,1,0,0,0,1,0
0,0,0,0,29.0,1,0,1,1,1,0,0,1,1,68.85,9.0,170.0,1.0,293.0,0.0,0.0,0.0,0.0,0.0,0.0,2,0,0.0,0.0,0.0,68.44,67.94827586206897,10.79,9.0,4,1,0,0,0,0,0,0
1,0,0,0,8.0,1,0,0,0,0,0,0,0,0,43.55,0.0,0.0,0.0,365.0,0.0,0.0,0.0,0.0,0.0,0.0,3,0,0.0,0.0,0.0,72.12,41.925,-14.51,0.0,0,2,0,0,0,0,0,1
0,0,0,0,63.0,1,1,0,1,1,1,1,1,1,109.85,0.0,0.0,0.0,365.0,0.0,0.0,0.0,0.0,0.0,0.0,1,1,1.0,24.13,24.13,69.94,111.15793650793651,18.31,0.0,5,2,0,1,0,1,0,0
0,0,1,1,7.0,1,0,0,0,0,0,0,0,0,20.65,13.0,181.0,2.0,216.0,0.0,0.0,0.0,0.0,0.0,0.0,3,0,0.0,0.0,0.0,108.14,22.707142857142856,-0.42,6.5,0,2,0,0,1,0,0,1
0,0,0,0,3.0,1,0,0,1,0,0,1,1,0,95.4,4.0,116.0,1.0,254.0,0.0,0.0,0.0,0.0,0.0,0.0,2,0,0.0,0.0,0.0,76.93,97.71666666666665,3.86,4.0,3,2,0,1,0,0,1,0
1,0,1,1,72.0,1,0,0,0,0,0,0,0,0,21.0,2.0,227.0,1.0,89.0,0.0,0.0,0.0,0.0,0.0,0.0,3,1,0.33,11.41,34.24,86.47,20.74652777777778,-0.07,2.0,0,1,2,0,1,0,0,0
0,0,0,0,19.0,1,0,0,0,0,0,0,1,1,56.2,0.0,0.0,0.0,365.0,0.0,0.0,0.0,0.0,0.0,0.0,2,0,0.0,0.0,0.0,86.61,57.54736842105264,-1.86,0.0,1,1,0,0,0,0,1,0
0,0,1,0,59.0,1,0,0,0,0,0,0,0,0,18.4,0.0,0.0,0.0,365.0,0.0,0.0,0.0,0.0,0.0,0.0,3,0,0.0,0.0,0.0,70.86,17.92966101694915,-2.67,0.0,0,0,2,0,1,0,0,0
1,0,1,1,2.0,1,0,0,0,1,1,0,1,0,90.0,0.0,0.0,0.0,365.0,0.0,0.0,0.0,0.0,0.0,0.0,2,0,0.0,0.0,0.0,66.78,95.025,-1.54,0.0,3,2,0,1,0,1,0,0
0,0,1,1,35.0,1,1,0,0,0,0,0,0,1,25.75,0.0,0.0,0.0,365.0,0.0,0.0,0.0,0.0,0.0,0.0,1,0,0.0,0.0,0.0,25.63,25.215714285714284,4.68,0.0,0,1,0,0,1,0,1,0
1,0,0,0,14.0,1,0,0,0,0,0,0,0,0,19.6,4.0,130.0,1.0,222.0,1.0,22.6,22.6,0.0,0.0,0.0,1,0,0.0,0.0,0.0,57.59,21.457142857142856,-1.47,4.0,0,1,0,0,1,1,0,0
0,0,0,0,14.0,1,0,0,0,1,0,0,0,0,75.35,0.0,0.0,0.0,365.0,0.0,0.0,0.0,0.0,0.0,0.0,3,1,0.33,10.38,31.15,84.48,73.28214285714286,-16.19,0.0,1,2,0,1,0,0,1,0
0,0,1,1,69.0,1,0,0,0,0,0,0,0,0,19.8,9.0,106.0,2.0,274.0,0.0,0.0,0.0,0.0,0.0,0.0,2,1,0.5,1.5,2.99,69.44,20.82536231884058,-1.27,4.5,0,1,2,0,1,1,0,0
1,1,1,0,7.0,1,1,1,1,0,1,0,0,0,64.2,0.0,0.0,0.0,365.0,0.0,0.0,0.0,0.0,0.0,0.0,2,0,0.0,0.0,0.0,43.88,67.85714285714286,6.14,0.0,3,2,0,0,0,0,1,0
1,0,1,1,64.0,1,0,1,1,1,1,1,0,1,75.75,0.0,0.0,0.0,365.0,0.0,0.0,0.0,0.0,0.0,0.0,3,0,0.0,0.0,0.0,62.72,84.18984375,17.69,0.0,5,0,2,0,0,0,0,0
0,0,1,1,72.0,1,1,0,1,0,1,1,1,1,78.95,4.0,5.0,1.0,246.0,1.0,0.5,0.5,0.0,0.0,0.0,3,0,0.0,0.0,0.0,56.92,79.58541666666666,20.89,4.0,4,0,2,0,0,0,1,0
1,0,0,0,8.0,1,1,0,1,0,0,1,1,0,100.85,0.0,0.0,0.0,365.0,0.0,0.0,0.0,0.0,0.0,0.0,3,1,0.33,12.17,36.5,92.31,102.44375,9.31,0.0,3,3,0,1,0,0,1,0
0,0,1,1,4.0,1,0,1,0,0,0,0,0,0,50.3,7.0,168.5,2.0,53.0,0.0,0.0,0.0,0.0,0.0,0.0,3,0,0.0,0.0,0.0,35.74,54.275,-7.76,3.5,1,2,0,0,0,0,1,0
1,0,1,1,63.0,1,0,0,1,1,0,0,0,1,80.3,0.0,0.0,0.0,365.0,0.0,0.0,0.0,0.0,0.0,0.0,3,0,0.0,0.0,0.0,62.94,77.71984126984128,-11.24,0.0,2,1,0,1,0,1,0,0
1,0,0,0,72.0,1,0,0,0,0,0,0,0,0,19.85,0.0,0.0,0.0,365.0,0.0,0.0,0.0,0.0,0.0,0.0,3,0,0.0,0.0,0.0,71.0,19.918055555555554,-1.22,0.0,0,0,2,0,1,0,0,0
0,0,0,0,46.0,1,0,0,0,0,0,0,0,1,21.1,0.0,0.0,0.0,365.0,0.0,0.0,0.0,0.0,0.0,0.0,1,0,0.0,0.0,0.0,63.44,20.371739130434783,0.03,0.0,0,0,2,0,1,0,1,0
0,0,1,0,5.0,1,0,0,0,0,0,0,0,0,69.95,0.0,0.0,0.0,365.0,1.0,73.8,73.8,1.0,0.0,1.0,1,1,1.0,3.51,3.51,53.97,66.03,-21.59,0.0,0,3,0,1,0,0,1,0
1,0,1,0,30.0,1,0,0,0,1,0,0,0,1,50.0,0.0,0.0,0.0,365.0,0.0,0.0,0.0,0.0,0.0,0.0,2,0,0.0,0.0,0.0,61.63,49.163333333333334,-8.06,0.0,1,1,0,0,0,0,0,1
1,0,0,0,63.0,1,1,0,1,1,0,1,1,1,104.75,12.0,214.33333333333331,3.0,22.0,1.0,2.1,2.1,1.0,0.0,1.0,2,1,0.5,2.54,5.09,65.69,103.75396825396825,13.21,4.0,4,1,2,1,0,0,0,0
0,0,0,0,60.0,1,0,0,0,0,0,0,0,0,19.85,0.0,0.0,0.0,365.0,1.0,30.7,30.7,0.0,1.0,0.0,1,0,0.0,0.0,0.0,29.61,18.801666666666666,-1.22,0.0,0,0,2,0,1,0,0,0
0,0,1,0,63.0,1,1,0,1,1,0,1,1,1,107.5,0.0,0.0,0.0,365.0,0.0,0.0,0.0,0.0,0.0,0.0,3,0,0.0,0.0,0.0,92.83,109.10714285714286,15.96,0.0,4,0,1,1,0,0,1,0
1,0,1,1,25.0,1,0,0,0,0,1,1,0,0,85.9,6.0,294.0,1.0,4.0,0.0,0.0,0.0,0.0,0.0,0.0,1,0,0.0,0.0,0.0,113.38,87.962,-5.64,6.0,2,1,0,1,0,0,1,0
1,0,0,0,1.0,1,0,0,0,0,0,0,0,1,45.85,6.0,20.0,1.0,157.0,2.0,28.5,28.9,1.0,1.0,0.5,1,0,0.0,0.0,0.0,51.48,45.85,-12.21,6.0,0,2,0,0,0,0,0,1
1,1,1,0,6.0,1,1,0,0,1,0,0,0,1,80.8,0.0,0.0,0.0,365.0,0.0,0.0,0.0,0.0,0.0,0.0,2,1,0.5,1.42,2.84,60.55,76.18333333333334,-10.74,0.0,1,3,0,1,0,0,1,0
1,0,0,0,22.0,1,1,0,0,0,0,0,0,0,25.25,0.0,0.0,0.0,365.0,0.0,0.0,0.0,0.0,0.0,0.0,1,0,0.0,0.0,0.0,69.6,25.75,4.18,0.0,0,0,2,0,1,0,0,1
0,0,1,1,31.0,1,1,0,1,0,1,1,1,0,80.55,7.0,236.0,1.0,297.0,0.0,0.0,0.0,0.0,0.0,0.0,3,1,0.33,1.45,4.34,92.75,79.7290322580645,22.49,7.0,4,1,2,0,0,0,0,0
0,0,1,1,39.0,1,0,0,0,1,1,0,0,1,81.5,0.0,0.0,0.0,365.0,1.0,61.0,61.0,0.0,1.0,0.0,2,0,0.0,0.0,0.0,91.15,79.67435897435898,-10.04,0.0,2,1,0,1,0,0,0,0
1,0,0,0,26.0,1,0,0,0,0,0,0,0,0,20.9,12.0,33.5,2.0,82.0,0.0,0.0,0.0,0.0,0.0,0.0,2,0,0.0,0.0,0.0,77.62,19.934615384615384,-0.17,6.0,0,1,0,0,1,0,0,1
0,0,1,0,53.0,1,0,1,1,1,0,1,1,1,106.1,0.0,0.0,0.0,365.0,0.0,0.0,0.0,0.0,0.0,0.0,2,0,0.0,0.0,0.0,62.76,108.86320754716981,14.56,0.0,5,0,1,1,0,0,0,0
0,0,0,0,1.0,1,0,0,1,0,1,1,0,0,91.7,0.0,0.0,0.0,365.0,0.0,0.0,0.0,0.0,0.0,0.0,3,1,0.33,7.5,22.49,55.5,91.7,0.16,0.0,3,3,0,1,0,0,1,0
1,0,0,0,12.0,1,1,1,1,0,1,0,0,1,67.25,5.0,88.0,1.0,73.0,0.0,0.0,0.0,0.0,0.0,0.0,2,0,0.0,0.0,0.0,50.67,69.35833333333333,9.19,5.0,3,1,0,0,0,0,1,0
0,0,0,0,16.0,1,1,0,1,1,0,0,1,1,95.6,0.0,0.0,0.0,365.0,1.0,16.9,16.9,0.0,1.0,0.0,1,0,0.0,0.0,0.0,88.04,97.228125,4.06,0.0,3,1,0,1,0,1,0,0
0,0,0,0,2.0,1,0,0,0,0,0,0,0,0,20.35,8.0,118.0,1.0,48.0,0.0,0.0,0.0,0.0,0.0,0.0,1,0,0.0,0.0,0.0,33.18,22.65,-0.72,8.0,0,2,0,0,1,0,0,1
1,0,0,1,39.0,0,0,1,0,0,1,1,0,0,45.05,0.0,0.0,0.0,365.0,0.0,0.0,0.0,0.0,0.0,0.0,2,0,0.0,0.0,0.0,77.26,45.91282051282051,-13.01,0.0,3,0,1,0,0,0,0,0
1,0,0,0,1.0,1,1,0,0,0,0,0,0,1,74.95,0.0,0.0,0.0,365.0,0.0,0.0,0.0,0.0,0.0,0.0,1,0,0.0,0.0,0.0,108.46,74.95,-16.59,0.0,0,2,0,1,0,0,1,0
0,0,1,1,7.0,0,0,1,0,0,1,0,0,0,34.65,0.0,0.0,0.0,365.0,0.0,0.0,0.0,0.0,0.0,0.0,1,0,0.0,0.0,0.0,118.66,35.22857142857143,-23.41,0.0,2,2,0,0,0,0,0,1
1,1,0,0,4.0,1,0,0,0,0,0,0,0,0,69.35,8.0,67.0,1.0,24.0,0.0,0.0,0.0,0.0,0.0,0.0,2,1,0.5,2.63,5.26,76.57,65.4125,-22.19,8.0,0,3,0,1,0,0,1,0
1,1,0,0,10.0,1,1,0,0,0,0,1,1,1,95.35,0.0,0.0,0.0,365.0,0.0,0.0,0.0,0.0,0.0,0.0,1,0,0.0,0.0,0.0,22.5,89.83500000000001,3.81,0.0,2,2,0,1,0,0,1,0
0,0,0,0,55.0,1,0,0,1,1,0,0,0,1,81.55,5.0,62.0,1.0,236.0,0.0,0.0,0.0,0.0,0.0,0.0,2,2,1.0,14.46,21.09,82.16,81.99090909090908,-9.99,5.0,2,2,0,1,0,0,1,0
1,0,1,1,72.0,1,0,0,1,1,0,1,1,1,75.4,5.0,191.0,1.0,272.0,0.0,0.0,0.0,0.0,0.0,0.0,1,1,1.0,15.75,15.75,69.71,76.11458333333333,17.34,5.0,4,1,2,0,0,0,0,0
0,0,1,0,10.0,1,0,0,0,1,0,1,1,1,67.8,0.0,0.0,0.0,365.0,0.0,0.0,0.0,0.0,0.0,0.0,3,1,0.33,3.35,10.06,76.8,65.315,9.74,0.0,3,3,0,0,0,1,0,0
1,1,0,0,11.0,1,1,0,1,1,1,1,1,1,111.4,3.0,159.0,1.0,315.0,0.0,0.0,0.0,0.0,0.0,0.0,3,1,0.33,4.85,14.54,37.9,107.55,19.86,3.0,5,3,0,1,0,0,1,0
0,0,1,1,15.0,1,0,0,0,0,0,0,0,0,46.3,0.0,0.0,0.0,365.0,1.0,3.3,3.3,0.0,1.0,0.0,2,0,0.0,0.0,0.0,40.01,42.63,-11.76,0.0,0,1,0,0,0,0,1,0
0,0,1,1,23.0,1,0,0,0,0,0,0,0,0,20.4,5.0,50.0,1.0,23.0,0.0,0.0,0.0,0.0,0.0,0.0,2,0,0.0,0.0,0.0,65.4,20.815217391304348,-0.67,5.0,0,0,2,0,1,0,0,0
1,0,0,1,1.0,1,0,0,0,0,0,0,0,0,20.05,8.0,128.0,1.0,196.0,1.0,39.8,39.8,1.0,0.0,1.0,2,0,0.0,0.0,0.0,25.34,20.05,-1.02,8.0,0,2,0,0,1,0,0,1
0,1,0,0,3.0,1,0,0,0,0,0,0,0,0,45.0,6.0,263.0,1.0,321.0,1.0,2.0,2.0,1.0,0.0,1.0,3,0,0.0,0.0,0.0,81.01,42.36666666666667,-13.06,6.0,0,2,0,0,0,0,1,0
1,0,1,1,47.0,1,0,1,1,1,0,0,1,1,96.1,22.0,167.66666666666666,3.0,145.0,0.0,0.0,0.0,0.0,0.0,0.0,1,1,1.0,41.96,41.96,113.28,93.43510638297872,4.56,7.333,4,1,1,1,0,0,1,0
0,0,0,1,15.0,1,0,0,0,0,0,0,0,0,19.65,4.0,106.0,1.0,217.0,0.0,0.0,0.0,0.0,0.0,0.0,1,0,0.0,0.0,0.0,103.89,18.040000000000003,-1.42,4.0,0,0,1,0,1,0,0,1
1,0,0,0,66.0,1,0,0,1,1,0,1,1,0,91.75,0.0,0.0,0.0,365.0,0.0,0.0,0.0,0.0,0.0,0.0,1,0,0.0,0.0,0.0,56.91,101.67424242424242,0.21,0.0,4,1,0,1,0,0,1,0
0,1,1,0,68.0,1,0,0,1,1,1,0,0,1,60.65,0.0,0.0,0.0,365.0,1.0,64.8,64.8,1.0,0.0,1.0,3,1,0.33,1.53,4.59,56.46,58.46911764705882,2.59,0.0,3,1,1,0,0,0,0,0
0,0,1,1,17.0,1,0,0,0,1,1,1,1,0,98.6,0.0,0.0,0.0,365.0,0.0,0.0,0.0,0.0,0.0,0.0,1,0,0.0,0.0,0.0,31.41,100.29117647058824,7.06,0.0,4,0,1,1,0,0,0,0
0,0,0,0,7.0,1,0,0,0,0,1,1,0,1,59.5,4.0,290.0,1.0,302.0,0.0,0.0,0.0,0.0,0.0,0.0,2,0,0.0,0.0,0.0,54.5,59.42142857142857,1.44,4.0,2,2,0,0,0,0,0,1
1,1,1,0,12.0,1,0,0,0,0,0,0,1,1,91.75,0.0,0.0,0.0,365.0,0.0,0.0,0.0,0.0,0.0,0.0,2,1,0.5,7.26,14.51,72.65,79.18333333333334,0.21,0.0,1,2,0,1,0,0,1,0
0,1,1,0,21.0,1,1,0,1,1,0,0,1,0,56.15,0.0,0.0,0.0,365.0,0.0,0.0,0.0,0.0,0.0,0.0,3,0,0.0,0.0,0.0,71.66,71.28809523809524,-1.91,0.0,3,0,1,0,0,0,0,0
1,0,0,0,21.0,0,0,0,1,0,1,0,0,1,36.0,0.0,0.0,0.0,365.0,0.0,0.0,0.0,0.0,0.0,0.0,2,1,0.5,18.23,36.46,81.09,37.15,-22.06,0.0,2,2,0,0,0,0,0,1
0,0,1,1,56.0,1,1,1,0,0,0,1,0,0,65.2,0.0,0.0,0.0,365.0,1.0,28.0,28.0,1.0,0.0,1.0,3,0,0.0,0.0,0.0,67.19,62.71696428571429,7.14,0.0,2,0,1,0,0,0,0,0
0,0,1,1,6.0,1,1,0,0,0,0,0,0,1,48.95,0.0,0.0,0.0,365.0,1.0,34.8,34.8,0.0,1.0,0.0,2,0,0.0,0.0,0.0,34.76,45.541666666666664,-9.11,0.0,0,2,0,0,0,1,0,0
0,1,0,0,65.0,0,0,0,1,1,0,1,1,1,53.5,7.0,284.0,1.0,177.0,0.0,0.0,0.0,0.0,0.0,0.0,2,1,0.5,4.12,8.25,50.46,54.121538461538464,-4.56,7.0,4,1,2,0,0,0,0,0
1,0,1,0,42.0,1,1,1,0,0,1,1,1,0,80.45,0.0,0.0,0.0,365.0,0.0,0.0,0.0,0.0,0.0,0.0,3,0,0.0,0.0,0.0,64.81,80.37857142857143,22.39,0.0,4,0,1,0,0,1,0,0
0,0,1,1,68.0,1,1,1,0,1,1,1,1,1,109.05,0.0,0.0,0.0,365.0,0.0,0.0,0.0,0.0,0.0,0.0,3,0,0.0,0.0,0.0,67.59,110.41985294117647,17.51,0.0,5,0,2,1,0,0,0,0
1,0,1,1,48.0,1,1,0,0,0,0,0,0,0,26.3,0.0,0.0,0.0,365.0,1.0,109.7,109.7,1.0,0.0,1.0,2,0,0.0,0.0,0.0,100.06,25.938541666666666,5.23,0.0,0,0,2,0,1,0,0,0
0,1,0,0,50.0,1,1,0,1,0,1,1,1,1,106.8,0.0,0.0,0.0,365.0,0.0,0.0,0.0,0.0,0.0,0.0,2,0,0.0,0.0,0.0,83.3,106.959,15.26,0.0,4,0,1,1,0,0,1,0
0,1,0,0,7.0,1,0,0,1,1,0,1,0,1,64.95,7.0,153.0,1.0,275.0,0.0,0.0,0.0,0.0,0.0,0.0,1,0,0.0,0.0,0.0,70.26,70.52142857142857,6.89,7.0,3,2,0,0,0,0,1,0
0,0,1,1,63.0,1,0,0,0,0,0,0,0,0,19.35,0.0,0.0,0.0,365.0,0.0,0.0,0.0,0.0,0.0,0.0,1,0,0.0,0.0,0.0,60.17,20.06111111111111,-1.72,0.0,0,0,2,0,1,0,1,0
1,0,0,0,17.0,1,0,0,0,0,0,0,0,0,21.1,4.0,157.0,1.0,243.0,0.0,0.0,0.0,0.0,0.0,0.0,3,0,0.0,0.0,0.0,62.89,22.679411764705883,0.03,4.0,0,1,0,0,1,1,0,0
0,0,1,1,42.0,1,0,0,0,0,0,1,0,1,77.95,0.0,0.0,0.0,365.0,0.0,0.0,0.0,0.0,0.0,0.0,1,0,0.0,0.0,0.0,54.12,80.57142857142857,-13.59,0.0,1,1,0,1,0,1,0,0
1,0,1,1,4.0,1,0,0,0,0,0,0,0,0,18.85,0.0,0.0,0.0,365.0,0.0,0.0,0.0,0.0,0.0,0.0,1,0,0.0,0.0,0.0,64.98,21.05,-2.22,0.0,0,2,0,0,1,0,0,1
0,0,0,1,62.0,1,1,0,0,0,0,0,0,0,26.0,0.0,0.0,0.0,365.0,0.0,0.0,0.0,0.0,0.0,0.0,3,1,0.33,9.33,28.0,84.05,26.43064516129032,4.93,0.0,0,1,2,0,1,0,0,0
1,1,0,0,2.0,1,0,0,1,0,0,0,0,1,74.7,0.0,0.0,0.0,365.0,0.0,0.0,0.0,0.0,0.0,0.0,2,0,0.0,0.0,0.0,52.78,82.7,-16.84,0.0,1,2,0,1,0,0,1,0
0,0,1,0,2.0,1,0,0,0,0,0,0,0,1,70.35,0.0,0.0,0.0,365.0,0.0,0.0,0.0,0.0,0.0,0.0,2,1,0.5,4.92,9.85,51.1,60.125,-21.19,0.0,0,3,0,1,0,0,1,0
1,0,1,0,48.0,1,1,1,1,1,0,1,0,1,96.9,1.0,131.0,1.0,45.0,0.0,0.0,0.0,0.0,0.0,0.0,1,0,0.0,0.0,0.0,97.6,93.19687499999999,5.36,1.0,4,0,2,1,0,0,0,0
1,0,1,0,27.0,1,0,0,0,0,0,0,0,0,19.55,0.0,0.0,0.0,365.0,0.0,0.0,0.0,0.0,0.0,0.0,3,1,0.33,4.7,14.11,67.99,19.27962962962963,-1.52,0.0,0,1,2,0,1,0,0,0
0,0,1,1,70.0,1,0,0,1,1,1,1,1,1,80.4,0.0,0.0,0.0,365.0,0.0,0.0,0.0,0.0,0.0,0.0,2,0,0.0,0.0,0.0,54.53,81.68357142857144,22.34,0.0,5,0,2,0,0,0,0,0
1,1,0,0,1.0,1,1,0,0,1,0,1,0,1,88.8,0.0,0.0,0.0,365.0,0.0,0.0,0.0,0.0,0.0,0.0,1,0,0.0,0.0,0.0,47.39,88.8,-2.74,0.0,2,2,0,1,0,0,1,0
1,0,1,0,46.0,1,1,0,1,1,0,1,0,1,94.65,8.0,172.5,2.0,271.0,0.0,0.0,0.0,0.0,0.0,0.0,2,0,0.0,0.0,0.0,53.32,93.75,3.11,4.0,3,0,1,1,0,0,1,0
1,0,0,0,30.0,1,0,0,0,0,0,1,1,1,90.25,9.0,276.0,1.0,267.0,0.0,0.0,0.0,0.0,0.0,0.0,3,0,0.0,0.0,0.0,67.07,91.845,-1.29,9.0,2,1,0,1,0,0,1,0
0,0,0,0,15.0,1,1,1,0,0,0,0,1,1,64.65,0.0,0.0,0.0,365.0,0.0,0.0,0.0,0.0,0.0,0.0,1,0,0.0,0.0,0.0,55.42,66.30333333333333,6.59,0.0,2,1,0,0,0,0,0,0
1,0,1,1,69.0,1,1,0,1,1,0,1,0,0,95.75,5.0,295.0,1.0,20.0,0.0,0.0,0.0,0.0,0.0,0.0,1,0,0.0,0.0,0.0,61.99,94.3659420289855,4.21,5.0,3,0,1,1,0,1,0,0
1,0,0,0,65.0,1,0,0,0,0,0,0,0,1,19.55,6.0,235.0,1.0,103.0,0.0,0.0,0.0,0.0,0.0,0.0,3,1,0.33,1.74,5.21,74.23,18.74846153846154,-1.52,6.0,0,1,2,0,1,1,0,0
1,1,1,1,64.0,1,0,1,0,1,1,1,1,1,104.1,7.0,290.0,1.0,136.0,0.0,0.0,0.0,0.0,0.0,0.0,1,0,0.0,0.0,0.0,64.73,116.3703125,12.56,7.0,5,0,2,1,0,1,0,0
1,1,1,0,13.0,1,0,0,1,0,1,0,1,1,89.05,5.0,60.0,1.0,117.0,0.0,0.0,0.0,0.0,0.0,0.0,2,0,0.0,0.0,0.0,53.8,89.94999999999999,-2.49,5.0,3,1,0,1,0,0,0,0
1,0,0,0,17.0,1,0,0,0,0,0,0,0,1,20.1,8.0,289.0,1.0,129.0,0.0,0.0,0.0,0.0,0.0,0.0,2,1,0.5,15.47,30.94,87.44,16.441176470588236,-0.97,8.0,0,1,1,0,1,0,0,1
1,0,1,0,51.0,1,1,1,0,1,1,1,1,1,111.55,0.0,0.0,0.0,365.0,0.0,0.0,0.0,0.0,0.0,0.0,3,0,0.0,0.0,0.0,60.45,112.16372549019609,20.01,0.0,5,0,1,1,0,0,1,0
1,0,1,1,51.0,1,0,1,1,0,1,0,0,0,60.5,0.0,0.0,0.0,365.0,0.0,0.0,0.0,0.0,0.0,0.0,1,0,0.0,0.0,0.0,62.44,61.20490196078431,2.44,0.0,3,0,2,0,0,1,0,0
0,0,1,0,72.0,1,1,1,1,1,1,1,1,1,90.95,4.0,147.0,1.0,17.0,0.0,0.0,0.0,0.0,0.0,0.0,2,1,0.5,19.63,39.26,62.34,89.84166666666667,32.89,4.0,6,1,2,0,0,0,0,0
1,0,1,1,67.0,1,1,0,1,1,0,0,0,0,87.4,0.0,0.0,0.0,365.0,0.0,0.0,0.0,0.0,0.0,0.0,1,0,0.0,0.0,0.0,70.11,88.34029850746269,-4.14,0.0,2,0,1,1,0,0,1,0
1,0,0,0,34.0,1,0,0,0,0,0,0,0,0,19.7,0.0,0.0,0.0,365.0,0.0,0.0,0.0,0.0,0.0,0.0,2,1,0.5,13.44,26.87,94.78,19.870588235294118,-1.37,0.0,0,2,0,0,1,0,0,1
1,0,1,0,67.0,0,0,1,1,0,1,0,1,1,50.95,4.0,287.0,1.0,266.0,0.0,0.0,0.0,0.0,0.0,0.0,2,0,0.0,0.0,0.0,74.84,52.56268656716418,-7.11,4.0,4,0,2,0,0,0,0,0
0,0,1,0,49.0,1,0,0,0,0,0,0,0,1,20.05,4.0,238.0,1.0,19.0,0.0,0.0,0.0,0.0,0.0,0.0,3,0,0.0,0.0,0.0,76.92,18.838775510204083,-1.02,4.0,0,0,1,0,1,0,0,0
1,0,1,1,64.0,1,0,0,0,0,0,0,0,1,19.4,0.0,0.0,0.0,365.0,0.0,0.0,0.0,0.0,0.0,0.0,1,0,0.0,0.0,0.0,93.15,17.34921875,-1.67,0.0,0,0,2,0,1,0,0,1
1,0,0,0,27.0,1,1,0,0,1,1,0,0,0,59.45,0.0,0.0,0.0,365.0,0.0,0.0,0.0,0.0,0.0,0.0,1,0,0.0,0.0,0.0,75.55,59.69074074074074,1.39,0.0,2,1,0,0,0,0,1,0
0,1,0,0,23.0,1,0,0,1,0,0,1,1,1,94.75,0.0,0.0,0.0,365.0,0.0,0.0,0.0,0.0,0.0,0.0,2,1,0.5,4.06,8.12,86.16,99.72173913043478,3.21,0.0,3,2,0,1,0,0,1,0
1,0,0,0,69.0,1,1,1,1,1,1,0,1,1,81.5,0.0,0.0,0.0,365.0,1.0,10.3,10.3,1.0,0.0,1.0,3,0,0.0,0.0,0.0,41.48,80.48188405797102,23.44,0.0,5,0,2,0,0,1,0,0
0,0,1,1,2.0,0,0,0,0,0,1,0,0,0,29.05,7.0,53.0,2.0,176.0,0.0,0.0,0.0,0.0,0.0,0.0,2,1,0.5,12.21,24.42,69.21,22.375,-29.01,3.5,1,3,0,0,0,0,0,0
0,0,0,0,35.0,1,1,0,0,0,0,1,0,1,86.45,1.0,205.0,1.0,44.0,0.0,0.0,0.0,0.0,0.0,0.0,1,0,0.0,0.0,0.0,96.54,86.54571428571428,-5.09,1.0,1,1,0,1,0,0,1,0
0,0,1,0,46.0,1,0,1,1,0,1,0,1,0,70.6,0.0,0.0,0.0,365.0,0.0,0.0,0.0,0.0,0.0,0.0,2,0,0.0,0.0,0.0,55.2,70.24021739130436,12.54,0.0,4,0,1,0,0,0,0,1
0,0,0,0,54.0,1,1,0,1,0,0,1,1,1,97.2,0.0,0.0,0.0,365.0,0.0,0.0,0.0,0.0,0.0,0.0,2,0,0.0,0.0,0.0,54.1,94.9898148148148,5.66,0.0,3,0,2,1,0,0,0,0
0,0,1,0,56.0,1,1,0,1,0,0,1,1,1,98.25,8.0,193.5,2.0,145.0,0.0,0.0,0.0,0.0,0.0,0.0,2,0,0.0,0.0,0.0,56.11,98.36339285714287,6.71,4.0,3,0,1,1,0,0,1,0
0,0,1,0,9.0,1,0,0,0,1,0,0,0,1,75.75,0.0,0.0,0.0,365.0,0.0,0.0,0.0,0.0,0.0,0.0,1,0,0.0,0.0,0.0,106.13,72.87777777777778,-15.79,0.0,1,2,0,1,0,0,0,0
1,0,0,0,20.0,1,1,1,0,0,1,0,0,0,59.2,0.0,0.0,0.0,365.0,0.0,0.0,0.0,0.0,0.0,0.0,1,0,0.0,0.0,0.0,64.62,59.56,1.14,0.0,2,1,0,0,0,0,0,0
1,0,0,0,11.0,1,0,0,1,0,0,0,0,1,75.9,0.0,0.0,0.0,365.0,0.0,0.0,0.0,0.0,0.0,0.0,2,0,0.0,0.0,0.0,85.11,78.76363636363637,-15.64,0.0,1,2,0,1,0,0,0,1
0,1,1,0,30.0,1,1,0,1,0,0,1,0,1,90.05,0.0,0.0,0.0,365.0,0.0,0.0,0.0,0.0,0.0,0.0,2,0,0.0,0.0,0.0,79.33,87.57333333333332,-1.49,0.0,2,1,0,1,0,0,1,0
1,0,1,0,68.0,1,0,1,1,1,0,0,1,0,70.95,0.0,0.0,0.0,365.0,0.0,0.0,0.0,0.0,0.0,0.0,1,0,0.0,0.0,0.0,36.11,69.72720588235293,12.89,0.0,4,0,2,0,0,0,0,0
1,1,1,0,38.0,1,1,0,1,1,0,1,1,1,102.6,7.0,240.0,1.0,309.0,0.0,0.0,0.0,0.0,0.0,0.0,1,0,0.0,0.0,0.0,44.62,105.50526315789473,11.06,7.0,4,1,0,1,0,0,1,0
0,1,1,0,17.0,1,1,1,0,1,0,0,0,1,85.35,4.0,105.0,1.0,65.0,0.0,0.0,0.0,0.0,0.0,0.0,3,0,0.0,0.0,0.0,83.2,86.08529411764707,-6.19,4.0,2,1,0,1,0,0,0,0
1,0,0,0,48.0,1,1,0,1,1,0,1,1,1,106.1,4.0,63.0,1.0,88.0,0.0,0.0,0.0,0.0,0.0,0.0,2,0,0.0,0.0,0.0,60.88,105.89166666666667,14.56,4.0,4,0,1,1,0,1,0,0
0,0,0,0,1.0,1,0,0,0,0,0,0,0,0,43.8,3.0,209.0,1.0,48.0,0.0,0.0,0.0,0.0,0.0,0.0,3,1,0.33,12.43,37.28,94.09,43.8,-14.26,3.0,0,3,0,0,0,0,1,0
1,0,1,1,63.0,0,0,1,1,1,0,1,1,0,56.15,4.0,164.0,1.0,176.0,0.0,0.0,0.0,0.0,0.0,0.0,2,0,0.0,0.0,0.0,26.8,58.85079365079365,-1.91,4.0,5,0,2,0,0,0,1,0
0,0,0,0,3.0,1,0,0,0,1,0,1,1,1,69.95,0.0,0.0,0.0,365.0,0.0,0.0,0.0,0.0,0.0,0.0,1,0,0.0,0.0,0.0,40.68,73.48333333333333,11.89,0.0,3,1,1,0,0,0,1,0
0,0,0,0,48.0,1,1,0,0,0,0,0,0,0,24.35,0.0,0.0,0.0,365.0,1.0,23.9,23.9,0.0,1.0,0.0,1,0,0.0,0.0,0.0,26.31,23.618750000000002,3.28,0.0,0,0,1,0,1,0,0,0
1,0,0,0,66.0,0,0,0,0,0,1,0,0,0,29.45,0.0,0.0,0.0,365.0,0.0,0.0,0.0,0.0,0.0,0.0,1,0,0.0,0.0,0.0,65.2,30.047727272727276,-28.61,0.0,1,0,1,0,0,1,0,0
0,0,1,1,68.0,1,1,0,1,1,0,0,0,1,84.4,0.0,0.0,0.0,365.0,0.0,0.0,0.0,0.0,0.0,0.0,1,0,0.0,0.0,0.0,77.28,84.51102941176471,-7.14,0.0,2,0,2,1,0,1,0,0
1,1,0,0,17.0,1,0,0,0,0,0,0,0,1,45.05,5.0,153.0,1.0,237.0,0.0,0.0,0.0,0.0,0.0,0.0,2,0,0.0,0.0,0.0,57.42,45.32941176470588,-13.01,5.0,0,1,0,0,0,0,1,0
0,0,1,1,7.0,1,0,0,0,0,0,0,0,0,20.65,7.0,218.0,1.0,206.0,0.0,0.0,0.0,0.0,0.0,0.0,1,0,0.0,0.0,0.0,84.26,19.150000000000002,-0.42,7.0,0,1,1,0,1,0,0,1
1,0,1,0,72.0,1,1,1,1,1,1,1,1,1,87.1,5.0,251.0,1.0,264.0,0.0,0.0,0.0,0.0,0.0,0.0,2,1,0.5,8.22,16.45,37.79,86.52916666666667,29.04,5.0,6,1,2,0,0,0,0,0
0,0,1,0,29.0,1,0,0,0,0,0,0,0,0,19.85,0.0,0.0,0.0,365.0,0.0,0.0,0.0,0.0,0.0,0.0,1,0,0.0,0.0,0.0,101.61,19.760344827586206,-1.22,0.0,0,1,0,0,1,0,0,1
1,0,1,0,37.0,1,0,0,0,1,1,0,1,1,90.35,0.0,0.0,0.0,365.0,0.0,0.0,0.0,0.0,0.0,0.0,2,0,0.0,0.0,0.0,93.85,92.41351351351352,-1.19,0.0,3,1,0,1,0,0,1,0
0,0,0,0,34.0,1,1,1,1,1,0,1,1,1,109.8,0.0,0.0,0.0,365.0,1.0,27.8,27.8,0.0,1.0,0.0,2,0,0.0,0.0,0.0,37.41,105.50735294117646,18.26,0.0,5,1,0,1,0,0,0,1
0,1,0,0,42.0,1,1,0,0,0,0,1,0,1,84.65,6.0,145.0,1.0,288.0,0.0,0.0,0.0,0.0,0.0,0.0,1,0,0.0,0.0,0.0,53.82,84.31785714285714,-6.89,6.0,1,1,0,1,0,0,1,0
0,0,1,1,59.0,1,1,1,1,0,1,0,0,0,65.5,0.0,0.0,0.0,365.0,0.0,0.0,0.0,0.0,0.0,0.0,2,0,0.0,0.0,0.0,71.18,64.42881355932204,7.44,0.0,3,0,1,0,0,0,0,1
1,0,1,1,11.0,1,0,0,0,0,0,1,0,1,79.5,0.0,0.0,0.0,365.0,0.0,0.0,0.0,0.0,0.0,0.0,1,0,0.0,0.0,0.0,77.57,78.95454545454545,-12.04,0.0,1,2,0,1,0,0,0,0
1,1,1,1,60.0,1,1,1,0,0,0,0,0,1,80.95,3.0,143.0,1.0,2.0,0.0,0.0,0.0,0.0,0.0,0.0,3,0,0.0,0.0,0.0,42.58,80.985,-10.59,3.0,1,1,0,1,0,0,1,0
0,0,0,0,27.0,1,0,0,1,0,1,0,0,1,56.15,0.0,0.0,0.0,365.0,0.0,0.0,0.0,0.0,0.0,0.0,3,2,0.67,13.14,35.22,63.89,53.30925925925926,-1.91,0.0,2,2,0,0,0,0,0,1
0,0,0,0,12.0,1,1,0,0,0,0,0,1,0,85.8,0.0,0.0,0.0,365.0,0.0,0.0,0.0,0.0,0.0,0.0,1,1,1.0,39.23,39.23,110.84,7.1499999999999995,-5.74,0.0,1,2,0,1,0,0,0,1
1,1,0,0,1.0,1,0,0,0,0,0,1,0,1,79.1,6.0,190.0,1.0,18.0,0.0,0.0,0.0,0.0,0.0,0.0,2,0,0.0,0.0,0.0,94.39,79.1,-12.44,6.0,1,2,0,1,0,0,1,0
1,0,1,0,17.0,0,0,1,0,1,0,0,0,0,34.4,0.0,0.0,0.0,365.0,0.0,0.0,0.0,0.0,0.0,0.0,3,0,0.0,0.0,0.0,78.63,34.86764705882353,-23.66,0.0,2,1,0,0,0,0,0,1
1,0,1,0,58.0,1,0,0,0,0,0,0,0,0,20.75,0.0,0.0,0.0,365.0,0.0,0.0,0.0,0.0,0.0,0.0,3,2,0.67,18.93,29.37,60.96,20.44741379310345,-0.32,0.0,0,1,2,0,1,0,0,1
1,0,1,1,1.0,1,0,0,0,0,0,0,0,0,18.8,4.0,256.0,1.0,41.0,0.0,0.0,0.0,0.0,0.0,0.0,3,2,0.67,19.51,43.49,99.72,18.8,-2.27,4.0,0,2,1,0,1,0,0,1
0,0,1,1,3.0,1,0,0,0,0,0,0,0,0,44.3,0.0,0.0,0.0,365.0,0.0,0.0,0.0,0.0,0.0,0.0,2,0,0.0,0.0,0.0,78.28,44.833333333333336,-13.76,0.0,0,2,0,0,0,0,0,1
0,0,0,0,53.0,1,1,1,1,1,0,0,0,0,90.8,4.0,225.0,1.0,147.0,0.0,0.0,0.0,0.0,0.0,0.0,2,0,0.0,0.0,0.0,78.99,92.85283018867923,-0.74,4.0,3,1,0,1,0,0,1,0
1,0,0,0,35.0,1,1,0,0,0,0,0,0,1,25.6,8.0,235.5,2.0,2.0,0.0,0.0,0.0,0.0,0.0,0.0,1,0,0.0,0.0,0.0,32.42,25.75,4.53,4.0,0,1,0,0,1,0,1,0
1,0,1,1,50.0,1,1,1,0,1,0,1,1,0,105.95,0.0,0.0,0.0,365.0,0.0,0.0,0.0,0.0,0.0,0.0,3,1,0.33,6.7,20.09,52.53,106.836,14.41,0.0,4,2,0,1,0,1,0,0
1,0,1,1,68.0,1,1,0,1,0,1,0,1,0,70.8,0.0,0.0,0.0,365.0,0.0,0.0,0.0,0.0,0.0,0.0,3,1,0.33,4.57,13.72,61.14,71.46985294117647,12.74,0.0,3,1,2,0,0,1,0,0
1,0,1,0,47.0,1,1,0,0,0,0,0,0,0,25.4,0.0,0.0,0.0,365.0,0.0,0.0,0.0,0.0,0.0,0.0,2,0,0.0,0.0,0.0,77.74,24.238297872340425,4.33,0.0,0,1,0,0,1,0,1,0
0,1,1,0,65.0,1,1,0,1,1,0,1,1,1,108.8,0.0,0.0,0.0,365.0,1.0,3.3,3.3,1.0,0.0,1.0,1,0,0.0,0.0,0.0,110.1,108.96076923076923,17.26,0.0,4,1,0,1,0,0,0,0
1,0,0,0,12.0,1,0,0,0,0,0,0,0,1,69.75,0.0,0.0,0.0,365.0,0.0,0.0,0.0,0.0,0.0,0.0,1,0,0.0,0.0,0.0,84.76,27.05,-21.79,0.0,0,1,0,1,0,0,1,0
1,0,1,0,51.0,1,1,0,0,0,0,1,1,1,94.65,0.0,0.0,0.0,365.0,0.0,0.0,0.0,0.0,0.0,0.0,2,1,0.5,6.75,13.5,75.52,94.36764705882354,3.11,0.0,2,2,0,1,0,0,1,0
0,0,0,0,46.0,1,1,0,0,0,0,1,1,0,96.05,0.0,0.0,0.0,365.0,0.0,0.0,0.0,0.0,0.0,0.0,1,0,0.0,0.0,0.0,52.35,95.6413043478261,4.51,0.0,2,1,0,1,0,0,0,0
0,0,0,0,9.0,1,1,0,0,0,0,0,0,1,76.85,3.0,121.0,1.0,334.0,0.0,0.0,0.0,0.0,0.0,0.0,3,0,0.0,0.0,0.0,78.16,73.72777777777777,-14.69,3.0,0,2,0,1,0,0,1,0
0,0,0,0,8.0,1,0,0,0,0,0,0,0,0,20.25,0.0,0.0,0.0,365.0,2.0,9.5,16.8,0.0,2.0,0.0,1,0,0.0,0.0,0.0,108.34,21.83125,-0.82,0.0,0,1,2,0,1,0,0,1
1,0,0,0,14.0,1,1,0,0,0,0,0,0,1,24.8,0.0,0.0,0.0,365.0,0.0,0.0,0.0,0.0,0.0,0.0,3,0,0.0,0.0,0.0,50.07,22.978571428571428,3.73,0.0,0,0,1,0,1,1,0,0
0,0,0,0,45.0,1,1,1,1,1,1,1,1,1,115.65,0.0,0.0,0.0,365.0,0.0,0.0,0.0,0.0,0.0,0.0,1,0,0.0,0.0,0.0,101.38,113.9,24.11,0.0,6,1,0,1,0,0,1,0
0,0,0,0,8.0,1,1,0,0,0,0,0,0,1,74.6,0.0,0.0,0.0,365.0,1.0,24.3,24.3,0.0,1.0,0.0,2,0,0.0,0.0,0.0,98.13,68.6125,-16.94,0.0,0,2,0,1,0,1,0,0
1,1,0,1,1.0,1,0,0,0,1,0,0,0,1,50.15,0.0,0.0,0.0,365.0,0.0,0.0,0.0,0.0,0.0,0.0,2,0,0.0,0.0,0.0,77.92,50.15,-7.91,0.0,1,2,0,0,0,0,0,1
1,0,1,1,66.0,1,0,1,1,1,0,1,1,1,103.15,2.0,83.0,1.0,250.0,0.0,0.0,0.0,0.0,0.0,0.0,1,0,0.0,0.0,0.0,84.4,106.53484848484848,11.61,2.0,5,0,1,1,0,0,0,0
1,0,1,1,64.0,1,1,1,1,1,1,0,0,0,72.1,0.0,0.0,0.0,365.0,0.0,0.0,0.0,0.0,0.0,0.0,2,0,0.0,0.0,0.0,88.15,78.38515625,14.04,0.0,4,0,2,0,0,1,0,0
0,0,1,0,41.0,1,1,1,1,1,1,1,1,1,113.6,0.0,0.0,0.0,365.0,0.0,0.0,0.0,0.0,0.0,0.0,2,0,0.0,0.0,0.0,57.41,112.07195121951219,22.06,0.0,6,1,0,1,0,0,0,0
0,0,1,1,23.0,1,1,0,0,0,0,0,0,0,25.1,5.0,195.5,2.0,186.0,0.0,0.0,0.0,0.0,0.0,0.0,3,1,0.33,3.61,10.84,45.63,26.584782608695654,4.03,2.5,0,1,2,0,1,0,0,1
0,0,0,0,29.0,1,0,0,0,0,0,1,0,1,78.9,0.0,0.0,0.0,365.0,0.0,0.0,0.0,0.0,0.0,0.0,3,0,0.0,0.0,0.0,98.42,82.21206896551725,-12.64,0.0,1,1,0,1,0,0,1,0
0,0,0,0,4.0,1,1,1,0,0,0,0,0,1,80.15,4.0,241.0,1.0,19.0,0.0,0.0,0.0,0.0,0.0,0.0,2,1,0.5,25.64,51.27,63.72,79.9625,-11.39,4.0,1,3,0,1,0,0,1,0
1,0,1,1,6.0,1,1,0,0,0,0,0,0,0,25.4,0.0,0.0,0.0,365.0,0.0,0.0,0.0,0.0,0.0,0.0,2,0,0.0,0.0,0.0,105.32,25.55,4.33,0.0,0,1,2,0,1,0,0,1
0,1,1,0,67.0,1,1,1,1,1,1,0,1,1,105.4,4.0,129.0,1.0,138.0,0.0,0.0,0.0,0.0,0.0,0.0,1,0,0.0,0.0,0.0,110.61,105.0089552238806,13.86,4.0,5,0,1,1,0,1,0,0
1,1,0,1,7.0,1,0,0,0,0,0,0,0,1,45.75,0.0,0.0,0.0,365.0,0.0,0.0,0.0,0.0,0.0,0.0,2,0,0.0,0.0,0.0,52.98,49.17142857142857,-12.31,0.0,0,2,0,0,0,0,0,1
1,0,1,1,56.0,1,1,0,0,0,0,0,0,1,24.45,13.0,143.0,2.0,169.0,0.0,0.0,0.0,0.0,0.0,0.0,3,1,0.33,2.79,8.36,53.7,25.56517857142857,3.38,6.5,0,1,1,0,1,0,0,1
0,0,1,0,72.0,1,1,0,0,0,0,0,0,0,25.0,4.0,213.0,1.0,60.0,0.0,0.0,0.0,0.0,0.0,0.0,3,0,0.0,0.0,0.0,72.41,25.683333333333334,3.93,4.0,0,0,2,0,1,1,0,0
1,0,1,0,72.0,1,1,1,1,1,0,1,1,1,85.25,0.0,0.0,0.0,365.0,0.0,0.0,0.0,0.0,0.0,0.0,2,1,0.5,4.78,9.55,41.46,84.48750000000001,27.19,0.0,5,1,2,0,0,0,1,0
1,0,1,1,23.0,1,0,0,0,0,0,0,0,0,19.6,7.0,10.0,1.0,360.0,0.0,0.0,0.0,0.0,0.0,0.0,3,0,0.0,0.0,0.0,104.87,18.55,-1.47,7.0,0,0,2,0,1,1,0,0
0,0,0,1,35.0,1,1,0,0,0,0,0,0,0,50.15,0.0,0.0,0.0,365.0,1.0,14.1,14.1,1.0,0.0,1.0,3,0,0.0,0.0,0.0,55.99,47.29571428571428,-7.91,0.0,0,1,0,0,0,0,0,1
1,1,1,0,27.0,1,0,0,0,0,0,0,0,1,70.55,12.0,128.0,2.0,106.0,0.0,0.0,0.0,0.0,0.0,0.0,3,0,0.0,0.0,0.0,60.69,71.9962962962963,-20.99,6.0,0,1,0,1,0,0,1,0
0,0,1,1,26.0,1,1,0,1,0,1,0,0,1,60.05,12.0,57.0,2.0,39.0,0.0,0.0,0.0,0.0,0.0,0.0,1,0,0.0,0.0,0.0,109.66,62.159615384615385,1.99,6.0,2,1,0,0,0,0,1,0
1,0,1,1,12.0,1,1,0,0,0,0,0,0,0,26.4,7.0,188.0,1.0,351.0,0.0,0.0,0.0,0.0,0.0,0.0,2,0,0.0,0.0,0.0,100.22,26.245833333333334,5.33,7.0,0,0,1,0,1,0,0,1
0,0,0,0,40.0,1,0,0,0,0,0,0,0,0,20.15,4.0,67.0,1.0,30.0,0.0,0.0,0.0,0.0,0.0,0.0,3,0,0.0,0.0,0.0,76.48,20.12125,-0.92,4.0,0,0,2,0,1,0,0,1
1,0,1,1,7.0,0,0,1,1,1,0,1,1,0,58.85,6.0,96.0,1.0,32.0,0.0,0.0,0.0,0.0,0.0,0.0,2,0,0.0,0.0,0.0,73.57,66.52857142857142,0.79,6.0,5,2,0,0,0,0,0,1
1,0,1,1,70.0,1,1,1,1,0,0,1,0,1,97.55,0.0,0.0,0.0,365.0,0.0,0.0,0.0,0.0,0.0,0.0,2,0,0.0,0.0,0.0,39.22,95.27214285714285,6.01,0.0,3,1,0,1,0,1,0,0
1,0,1,1,60.0,1,0,0,0,0,0,0,0,0,19.65,0.0,0.0,0.0,365.0,0.0,0.0,0.0,0.0,0.0,0.0,2,0,0.0,0.0,0.0,73.1,19.3625,-1.42,0.0,0,0,2,0,1,1,0,0
1,0,1,1,39.0,0,0,0,0,0,0,0,0,1,25.25,0.0,0.0,0.0,365.0,0.0,0.0,0.0,0.0,0.0,0.0,3,0,0.0,0.0,0.0,101.28,24.30128205128205,-32.81,0.0,0,0,1,0,0,1,0,0
1,0,1,0,72.0,1,1,1,1,1,1,1,1,0,114.45,0.0,0.0,0.0,365.0,0.0,0.0,0.0,0.0,0.0,0.0,2,0,0.0,0.0,0.0,104.48,116.32013888888888,22.91,0.0,6,0,2,1,0,1,0,0
0,0,0,0,1.0,0,0,0,0,0,0,1,0,1,34.7,0.0,0.0,0.0,365.0,1.0,8.9,8.9,0.0,1.0,0.0,1,0,0.0,0.0,0.0,95.21,34.7,-23.36,0.0,1,2,0,0,0,0,1,0
1,0,1,1,54.0,1,1,0,1,0,1,1,0,1,70.7,0.0,0.0,0.0,365.0,0.0,0.0,0.0,0.0,0.0,0.0,1,0,0.0,0.0,0.0,41.51,69.81481481481481,12.64,0.0,3,0,1,0,0,0,1,0
1,0,0,0,3.0,1,1,0,0,0,0,0,1,1,91.75,0.0,0.0,0.0,365.0,0.0,0.0,0.0,0.0,0.0,0.0,3,0,0.0,0.0,0.0,59.55,88.26666666666667,0.21,0.0,1,2,0,1,0,0,1,0
0,0,1,1,63.0,1,0,1,1,1,1,1,0,0,75.55,4.0,9.0,1.0,104.0,0.0,0.0,0.0,0.0,0.0,0.0,3,0,0.0,0.0,0.0,39.15,74.72777777777779,17.49,4.0,5,0,2,0,0,1,0,0
1,0,1,1,71.0,1,1,0,1,0,1,0,0,1,84.8,5.0,138.0,1.0,156.0,1.0,38.9,38.9,1.0,0.0,1.0,1,1,1.0,39.84,39.84,109.21,86.65352112676055,-6.74,5.0,2,1,2,1,0,0,1,0
0,0,0,0,42.0,1,0,0,0,0,0,0,0,1,20.65,5.0,85.0,1.0,329.0,0.0,0.0,0.0,0.0,0.0,0.0,2,0,0.0,0.0,0.0,113.21,22.811904761904763,-0.42,5.0,0,0,1,0,1,0,0,1
1,0,0,0,47.0,1,0,0,0,0,0,0,0,0,20.45,7.0,19.0,1.0,122.0,0.0,0.0,0.0,0.0,0.0,0.0,1,1,1.0,57.84,57.84,115.73,20.06382978723404,-0.62,7.0,0,1,2,0,1,0,0,0
0,0,1,1,66.0,1,1,0,1,1,0,1,1,1,102.45,0.0,0.0,0.0,365.0,0.0,0.0,0.0,0.0,0.0,0.0,3,1,0.33,9.1,27.31,60.6,100.22954545454544,10.91,0.0,4,1,1,1,0,1,0,0
0,0,1,0,21.0,1,1,1,0,1,0,1,1,1,104.4,10.0,91.0,2.0,147.0,0.0,0.0,0.0,0.0,0.0,0.0,3,0,0.0,0.0,0.0,77.95,104.77380952380952,12.86,5.0,4,1,0,1,0,0,0,0
1,0,0,0,11.0,0,0,0,1,0,1,0,0,1,35.65,0.0,0.0,0.0,365.0,0.0,0.0,0.0,0.0,0.0,0.0,2,0,0.0,0.0,0.0,92.4,38.64545454545455,-22.41,0.0,2,2,0,0,0,0,1,0
1,0,0,1,1.0,1,1,0,0,1,0,1,1,1,99.75,5.0,272.0,1.0,259.0,0.0,0.0,0.0,0.0,0.0,0.0,1,0,0.0,0.0,0.0,69.25,99.75,8.21,5.0,3,2,0,1,0,0,1,0
0,1,1,0,55.0,1,1,0,1,1,1,0,0,0,90.45,0.0,0.0,0.0,365.0,0.0,0.0,0.0,0.0,0.0,0.0,3,0,0.0,0.0,0.0,98.2,91.72363636363637,-1.09,0.0,3,1,0,1,0,0,1,0
1,0,0,0,69.0,1,1,0,1,1,1,1,0,1,97.65,0.0,0.0,0.0,365.0,0.0,0.0,0.0,0.0,0.0,0.0,1,0,0.0,0.0,0.0,54.53,97.73260869565217,6.11,0.0,4,0,2,1,0,1,0,0
0,1,0,0,3.0,1,0,0,0,1,0,0,0,0,91.75,0.0,0.0,0.0,365.0,0.0,0.0,0.0,0.0,0.0,0.0,2,0,0.0,0.0,0.0,77.56,65.46666666666667,0.21,0.0,1,2,0,1,0,0,1,0
1,0,0,0,4.0,1,0,0,0,1,1,1,1,1,74.4,0.0,0.0,0.0,365.0,0.0,0.0,0.0,0.0,0.0,0.0,1,0,0.0,0.0,0.0,77.19,74.925,16.34,0.0,4,2,0,0,0,0,1,0
1,1,0,0,30.0,1,1,0,0,1,1,1,0,1,69.1,0.0,0.0,0.0,365.0,0.0,0.0,0.0,0.0,0.0,0.0,1,0,0.0,0.0,0.0,26.66,69.79666666666667,11.04,0.0,3,0,2,0,0,1,0,0
0,0,0,0,5.0,1,1,0,0,1,1,0,0,1,82.75,0.0,0.0,0.0,365.0,0.0,0.0,0.0,0.0,0.0,0.0,1,0,0.0,0.0,0.0,108.3,83.55,-8.79,0.0,2,2,0,1,0,0,1,0
0,0,1,0,71.0,1,1,0,0,0,0,0,0,1,24.4,0.0,0.0,0.0,365.0,1.0,98.6,98.6,0.0,0.0,0.0,3,1,0.33,11.8,35.39,91.06,24.301408450704226,3.33,0.0,0,1,2,0,1,1,0,0
0,0,0,0,29.0,1,1,0,1,0,0,0,0,1,55.25,0.0,0.0,0.0,365.0,0.0,0.0,0.0,0.0,0.0,0.0,3,0,0.0,0.0,0.0,63.06,55.86896551724138,-2.81,0.0,1,0,1,0,0,0,1,0
1,0,1,0,52.0,1,1,0,1,0,1,0,0,0,61.35,7.0,213.0,1.0,74.0,0.0,0.0,0.0,0.0,0.0,0.0,1,0,0.0,0.0,0.0,103.77,60.95288461538462,3.29,7.0,2,1,0,0,0,0,0,0
1,0,0,0,68.0,1,1,1,1,1,0,0,1,0,76.75,0.0,0.0,0.0,365.0,0.0,0.0,0.0,0.0,0.0,0.0,1,0,0.0,0.0,0.0,101.14,76.9595588235294,18.69,0.0,4,0,1,0,0,1,0,0
0,0,1,1,46.0,1,0,0,0,0,0,0,0,0,19.4,0.0,0.0,0.0,365.0,0.0,0.0,0.0,0.0,0.0,0.0,2,2,1.0,14.18,16.59,56.1,21.04021739130435,-1.67,0.0,0,1,2,0,1,0,0,1
1,0,0,0,8.0,1,0,0,0,0,0,0,1,1,54.75,0.0,0.0,0.0,365.0,0.0,0.0,0.0,0.0,0.0,0.0,1,1,1.0,6.69,6.69,93.52,54.75625,-3.31,0.0,1,3,0,0,0,1,0,0
1,0,1,0,72.0,1,0,0,0,0,0,0,0,0,19.7,0.0,0.0,0.0,365.0,0.0,0.0,0.0,0.0,0.0,0.0,2,0,0.0,0.0,0.0,83.5,19.748611111111114,-1.37,0.0,0,0,2,0,1,1,0,0
0,0,0,0,17.0,1,0,0,0,0,0,0,0,0,19.9,0.0,0.0,0.0,365.0,0.0,0.0,0.0,0.0,0.0,0.0,3,1,0.33,7.17,21.5,89.49,19.008823529411764,-1.17,0.0,0,1,1,0,1,0,0,0
1,0,0,0,3.0,1,0,0,1,1,1,1,1,1,107.95,7.0,76.0,1.0,127.0,0.0,0.0,0.0,0.0,0.0,0.0,1,0,0.0,0.0,0.0,113.46,106.2,16.41,7.0,5,2,0,1,0,0,1,0
0,1,0,0,2.0,1,0,0,1,0,0,1,0,1,83.8,0.0,0.0,0.0,365.0,1.0,35.6,35.6,1.0,0.0,1.0,3,1,0.33,2.14,6.43,71.4,81.85,-7.74,0.0,2,3,0,1,0,0,0,0
0,0,0,0,9.0,1,0,1,0,0,0,0,0,1,74.25,14.0,52.0,2.0,109.0,0.0,0.0,0.0,0.0,0.0,0.0,3,0,0.0,0.0,0.0,68.59,71.07222222222222,-17.29,7.0,1,2,0,1,0,1,0,0
0,0,0,0,51.0,0,0,0,1,1,0,1,1,1,56.4,7.0,147.0,1.0,316.0,1.0,55.6,55.6,1.0,0.0,1.0,1,0,0.0,0.0,0.0,64.26,57.42156862745098,-1.66,7.0,4,0,1,0,0,1,0,0
0,0,1,1,6.0,1,0,0,0,0,0,0,0,0,20.1,0.0,0.0,0.0,365.0,0.0,0.0,0.0,0.0,0.0,0.0,2,0,0.0,0.0,0.0,55.81,16.724999999999998,-0.97,0.0,0,1,2,0,1,0,0,1
0,0,1,0,3.0,1,1,0,0,0,0,1,1,0,94.9,8.0,218.0,1.0,78.0,0.0,0.0,0.0,0.0,0.0,0.0,1,0,0.0,0.0,0.0,106.52,91.06666666666666,3.36,8.0,2,2,0,1,0,0,1,0
0,1,0,0,17.0,1,1,0,0,0,0,1,1,1,94.2,0.0,0.0,0.0,365.0,0.0,0.0,0.0,0.0,0.0,0.0,2,0,0.0,0.0,0.0,85.4,94.59705882352942,2.66,0.0,2,1,0,1,0,0,1,0
1,0,1,0,30.0,1,1,0,0,0,0,0,0,0,49.9,0.0,0.0,0.0,365.0,0.0,0.0,0.0,0.0,0.0,0.0,2,0,0.0,0.0,0.0,65.11,48.065000000000005,-8.16,0.0,0,1,0,0,0,0,1,0
1,0,0,0,31.0,1,1,0,1,0,1,1,0,1,71.05,0.0,0.0,0.0,365.0,0.0,0.0,0.0,0.0,0.0,0.0,2,0,0.0,0.0,0.0,68.94,69.94032258064516,12.99,0.0,3,1,0,0,0,0,1,0
0,0,0,0,45.0,1,0,1,0,1,1,1,1,0,81.65,0.0,0.0,0.0,365.0,0.0,0.0,0.0,0.0,0.0,0.0,3,0,0.0,0.0,0.0,63.43,80.41555555555556,23.59,0.0,5,0,2,0,0,0,0,0
1,0,1,0,64.0,1,1,1,1,1,0,0,0,0,89.45,0.0,0.0,0.0,365.0,1.0,31.0,31.0,1.0,0.0,1.0,2,0,0.0,0.0,0.0,87.08,88.94765625,-2.09,0.0,3,0,1,1,0,0,0,0
1,0,0,0,1.0,1,1,0,0,0,0,1,0,1,59.85,0.0,0.0,0.0,365.0,0.0,0.0,0.0,0.0,0.0,0.0,1,0,0.0,0.0,0.0,21.47,59.85,1.79,0.0,1,2,0,0,0,0,1,0
0,1,0,0,1.0,1,0,0,0,0,0,0,0,1,69.6,0.0,0.0,0.0,365.0,0.0,0.0,0.0,0.0,0.0,0.0,2,0,0.0,0.0,0.0,68.63,69.6,-21.94,0.0,0,2,0,1,0,0,1,0
1,1,1,1,61.0,1,1,0,1,0,0,1,1,0,99.0,0.0,0.0,0.0,365.0,0.0,0.0,0.0,0.0,0.0,0.0,1,0,0.0,0.0,0.0,105.52,97.85737704918033,7.46,0.0,3,0,1,1,0,0,1,0
1,0,0,0,1.0,1,0,0,0,0,0,0,0,0,19.05,0.0,0.0,0.0,365.0,0.0,0.0,0.0,0.0,0.0,0.0,2,0,0.0,0.0,0.0,54.14,19.05,-2.02,0.0,0,2,0,0,1,0,0,1
1,0,0,0,9.0,0,0,0,0,0,0,1,1,1,45.4,0.0,0.0,0.0,365.0,1.0,18.0,18.0,1.0,0.0,1.0,1,0,0.0,0.0,0.0,113.79,46.53333333333333,-12.66,0.0,2,2,0,0,0,0,1,0
1,0,1,1,72.0,1,1,1,1,1,1,1,1,0,114.45,0.0,0.0,0.0,365.0,0.0,0.0,0.0,0.0,0.0,0.0,3,0,0.0,0.0,0.0,84.12,112.50763888888889,22.91,0.0,6,0,2,1,0,0,0,0
0,0,0,0,1.0,1,0,0,0,0,0,0,0,0,19.5,0.0,0.0,0.0,365.0,0.0,0.0,0.0,0.0,0.0,0.0,2,0,0.0,0.0,0.0,70.33,19.5,-1.57,0.0,0,2,0,0,1,0,0,1
0,0,1,0,7.0,1,0,0,0,0,0,0,0,1,44.25,0.0,0.0,0.0,365.0,0.0,0.0,0.0,0.0,0.0,0.0,2,0,0.0,0.0,0.0,85.3,44.778571428571425,-13.81,0.0,0,2,0,0,0,0,0,1
0,0,1,0,66.0,1,1,0,1,1,1,0,0,1,90.55,0.0,0.0,0.0,365.0,0.0,0.0,0.0,0.0,0.0,0.0,1,0,0.0,0.0,0.0,21.94,92.89318181818182,-0.99,0.0,3,0,1,1,0,0,0,0
1,0,0,0,1.0,1,0,0,0,0,0,0,0,1,69.9,9.0,137.0,1.0,299.0,0.0,0.0,0.0,0.0,0.0,0.0,1,1,1.0,27.58,27.58,64.37,69.9,-21.64,9.0,0,3,0,1,0,0,1,0
1,0,1,1,40.0,1,0,0,0,0,0,0,0,1,20.4,0.0,0.0,0.0,365.0,0.0,0.0,0.0,0.0,0.0,0.0,1,0,0.0,0.0,0.0,25.85,18.6325,-0.67,0.0,0,1,0,0,1,0,0,0
1,0,0,0,16.0,1,1,0,1,1,0,0,1,1,71.4,0.0,0.0,0.0,365.0,0.0,0.0,0.0,0.0,0.0,0.0,1,0,0.0,0.0,0.0,88.47,75.75625,13.34,0.0,3,1,0,0,0,0,0,0
0,0,0,0,2.0,1,0,0,1,0,0,1,0,1,87.15,0.0,0.0,0.0,365.0,0.0,0.0,0.0,0.0,0.0,0.0,3,0,0.0,0.0,0.0,76.16,91.875,-4.39,0.0,2,2,0,1,0,0,0,0
1,0,1,0,67.0,1,1,0,0,0,0,0,0,0,24.85,0.0,0.0,0.0,365.0,0.0,0.0,0.0,0.0,0.0,0.0,2,0,0.0,0.0,0.0,67.58,23.634328358208954,3.78,0.0,0,0,2,0,1,1,0,0
0,0,1,0,44.0,1,0,1,1,1,0,1,1,1,104.45,8.0,157.0,1.0,328.0,0.0,0.0,0.0,0.0,0.0,0.0,1,0,0.0,0.0,0.0,115.65,94.59204545454546,12.91,8.0,5,0,1,1,0,0,0,0
0,0,1,1,56.0,1,0,0,0,0,0,0,0,1,19.8,8.0,69.0,2.0,45.0,0.0,0.0,0.0,0.0,0.0,0.0,3,1,0.33,1.37,4.1,85.59,19.998214285714287,-1.27,4.0,0,1,2,0,1,1,0,0
0,0,0,0,72.0,1,1,1,1,1,1,1,1,1,116.45,6.0,76.0,1.0,332.0,0.0,0.0,0.0,0.0,0.0,0.0,1,0,0.0,0.0,0.0,40.51,111.29930555555556,24.91,6.0,6,0,2,1,0,0,0,0
0,0,1,1,3.0,1,1,0,0,0,0,0,1,1,84.75,0.0,0.0,0.0,365.0,0.0,0.0,0.0,0.0,0.0,0.0,3,1,0.33,6.08,18.25,76.63,88.28333333333335,-6.79,0.0,1,3,0,1,0,0,0,0
0,0,1,0,54.0,1,0,0,0,0,0,0,0,0,20.05,10.0,70.0,1.0,310.0,1.0,12.5,12.5,0.0,1.0,0.0,3,0,0.0,0.0,0.0,72.05,20.414814814814818,-1.02,10.0,0,0,2,0,1,1,0,0
1,1,0,0,52.0,1,1,0,1,1,1,1,1,1,110.75,15.0,72.5,2.0,76.0,0.0,0.0,0.0,0.0,0.0,0.0,1,1,1.0,46.52,46.52,111.02,112.15384615384616,19.21,7.5,5,2,0,1,0,0,1,0
0,0,0,0,50.0,1,0,0,0,1,1,0,1,1,89.7,0.0,0.0,0.0,365.0,0.0,0.0,0.0,0.0,0.0,0.0,1,1,1.0,21.71,21.71,64.58,86.09,-1.84,0.0,3,1,2,1,0,0,0,0
1,0,0,0,14.0,1,1,0,0,0,1,1,0,1,89.95,5.0,86.0,1.0,68.0,0.0,0.0,0.0,0.0,0.0,0.0,1,1,1.0,42.46,42.46,99.5,84.17142857142858,-1.59,5.0,2,2,0,1,0,0,1,0
1,0,1,0,27.0,1,0,1,0,0,0,0,0,0,48.7,0.0,0.0,0.0,365.0,2.0,6.1,11.2,2.0,0.0,1.0,2,0,0.0,0.0,0.0,81.2,52.657407407407405,-9.36,0.0,1,0,1,0,0,1,0,0
0,1,1,0,72.0,1,1,1,1,1,1,0,0,1,96.6,0.0,0.0,0.0,365.0,1.0,29.7,29.7,1.0,0.0,1.0,1,0,0.0,0.0,0.0,61.68,94.82638888888889,5.06,0.0,4,0,2,1,0,0,0,0
1,0,0,0,62.0,1,0,1,1,0,0,1,1,1,74.3,0.0,0.0,0.0,365.0,0.0,0.0,0.0,0.0,0.0,0.0,1,1,1.0,15.14,15.14,49.62,75.775,16.24,0.0,4,1,1,0,0,1,0,0
0,0,0,0,12.0,1,0,0,1,0,1,0,0,1,54.3,0.0,0.0,0.0,365.0,0.0,0.0,0.0,0.0,0.0,0.0,2,1,0.5,7.94,15.89,82.06,54.541666666666664,-3.76,0.0,2,2,0,0,0,0,1,0
0,1,0,0,44.0,1,0,0,0,1,1,1,1,0,74.85,7.0,223.0,1.0,192.0,0.0,0.0,0.0,0.0,0.0,0.0,1,1,1.0,6.61,6.61,116.66,74.27386363636364,16.79,7.0,4,1,1,0,0,0,0,0
1,0,1,1,54.0,1,0,0,1,0,1,0,0,1,79.95,0.0,0.0,0.0,365.0,0.0,0.0,0.0,0.0,0.0,0.0,1,1,1.0,36.32,36.32,101.19,80.77870370370371,-11.59,0.0,2,1,2,1,0,0,0,0
0,0,0,0,68.0,1,0,0,0,0,0,0,0,0,20.05,0.0,0.0,0.0,365.0,0.0,0.0,0.0,0.0,0.0,0.0,1,0,0.0,0.0,0.0,71.56,20.39558823529412,-1.02,0.0,0,0,2,0,1,0,0,0
1,0,0,0,20.0,1,0,0,0,0,0,0,0,0,19.4,0.0,0.0,0.0,365.0,1.0,9.6,9.6,1.0,0.0,1.0,2,2,1.0,43.2,49.91,95.71,20.77,-1.67,0.0,0,2,0,0,1,0,0,1
1,0,1,1,50.0,1,1,0,0,1,0,0,0,0,54.9,1.0,261.0,1.0,162.0,0.0,0.0,0.0,0.0,0.0,0.0,1,0,0.0,0.0,0.0,74.53,52.282,-3.16,1.0,1,0,1,0,0,0,0,0
1,0,0,0,58.0,1,1,0,0,0,0,0,0,1,24.45,0.0,0.0,0.0,365.0,0.0,0.0,0.0,0.0,0.0,0.0,2,0,0.0,0.0,0.0,101.93,26.096551724137928,3.38,0.0,0,0,2,0,1,1,0,0
1,0,1,1,35.0,1,1,0,1,0,0,1,0,1,89.65,4.0,183.0,1.0,234.0,0.0,0.0,0.0,0.0,0.0,0.0,1,0,0.0,0.0,0.0,66.89,90.33142857142857,-1.89,4.0,2,1,0,1,0,0,0,0
0,0,0,0,2.0,1,0,0,0,0,0,0,0,1,45.4,8.0,171.0,1.0,195.0,0.0,0.0,0.0,0.0,0.0,0.0,3,0,0.0,0.0,0.0,60.47,40.475,-12.66,8.0,0,2,0,0,0,0,1,0
1,0,1,1,63.0,1,1,1,0,1,1,0,1,0,75.7,0.0,0.0,0.0,365.0,0.0,0.0,0.0,0.0,0.0,0.0,3,0,0.0,0.0,0.0,49.43,74.23333333333333,17.64,0.0,4,0,2,0,0,0,0,1
0,0,1,0,58.0,1,1,1,1,1,0,1,1,1,110.65,0.0,0.0,0.0,365.0,0.0,0.0,0.0,0.0,0.0,0.0,3,1,0.33,3.31,9.92,76.79,112.52844827586206,19.11,0.0,5,1,1,1,0,1,0,0
0,0,1,1,27.0,1,0,0,0,0,0,0,0,1,20.55,0.0,0.0,0.0,365.0,0.0,0.0,0.0,0.0,0.0,0.0,2,0,0.0,0.0,0.0,44.26,21.6037037037037,-0.52,0.0,0,0,1,0,1,0,0,1
0,0,1,0,71.0,1,1,1,1,1,1,1,1,1,115.15,7.0,106.0,1.0,325.0,1.0,11.4,11.4,1.0,0.0,1.0,3,0,0.0,0.0,0.0,57.7,113.77605633802817,23.61,7.0,6,0,2,1,0,1,0,0
0,0,0,0,63.0,1,0,0,0,1,0,0,1,0,56.15,0.0,0.0,0.0,365.0,0.0,0.0,0.0,0.0,0.0,0.0,1,0,0.0,0.0,0.0,82.39,55.611111111111114,-1.91,0.0,2,0,1,0,0,1,0,0
1,0,1,0,71.0,1,1,0,1,1,0,0,1,1,93.25,0.0,0.0,0.0,365.0,1.0,36.0,36.0,0.0,1.0,0.0,3,0,0.0,0.0,0.0,93.6,93.93591549295775,1.71,0.0,3,1,0,1,0,0,0,0
0,1,0,0,41.0,1,1,1,1,1,0,1,1,1,113.2,0.0,0.0,0.0,365.0,0.0,0.0,0.0,0.0,0.0,0.0,3,1,0.33,3.23,9.7,40.34,114.3780487804878,21.66,0.0,5,2,0,1,0,0,1,0
1,1,0,0,13.0,1,0,0,0,0,0,1,1,1,90.5,0.0,0.0,0.0,365.0,0.0,0.0,0.0,0.0,0.0,0.0,2,1,0.5,7.96,15.91,56.01,92.39615384615385,-1.04,0.0,2,2,0,1,0,0,1,0
1,0,0,0,2.0,1,0,0,0,0,0,1,0,0,79.0,5.0,112.0,1.0,271.0,0.0,0.0,0.0,0.0,0.0,0.0,2,0,0.0,0.0,0.0,71.53,71.825,-12.54,5.0,1,2,0,1,0,0,1,0
0,0,1,1,68.0,1,0,0,0,0,0,0,0,1,19.35,3.0,12.0,1.0,135.0,0.0,0.0,0.0,0.0,0.0,0.0,3,1,0.33,3.94,11.81,57.94,19.009558823529414,-1.72,3.0,0,1,2,0,1,0,0,0
1,0,1,1,1.0,1,0,1,0,0,0,0,0,1,48.75,0.0,0.0,0.0,365.0,0.0,0.0,0.0,0.0,0.0,0.0,2,1,0.5,14.6,29.2,71.38,48.75,-9.31,0.0,1,3,0,0,0,0,0,1
1,1,0,0,65.0,1,1,1,0,1,1,1,1,1,109.05,10.0,194.5,2.0,75.0,0.0,0.0,0.0,0.0,0.0,0.0,3,0,0.0,0.0,0.0,68.96,109.35692307692307,17.51,5.0,5,0,2,1,0,0,1,0
1,1,1,0,72.0,1,1,0,0,0,0,0,0,1,25.0,0.0,0.0,0.0,365.0,0.0,0.0,0.0,0.0,0.0,0.0,2,1,0.5,9.59,19.17,106.03,25.035416666666666,3.93,0.0,0,1,2,0,1,0,0,0
0,0,0,0,28.0,1,1,0,0,0,1,0,0,1,54.9,0.0,0.0,0.0,365.0,1.0,8.3,8.3,1.0,0.0,1.0,2,0,0.0,0.0,0.0,70.2,53.75535714285714,-3.16,0.0,1,1,0,0,0,1,0,0
1,0,1,1,72.0,1,1,0,0,0,0,0,0,0,24.75,3.0,39.0,1.0,193.0,1.0,98.7,98.7,0.0,0.0,0.0,2,0,0.0,0.0,0.0,64.58,25.820833333333333,3.68,3.0,0,0,2,0,1,1,0,0
0,0,0,0,2.0,1,0,1,1,0,0,1,0,1,91.15,0.0,0.0,0.0,365.0,0.0,0.0,0.0,0.0,0.0,0.0,2,0,0.0,0.0,0.0,61.46,84.25,-0.39,0.0,3,2,0,1,0,0,1,0
0,0,0,1,18.0,1,0,0,0,0,0,0,0,0,20.15,0.0,0.0,0.0,365.0,0.0,0.0,0.0,0.0,0.0,0.0,2,1,0.5,10.58,21.17,57.84,21.71388888888889,-0.92,0.0,0,1,1,0,1,0,0,0
1,1,1,0,60.0,1,1,0,1,1,0,1,1,1,104.35,0.0,0.0,0.0,365.0,0.0,0.0,0.0,0.0,0.0,0.0,1,0,0.0,0.0,0.0,117.36,105.6575,12.81,0.0,4,0,1,1,0,0,1,0
0,1,0,0,26.0,1,1,0,0,0,1,0,1,1,66.05,0.0,0.0,0.0,365.0,0.0,0.0,0.0,0.0,0.0,0.0,1,0,0.0,0.0,0.0,81.3,63.55384615384616,7.99,0.0,2,1,0,0,0,0,1,0
1,0,0,1,1.0,1,0,0,0,0,0,0,0,1,71.65,6.0,153.0,1.0,316.0,0.0,0.0,0.0,0.0,0.0,0.0,1,0,0.0,0.0,0.0,105.22,71.65,-19.89,6.0,0,2,0,1,0,0,1,0
0,0,0,0,4.0,1,0,0,0,0,0,0,0,0,20.35,0.0,0.0,0.0,365.0,0.0,0.0,0.0,0.0,0.0,0.0,1,0,0.0,0.0,0.0,30.83,19.375,-0.72,0.0,0,2,0,0,1,0,0,1
1,0,1,1,68.0,1,1,1,1,1,1,1,1,1,92.2,0.0,0.0,0.0,365.0,0.0,0.0,0.0,0.0,0.0,0.0,1,0,0.0,0.0,0.0,104.12,94.0125,34.14,0.0,6,0,2,0,0,1,0,0
0,0,0,0,38.0,1,0,0,1,1,1,0,0,1,84.25,6.0,198.0,1.0,165.0,0.0,0.0,0.0,0.0,0.0,0.0,1,0,0.0,0.0,0.0,83.06,85.90789473684211,-7.29,6.0,3,1,0,1,0,1,0,0
0,1,1,0,42.0,1,1,1,0,1,0,1,1,1,105.2,7.0,291.0,1.0,4.0,0.0,0.0,0.0,0.0,0.0,0.0,3,1,0.33,5.42,16.25,64.25,109.50357142857142,13.66,7.0,4,1,1,1,0,0,0,0
0,0,1,0,57.0,1,0,0,0,0,0,0,0,1,19.6,5.0,33.0,1.0,136.0,0.0,0.0,0.0,0.0,0.0,0.0,1,0,0.0,0.0,0.0,43.13,19.899122807017545,-1.47,5.0,0,0,2,0,1,0,0,0
1,0,1,0,54.0,0,0,0,1,0,0,0,0,0,30.4,0.0,0.0,0.0,365.0,0.0,0.0,0.0,0.0,0.0,0.0,1,1,1.0,36.14,36.14,104.13,30.025,-27.66,0.0,1,2,0,0,0,0,1,0
0,0,0,0,12.0,1,0,0,0,0,0,0,1,0,78.1,0.0,0.0,0.0,365.0,0.0,0.0,0.0,0.0,0.0,0.0,2,1,0.5,0.8,1.59,44.26,78.94166666666666,-13.44,0.0,1,2,0,1,0,0,0,0
0,0,1,0,44.0,1,0,1,1,1,0,0,0,1,61.5,0.0,0.0,0.0,365.0,0.0,0.0,0.0,0.0,0.0,0.0,1,0,0.0,0.0,0.0,48.23,61.86818181818182,3.44,0.0,3,0,1,0,0,0,0,1
1,0,1,1,42.0,1,1,1,1,0,0,1,0,1,69.4,0.0,0.0,0.0,365.0,0.0,0.0,0.0,0.0,0.0,0.0,3,1,0.33,3.92,11.75,80.04,72.81666666666668,11.34,0.0,3,2,0,0,0,0,0,0
1,0,1,1,72.0,1,1,0,0,0,0,0,0,0,24.75,0.0,0.0,0.0,365.0,0.0,0.0,0.0,0.0,0.0,0.0,2,1,0.5,5.33,10.66,100.86,24.577777777777776,3.68,0.0,0,1,2,0,1,0,0,0
0,0,1,1,71.0,1,1,1,1,1,1,1,1,0,91.05,0.0,0.0,0.0,365.0,0.0,0.0,0.0,0.0,0.0,0.0,1,0,0.0,0.0,0.0,88.32,88.6443661971831,32.99,0.0,6,0,2,0,0,0,0,1
0,0,1,0,12.0,1,1,0,0,1,0,0,1,0,89.65,0.0,0.0,0.0,365.0,0.0,0.0,0.0,0.0,0.0,0.0,2,0,0.0,0.0,0.0,62.72,146.75416666666666,-1.89,0.0,2,1,0,1,0,0,0,1
0,0,1,0,23.0,1,1,0,0,0,1,1,1,1,73.65,0.0,0.0,0.0,365.0,0.0,0.0,0.0,0.0,0.0,0.0,3,0,0.0,0.0,0.0,88.93,71.42391304347827,15.59,0.0,3,1,0,0,0,1,0,0
0,0,0,0,30.0,1,0,0,0,0,0,0,0,0,19.4,20.0,191.66666666666663,3.0,101.0,0.0,0.0,0.0,0.0,0.0,0.0,2,0,0.0,0.0,0.0,86.51,19.283333333333335,-1.67,6.667,0,0,2,0,1,1,0,0
1,0,0,0,35.0,1,1,0,0,0,0,0,0,0,26.2,0.0,0.0,0.0,365.0,0.0,0.0,0.0,0.0,0.0,0.0,3,2,0.67,14.5,22.87,75.19,27.282857142857143,5.13,0.0,0,1,1,0,1,0,0,0
0,0,0,0,10.0,1,1,1,0,0,0,1,1,1,98.7,2.0,23.0,1.0,189.0,1.0,72.1,72.1,1.0,0.0,1.0,3,1,0.33,2.71,8.14,80.45,97.325,7.16,2.0,3,3,0,1,0,0,1,0
1,0,0,0,1.0,1,0,0,0,0,0,0,0,1,43.85,0.0,0.0,0.0,365.0,0.0,0.0,0.0,0.0,0.0,0.0,3,0,0.0,0.0,0.0,71.16,43.85,-14.21,0.0,0,2,0,0,0,0,0,0
1,0,0,0,22.0,1,0,0,0,0,0,0,0,1,69.7,0.0,0.0,0.0,365.0,0.0,0.0,0.0,0.0,0.0,0.0,2,0,0.0,0.0,0.0,102.96,67.74545454545455,-21.84,0.0,0,1,0,1,0,0,0,1
1,0,1,1,7.0,0,0,1,1,1,0,0,0,0,38.55,0.0,0.0,0.0,365.0,0.0,0.0,0.0,0.0,0.0,0.0,2,0,0.0,0.0,0.0,97.66,40.0,-19.51,0.0,3,1,2,0,0,0,0,1
0,0,0,0,36.0,0,0,1,1,1,1,0,1,1,53.1,3.0,88.0,1.0,352.0,1.0,5.5,5.5,0.0,1.0,0.0,1,0,0.0,0.0,0.0,108.13,52.8125,-4.96,3.0,5,0,2,0,0,0,0,1
0,0,1,1,34.0,1,0,0,0,0,0,0,0,0,20.65,0.0,0.0,0.0,365.0,0.0,0.0,0.0,0.0,0.0,0.0,1,0,0.0,0.0,0.0,102.51,21.070588235294117,-0.42,0.0,0,1,0,0,1,0,0,1
1,0,1,1,72.0,1,1,1,1,1,0,0,0,0,64.45,0.0,0.0,0.0,365.0,0.0,0.0,0.0,0.0,0.0,0.0,2,0,0.0,0.0,0.0,62.86,65.55555555555556,6.39,0.0,3,0,2,0,0,1,0,0
1,0,1,1,36.0,1,1,0,0,0,0,0,0,0,25.1,0.0,0.0,0.0,365.0,0.0,0.0,0.0,0.0,0.0,0.0,3,1,0.33,1.97,5.9,83.19,25.859722222222224,4.03,0.0,0,1,2,0,1,1,0,0
0,0,0,0,12.0,1,0,0,0,1,0,0,0,0,76.35,3.0,221.0,1.0,285.0,0.0,0.0,0.0,0.0,0.0,0.0,1,1,1.0,10.36,10.36,46.59,6.3625,-15.19,3.0,1,2,0,1,0,0,1,0
0,0,0,0,23.0,1,1,0,1,0,0,0,0,1,79.15,0.0,0.0,0.0,365.0,0.0,0.0,0.0,0.0,0.0,0.0,2,0,0.0,0.0,0.0,62.34,72.9108695652174,-12.39,0.0,1,1,0,1,0,0,1,0
1,1,1,0,32.0,1,1,0,0,0,0,0,1,1,85.0,6.0,204.0,1.0,104.0,0.0,0.0,0.0,0.0,0.0,0.0,1,0,0.0,0.0,0.0,45.45,82.5640625,-6.54,6.0,1,1,0,1,0,0,1,0
0,0,1,1,71.0,1,1,1,1,1,1,0,0,1,95.15,0.0,0.0,0.0,365.0,0.0,0.0,0.0,0.0,0.0,0.0,1,0,0.0,0.0,0.0,38.86,95.36408450704226,3.61,0.0,4,0,1,1,0,1,0,0
0,1,0,0,23.0,1,1,0,0,1,0,0,0,1,79.35,0.0,0.0,0.0,365.0,0.0,0.0,0.0,0.0,0.0,0.0,1,0,0.0,0.0,0.0,90.98,79.79565217391304,-12.19,0.0,1,1,0,1,0,0,0,1
1,0,1,0,17.0,1,0,0,0,1,0,1,1,1,96.65,5.0,107.0,1.0,146.0,1.0,35.6,35.6,0.0,0.0,0.0,3,0,0.0,0.0,0.0,53.6,93.42647058823529,5.11,5.0,3,0,1,1,0,0,0,0
1,0,0,0,1.0,1,0,0,0,1,1,1,1,1,75.5,0.0,0.0,0.0,365.0,0.0,0.0,0.0,0.0,0.0,0.0,2,0,0.0,0.0,0.0,77.47,75.5,17.44,0.0,4,2,0,0,0,0,1,0
1,0,1,1,12.0,1,0,0,0,0,0,0,0,0,19.7,0.0,0.0,0.0,365.0,0.0,0.0,0.0,0.0,0.0,0.0,3,1,0.33,1.37,4.11,78.18,21.52916666666667,-1.37,0.0,0,1,2,0,1,0,0,1
0,0,1,0,72.0,1,0,0,0,0,0,0,0,0,20.5,0.0,0.0,0.0,365.0,0.0,0.0,0.0,0.0,0.0,0.0,3,0,0.0,0.0,0.0,59.31,20.864583333333332,-0.57,0.0,0,0,2,0,1,1,0,0
1,0,0,0,1.0,1,0,0,0,0,0,0,0,0,19.2,0.0,0.0,0.0,365.0,0.0,0.0,0.0,0.0,0.0,0.0,1,0,0.0,0.0,0.0,107.55,19.2,-1.87,0.0,0,2,0,0,1,0,0,1
1,1,1,0,64.0,1,1,0,1,0,0,1,1,0,98.35,0.0,0.0,0.0,365.0,0.0,0.0,0.0,0.0,0.0,0.0,2,1,0.5,12.85,25.7,63.32,108.271875,6.81,0.0,3,1,2,1,0,0,0,0
1,0,1,1,60.0,1,1,0,0,0,0,0,0,0,74.35,0.0,0.0,0.0,365.0,0.0,0.0,0.0,0.0,0.0,0.0,2,0,0.0,0.0,0.0,61.92,74.22166666666666,-17.19,0.0,0,1,0,1,0,0,0,0
0,0,1,1,61.0,0,0,0,1,1,1,1,0,0,51.35,7.0,232.0,1.0,124.0,0.0,0.0,0.0,0.0,0.0,0.0,1,0,0.0,0.0,0.0,61.39,53.18688524590164,-6.71,7.0,4,0,2,0,0,1,0,0
0,0,1,0,12.0,1,0,0,0,0,0,0,0,0,45.65,0.0,0.0,0.0,365.0,0.0,0.0,0.0,0.0,0.0,0.0,3,1,0.33,4.23,12.68,83.15,26.954166666666666,-12.41,0.0,0,2,0,0,0,0,0,1
1,1,1,0,32.0,1,1,0,0,0,0,0,1,0,85.3,0.0,0.0,0.0,365.0,0.0,0.0,0.0,0.0,0.0,0.0,3,0,0.0,0.0,0.0,81.09,83.159375,-6.24,0.0,1,1,0,1,0,0,1,0
0,0,0,1,31.0,1,1,0,0,0,0,1,0,1,86.55,0.0,0.0,0.0,365.0,0.0,0.0,0.0,0.0,0.0,0.0,2,0,0.0,0.0,0.0,69.01,87.01290322580645,-4.99,0.0,1,1,0,1,0,1,0,0
1,0,0,0,19.0,1,0,0,1,0,0,0,0,1,73.85,0.0,0.0,0.0,365.0,1.0,4.3,4.3,1.0,0.0,1.0,3,0,0.0,0.0,0.0,57.57,74.97368421052632,-17.69,0.0,1,1,0,1,0,1,0,0
1,0,1,1,72.0,1,0,0,0,0,0,0,0,0,20.3,4.0,277.0,1.0,86.0,0.0,0.0,0.0,0.0,0.0,0.0,1,0,0.0,0.0,0.0,116.61,19.460416666666667,-0.77,4.0,0,0,2,0,1,0,0,0
0,0,0,0,32.0,1,1,0,1,0,0,0,0,1,54.2,0.0,0.0,0.0,365.0,0.0,0.0,0.0,0.0,0.0,0.0,2,0,0.0,0.0,0.0,95.13,54.3625,-3.86,0.0,1,1,0,0,0,0,1,0
1,0,1,0,65.0,1,1,0,1,0,0,0,1,1,90.65,0.0,0.0,0.0,365.0,2.0,50.1,64.4,1.0,1.0,0.5,2,1,0.5,16.01,32.02,85.43,91.24615384615385,-0.89,0.0,2,2,0,1,0,0,1,0
0,0,1,1,45.0,0,0,1,0,0,0,1,1,1,50.9,3.0,171.0,1.0,262.0,0.0,0.0,0.0,0.0,0.0,0.0,1,0,0.0,0.0,0.0,106.56,51.86333333333333,-7.16,3.0,3,1,0,0,0,0,0,0
1,0,0,0,42.0,1,1,0,0,0,0,0,0,0,25.05,6.0,46.0,1.0,293.0,1.0,2.1,2.1,1.0,0.0,1.0,1,0,0.0,0.0,0.0,111.86,22.61547619047619,3.98,6.0,0,0,1,0,1,0,1,0
1,0,0,0,8.0,1,1,0,0,0,0,0,0,1,91.75,0.0,0.0,0.0,365.0,0.0,0.0,0.0,0.0,0.0,0.0,1,0,0.0,0.0,0.0,41.72,71.55625,0.21,0.0,0,2,0,1,0,0,1,0
1,0,0,1,32.0,1,0,0,0,0,0,0,0,0,20.5,5.0,128.0,1.0,89.0,0.0,0.0,0.0,0.0,0.0,0.0,2,0,0.0,0.0,0.0,59.56,21.775,-0.57,5.0,0,0,2,0,1,0,0,1
0,1,1,0,22.0,1,1,1,1,0,1,0,0,1,63.55,0.0,0.0,0.0,365.0,0.0,0.0,0.0,0.0,0.0,0.0,3,0,0.0,0.0,0.0,67.43,62.809090909090905,5.49,0.0,3,1,0,0,0,0,0,1
1,1,1,0,57.0,0,0,0,0,0,0,1,1,1,44.85,0.0,0.0,0.0,365.0,0.0,0.0,0.0,0.0,0.0,0.0,1,0,0.0,0.0,0.0,94.73,45.13947368421052,-13.21,0.0,2,1,0,0,0,0,1,0
1,0,0,0,1.0,1,0,1,0,0,0,0,0,0,47.95,3.0,100.0,1.0,238.0,0.0,0.0,0.0,0.0,0.0,0.0,3,0,0.0,0.0,0.0,36.51,47.95,-10.11,3.0,1,2,0,0,0,0,1,0
1,1,0,0,1.0,1,0,0,0,0,0,0,0,0,45.1,0.0,0.0,0.0,365.0,0.0,0.0,0.0,0.0,0.0,0.0,3,1,0.33,6.77,20.31,43.38,45.1,-12.96,0.0,0,3,0,0,0,0,1,0
0,0,1,0,1.0,1,0,0,0,0,0,0,0,1,45.0,5.0,38.0,1.0,128.0,0.0,0.0,0.0,0.0,0.0,0.0,2,1,0.5,18.02,36.03,72.55,45.0,-13.06,5.0,0,3,0,0,0,0,1,0
1,0,0,0,24.0,1,0,0,0,0,1,1,1,1,96.0,0.0,0.0,0.0,365.0,0.0,0.0,0.0,0.0,0.0,0.0,2,0,0.0,0.0,0.0,74.26,88.43541666666665,4.46,0.0,3,1,0,1,0,0,1,0
1,0,0,0,1.0,1,0,0,0,0,0,0,0,0,20.05,0.0,0.0,0.0,365.0,0.0,0.0,0.0,0.0,0.0,0.0,2,1,0.5,7.03,14.06,101.4,20.05,-1.02,0.0,0,3,0,0,1,0,0,0
1,1,0,0,54.0,1,1,0,1,0,0,0,1,1,90.05,0.0,0.0,0.0,365.0,0.0,0.0,0.0,0.0,0.0,0.0,1,0,0.0,0.0,0.0,93.46,91.32962962962964,-1.49,0.0,2,1,0,1,0,0,1,0
0,0,0,0,4.0,1,1,0,0,0,0,0,0,1,25.3,0.0,0.0,0.0,365.0,0.0,0.0,0.0,0.0,0.0,0.0,1,0,0.0,0.0,0.0,72.02,29.2375,4.23,0.0,0,1,2,0,1,1,0,0
1,0,1,1,65.0,1,1,1,0,1,1,1,1,0,108.65,0.0,0.0,0.0,365.0,0.0,0.0,0.0,0.0,0.0,0.0,1,0,0.0,0.0,0.0,58.24,106.7376923076923,17.11,0.0,5,0,2,1,0,0,0,0
0,0,1,0,56.0,1,1,0,0,0,0,0,0,0,24.3,0.0,0.0,0.0,365.0,0.0,0.0,0.0,0.0,0.0,0.0,3,0,0.0,0.0,0.0,70.49,22.530357142857145,3.23,0.0,0,0,1,0,1,0,1,0
1,0,0,0,45.0,1,0,1,0,1,0,1,1,1,75.95,14.0,213.0,2.0,22.0,1.0,68.6,68.6,0.0,0.0,0.0,3,0,0.0,0.0,0.0,49.1,72.75111111111111,17.89,7.0,4,1,0,0,0,0,1,0
0,0,1,1,71.0,1,0,0,0,0,0,0,0,0,19.7,0.0,0.0,0.0,365.0,0.0,0.0,0.0,0.0,0.0,0.0,2,1,0.5,26.76,53.51,97.62,19.941549295774646,-1.37,0.0,0,1,2,0,1,1,0,0
1,0,1,0,59.0,1,0,1,1,1,0,1,0,0,66.4,0.0,0.0,0.0,365.0,0.0,0.0,0.0,0.0,0.0,0.0,1,0,0.0,0.0,0.0,67.13,67.08813559322033,8.34,0.0,4,0,1,0,0,1,0,0
1,0,0,0,69.0,0,0,0,1,1,0,0,0,1,35.75,0.0,0.0,0.0,365.0,0.0,0.0,0.0,0.0,0.0,0.0,1,0,0.0,0.0,0.0,37.33,36.119565217391305,-22.31,0.0,2,0,1,0,0,0,0,0
1,0,0,0,19.0,1,0,0,0,0,0,0,0,0,18.8,0.0,0.0,0.0,365.0,0.0,0.0,0.0,0.0,0.0,0.0,3,0,0.0,0.0,0.0,74.91,14.694736842105263,-2.27,0.0,0,0,1,0,1,0,0,1
0,0,1,1,55.0,1,0,0,0,0,0,0,0,0,19.4,6.0,254.0,1.0,277.0,0.0,0.0,0.0,0.0,0.0,0.0,1,0,0.0,0.0,0.0,96.7,19.69090909090909,-1.67,6.0,0,0,2,0,1,1,0,0
0,0,0,0,38.0,1,0,0,0,0,0,0,0,0,19.3,2.0,55.0,1.0,177.0,0.0,0.0,0.0,0.0,0.0,0.0,1,0,0.0,0.0,0.0,42.59,19.88157894736842,-1.77,2.0,0,0,1,0,1,0,0,1
1,0,0,0,10.0,1,0,0,0,0,0,0,0,1,45.55,0.0,0.0,0.0,365.0,0.0,0.0,0.0,0.0,0.0,0.0,2,0,0.0,0.0,0.0,79.54,40.260000000000005,-12.51,0.0,0,2,0,0,0,0,1,0
0,1,1,0,47.0,1,1,1,1,1,0,0,0,1,67.45,0.0,0.0,0.0,365.0,0.0,0.0,0.0,0.0,0.0,0.0,2,1,0.5,2.2,4.41,58.66,69.19148936170212,9.39,0.0,3,2,0,0,0,1,0,0
0,0,1,0,2.0,0,0,0,0,0,0,0,1,1,35.1,0.0,0.0,0.0,365.0,1.0,4.3,4.3,1.0,0.0,1.0,1,0,0.0,0.0,0.0,31.56,34.375,-22.96,0.0,1,2,0,0,0,0,1,0
1,0,0,0,1.0,1,0,0,0,0,0,0,0,0,46.2,0.0,0.0,0.0,365.0,0.0,0.0,0.0,0.0,0.0,0.0,1,0,0.0,0.0,0.0,62.89,46.2,-11.86,0.0,0,2,0,0,0,1,0,0
0,0,0,0,1.0,1,0,0,0,0,0,0,0,0,45.15,0.0,0.0,0.0,365.0,0.0,0.0,0.0,0.0,0.0,0.0,1,0,0.0,0.0,0.0,70.88,45.15,-12.91,0.0,0,2,0,0,0,0,1,0
1,1,0,0,1.0,0,0,0,1,1,0,0,1,1,43.3,0.0,0.0,0.0,365.0,0.0,0.0,0.0,0.0,0.0,0.0,2,0,0.0,0.0,0.0,45.64,43.3,-14.76,0.0,3,2,0,0,0,0,1,0
1,0,1,1,46.0,1,0,0,0,0,0,0,0,1,20.1,3.0,241.0,1.0,151.0,0.0,0.0,0.0,0.0,0.0,0.0,2,0,0.0,0.0,0.0,37.22,20.366304347826087,-0.97,3.0,0,0,2,0,1,0,0,1
0,1,0,0,38.0,1,0,1,1,0,0,0,0,1,57.15,0.0,0.0,0.0,365.0,0.0,0.0,0.0,0.0,0.0,0.0,2,0,0.0,0.0,0.0,59.1,59.227631578947374,-0.91,0.0,2,1,0,0,0,1,0,0
0,0,1,0,65.0,1,0,1,0,1,1,0,0,0,58.9,0.0,0.0,0.0,365.0,1.0,7.7,7.7,0.0,1.0,0.0,3,0,0.0,0.0,0.0,84.57,59.339999999999996,0.84,0.0,3,0,2,0,0,1,0,0
0,0,1,0,19.0,1,0,1,0,0,0,0,0,1,73.2,0.0,0.0,0.0,365.0,0.0,0.0,0.0,0.0,0.0,0.0,3,1,0.33,1.27,3.8,49.75,75.84736842105262,-18.34,0.0,1,2,0,1,0,0,1,0
1,0,0,0,52.0,1,0,0,1,0,0,0,1,1,85.35,0.0,0.0,0.0,365.0,0.0,0.0,0.0,0.0,0.0,0.0,2,0,0.0,0.0,0.0,55.38,83.4346153846154,-6.19,0.0,2,1,0,1,0,0,1,0
1,0,1,1,71.0,1,0,0,0,0,0,0,0,0,19.45,0.0,0.0,0.0,365.0,0.0,0.0,0.0,0.0,0.0,0.0,3,0,0.0,0.0,0.0,71.39,19.414788732394367,-1.62,0.0,0,0,2,0,1,0,0,1
0,0,0,0,1.0,1,0,0,0,0,0,0,0,0,45.95,14.0,60.0,2.0,235.0,1.0,3.7,3.7,0.0,1.0,0.0,3,1,0.33,0.82,2.45,73.52,45.95,-12.11,7.0,0,3,0,0,0,0,0,1
0,1,0,0,12.0,0,0,0,1,1,1,1,0,1,50.5,4.0,72.0,1.0,236.0,0.0,0.0,0.0,0.0,0.0,0.0,1,0,0.0,0.0,0.0,98.55,213.85833333333335,-7.56,4.0,4,1,0,0,0,0,1,0
1,0,1,0,6.0,1,1,0,0,0,0,0,0,0,25.1,0.0,0.0,0.0,365.0,1.0,32.0,32.0,0.0,1.0,0.0,3,1,0.33,6.21,18.63,58.04,28.5,4.03,0.0,0,2,1,0,1,0,0,1
0,1,1,0,26.0,1,0,0,0,1,0,0,1,0,60.7,6.0,102.0,1.0,212.0,0.0,0.0,0.0,0.0,0.0,0.0,1,0,0.0,0.0,0.0,61.32,61.43846153846154,2.64,6.0,2,0,1,0,0,0,0,1
1,1,0,0,48.0,1,1,0,1,0,0,1,1,1,99.0,0.0,0.0,0.0,365.0,0.0,0.0,0.0,0.0,0.0,0.0,1,0,0.0,0.0,0.0,99.09,98.840625,7.46,0.0,3,0,1,1,0,0,1,0
0,0,1,1,64.0,1,1,1,0,0,1,1,1,1,104.4,7.0,215.0,1.0,331.0,0.0,0.0,0.0,0.0,0.0,0.0,3,0,0.0,0.0,0.0,64.96,105.025,12.86,7.0,4,0,1,1,0,0,0,0
0,0,0,0,3.0,1,0,0,1,0,0,1,0,0,83.75,0.0,0.0,0.0,365.0,0.0,0.0,0.0,0.0,0.0,0.0,1,0,0.0,0.0,0.0,109.66,82.41666666666667,-7.79,0.0,2,2,0,1,0,0,1,0
1,0,0,0,1.0,1,0,0,0,0,0,0,0,1,44.05,0.0,0.0,0.0,365.0,0.0,0.0,0.0,0.0,0.0,0.0,2,0,0.0,0.0,0.0,76.25,44.05,-14.01,0.0,0,2,0,0,0,0,0,0
1,0,1,1,72.0,1,1,0,0,0,0,0,0,0,20.15,0.0,0.0,0.0,365.0,0.0,0.0,0.0,0.0,0.0,0.0,1,0,0.0,0.0,0.0,35.58,24.092361111111114,-0.92,0.0,0,0,2,0,1,1,0,0
1,0,0,0,12.0,1,0,0,0,0,0,0,0,1,45.55,4.0,229.0,1.0,222.0,0.0,0.0,0.0,0.0,0.0,0.0,1,0,0.0,0.0,0.0,79.43,3.795833333333333,-12.51,4.0,0,1,0,0,0,0,0,1
0,0,1,1,51.0,1,1,1,1,0,0,0,1,1,93.8,0.0,0.0,0.0,365.0,0.0,0.0,0.0,0.0,0.0,0.0,3,0,0.0,0.0,0.0,89.61,89.00686274509805,2.26,0.0,3,1,0,1,0,0,1,0
0,0,1,1,41.0,1,0,0,0,0,0,0,0,0,19.7,0.0,0.0,0.0,365.0,0.0,0.0,0.0,0.0,0.0,0.0,3,1,0.33,10.68,32.05,71.46,19.615853658536587,-1.37,0.0,0,1,2,0,1,0,0,0
0,0,1,1,72.0,1,0,1,1,1,0,1,0,1,70.65,3.0,104.0,1.0,319.0,0.0,0.0,0.0,0.0,0.0,0.0,1,0,0.0,0.0,0.0,119.55,69.59930555555555,12.59,3.0,4,0,2,0,0,1,0,0
0,0,1,0,43.0,1,1,1,1,0,1,1,1,0,86.45,0.0,0.0,0.0,365.0,0.0,0.0,0.0,0.0,0.0,0.0,3,1,0.33,7.38,22.13,48.81,83.12790697674419,28.39,0.0,5,1,2,0,0,1,0,0
1,0,1,0,72.0,1,1,1,1,1,1,1,1,1,114.1,2.0,263.0,1.0,314.0,0.0,0.0,0.0,0.0,0.0,0.0,2,1,0.5,10.62,21.25,79.05,112.3111111111111,22.56,2.0,6,1,2,1,0,1,0,0
1,0,1,0,47.0,1,1,0,0,0,0,1,1,1,95.2,10.0,188.0,1.0,319.0,0.0,0.0,0.0,0.0,0.0,0.0,1,0,0.0,0.0,0.0,46.32,97.08510638297872,3.66,10.0,2,0,1,1,0,1,0,0
1,0,0,0,72.0,1,1,1,1,1,1,1,1,0,88.55,0.0,0.0,0.0,365.0,0.0,0.0,0.0,0.0,0.0,0.0,1,1,1.0,21.29,21.29,99.16,88.36597222222223,30.49,0.0,6,1,2,0,0,1,0,0
1,0,0,0,3.0,1,0,0,0,0,0,0,0,1,20.75,0.0,0.0,0.0,365.0,1.0,71.2,71.2,0.0,1.0,0.0,1,0,0.0,0.0,0.0,46.38,22.366666666666664,-0.32,0.0,0,2,0,0,1,1,0,0
1,0,0,0,1.0,1,0,0,0,0,0,0,0,1,70.05,3.0,108.0,1.0,134.0,0.0,0.0,0.0,0.0,0.0,0.0,3,1,0.33,3.8,11.39,39.95,70.05,-21.49,3.0,0,3,0,1,0,0,1,0
1,0,0,0,2.0,1,1,0,0,0,0,0,1,1,86.0,17.0,108.5,2.0,246.0,0.0,0.0,0.0,0.0,0.0,0.0,1,0,0.0,0.0,0.0,39.74,82.725,-5.54,8.5,1,2,0,1,0,0,1,0
1,0,0,0,26.0,0,0,1,1,0,0,0,1,1,44.65,0.0,0.0,0.0,365.0,0.0,0.0,0.0,0.0,0.0,0.0,3,0,0.0,0.0,0.0,79.04,44.482692307692304,-13.41,0.0,3,1,0,0,0,0,0,0
1,0,1,1,12.0,1,0,1,0,0,0,0,1,1,60.2,0.0,0.0,0.0,365.0,1.0,12.8,12.8,1.0,0.0,1.0,2,0,0.0,0.0,0.0,58.18,152.84583333333333,2.14,0.0,2,1,0,0,0,0,0,1
0,1,1,0,35.0,1,1,1,1,0,1,1,0,1,100.5,0.0,0.0,0.0,365.0,1.0,14.0,14.0,1.0,0.0,1.0,1,1,1.0,4.55,4.55,79.03,104.38142857142857,8.96,0.0,4,2,0,1,0,0,0,0
1,0,0,0,27.0,1,0,1,1,0,0,0,0,0,55.45,0.0,0.0,0.0,365.0,1.0,13.1,13.1,1.0,0.0,1.0,3,1,0.33,11.01,33.04,61.95,54.72777777777778,-2.61,0.0,2,1,1,0,0,0,0,0
1,0,1,1,24.0,1,0,1,1,0,1,0,1,1,70.3,0.0,0.0,0.0,365.0,0.0,0.0,0.0,0.0,0.0,0.0,2,0,0.0,0.0,0.0,78.94,71.10208333333334,12.24,0.0,4,1,0,0,0,1,0,0
1,0,1,1,67.0,1,0,1,0,1,1,0,0,1,60.4,0.0,0.0,0.0,365.0,0.0,0.0,0.0,0.0,0.0,0.0,1,0,0.0,0.0,0.0,74.51,59.01044776119403,2.34,0.0,3,0,2,0,0,0,0,0
0,0,0,0,16.0,1,1,0,0,0,0,0,0,0,72.65,0.0,0.0,0.0,365.0,0.0,0.0,0.0,0.0,0.0,0.0,3,0,0.0,0.0,0.0,71.89,74.64375,-18.89,0.0,0,1,0,1,0,0,1,0
0,0,0,0,23.0,1,0,0,1,1,0,0,0,0,55.8,0.0,0.0,0.0,365.0,1.0,2.0,2.0,0.0,0.0,0.0,1,0,0.0,0.0,0.0,87.91,57.73260869565217,-2.26,0.0,2,0,1,0,0,0,0,0
1,0,0,0,14.0,0,0,0,1,0,0,0,0,1,31.1,0.0,0.0,0.0,365.0,1.0,1.0,1.0,0.0,1.0,0.0,2,0,0.0,0.0,0.0,68.09,29.978571428571428,-26.96,0.0,1,1,0,0,0,0,0,1
0,0,1,1,1.0,1,0,0,0,0,0,0,0,1,21.0,0.0,0.0,0.0,365.0,1.0,41.0,41.0,0.0,0.0,0.0,2,0,0.0,0.0,0.0,93.32,21.0,-0.07,0.0,0,2,0,0,1,0,1,0
0,1,0,0,1.0,1,0,0,0,0,0,0,0,0,45.1,12.0,240.0,2.0,70.0,0.0,0.0,0.0,0.0,0.0,0.0,2,0,0.0,0.0,0.0,63.96,45.1,-12.96,6.0,0,2,0,0,0,0,0,1
1,1,0,0,4.0,0,0,0,1,0,0,1,1,1,50.95,0.0,0.0,0.0,365.0,0.0,0.0,0.0,0.0,0.0,0.0,1,0,0.0,0.0,0.0,103.11,51.8375,-7.11,0.0,3,2,0,0,0,1,0,0
1,0,0,1,16.0,1,1,1,1,0,0,0,1,1,69.1,5.0,107.0,1.0,89.0,0.0,0.0,0.0,0.0,0.0,0.0,2,1,0.5,11.39,22.78,78.55,67.73125,11.04,5.0,3,2,0,0,0,0,1,0
0,0,1,0,46.0,0,0,0,0,0,0,1,1,1,43.95,3.0,252.0,1.0,193.0,1.0,5.1,5.1,0.0,1.0,0.0,2,0,0.0,0.0,0.0,55.1,43.64891304347826,-14.11,3.0,2,1,0,0,0,0,1,0
1,0,0,1,68.0,1,1,1,1,0,1,1,1,1,86.5,0.0,0.0,0.0,365.0,0.0,0.0,0.0,0.0,0.0,0.0,2,0,0.0,0.0,0.0,52.3,86.51102941176471,28.44,0.0,5,0,2,0,0,0,0,0
1,0,0,0,38.0,1,1,1,1,1,1,0,0,0,69.95,5.0,229.0,1.0,131.0,0.0,0.0,0.0,0.0,0.0,0.0,3,0,0.0,0.0,0.0,80.94,69.93552631578947,11.89,5.0,4,1,0,0,0,0,1,0
1,1,1,0,30.0,1,0,0,1,0,0,0,0,1,50.4,5.0,250.0,1.0,345.0,0.0,0.0,0.0,0.0,0.0,0.0,2,1,0.5,11.28,22.55,73.46,50.916666666666664,-7.66,5.0,1,2,0,0,0,0,0,0
0,1,0,0,5.0,1,0,0,0,0,0,0,1,0,78.95,0.0,0.0,0.0,365.0,0.0,0.0,0.0,0.0,0.0,0.0,2,0,0.0,0.0,0.0,69.15,75.67999999999999,-12.59,0.0,1,2,0,1,0,0,1,0
1,0,0,0,17.0,1,0,0,1,1,0,0,1,1,90.95,9.0,165.0,1.0,340.0,0.0,0.0,0.0,0.0,0.0,0.0,1,0,0.0,0.0,0.0,50.11,94.83529411764707,-0.59,9.0,3,1,0,1,0,1,0,0
1,0,1,1,4.0,1,0,0,0,0,0,0,0,0,19.9,0.0,0.0,0.0,365.0,0.0,0.0,0.0,0.0,0.0,0.0,3,1,0.33,4.93,14.79,67.71,19.1625,-1.17,0.0,0,2,2,0,1,0,0,1
0,0,0,0,12.0,1,0,0,0,0,0,0,0,0,20.15,0.0,0.0,0.0,365.0,0.0,0.0,0.0,0.0,0.0,0.0,3,1,0.33,1.61,4.82,54.37,21.724999999999998,-0.92,0.0,0,1,1,0,1,0,1,0
1,0,1,1,72.0,1,1,1,1,1,1,1,1,1,90.6,0.0,0.0,0.0,365.0,0.0,0.0,0.0,0.0,0.0,0.0,3,0,0.0,0.0,0.0,73.34,89.4701388888889,32.54,0.0,6,0,2,0,0,1,0,0
1,0,0,0,3.0,1,0,0,0,0,0,1,1,1,92.0,3.0,7.0,1.0,170.0,0.0,0.0,0.0,0.0,0.0,0.0,1,0,0.0,0.0,0.0,33.85,88.93333333333334,0.46,3.0,2,2,0,1,0,0,1,0
1,0,0,0,56.0,1,1,0,1,0,1,0,1,1,94.45,0.0,0.0,0.0,365.0,0.0,0.0,0.0,0.0,0.0,0.0,1,0,0.0,0.0,0.0,61.15,91.51071428571429,2.91,0.0,3,1,0,1,0,0,1,0
0,0,0,0,41.0,1,1,0,0,0,0,0,0,1,24.85,0.0,0.0,0.0,365.0,0.0,0.0,0.0,0.0,0.0,0.0,1,0,0.0,0.0,0.0,90.58,23.46951219512195,3.78,0.0,0,0,1,0,1,0,0,1
1,0,0,0,40.0,0,0,0,1,0,1,0,0,0,36.0,0.0,0.0,0.0,365.0,1.0,6.8,6.8,1.0,0.0,1.0,2,0,0.0,0.0,0.0,50.14,34.572500000000005,-22.06,0.0,2,0,1,0,0,1,0,0
0,0,0,0,7.0,1,0,1,1,0,1,1,1,1,78.5,0.0,0.0,0.0,365.0,0.0,0.0,0.0,0.0,0.0,0.0,3,0,0.0,0.0,0.0,102.16,81.57857142857142,20.44,0.0,5,2,0,0,0,0,1,0
1,0,0,0,69.0,1,0,0,0,0,0,0,0,0,19.95,0.0,0.0,0.0,365.0,0.0,0.0,0.0,0.0,0.0,0.0,2,1,0.5,15.28,30.56,68.35,20.280434782608694,-1.12,0.0,0,1,2,0,1,1,0,0
1,0,1,1,7.0,1,0,0,0,0,0,0,0,0,20.65,0.0,0.0,0.0,365.0,0.0,0.0,0.0,0.0,0.0,0.0,2,1,0.5,5.54,11.08,49.08,21.428571428571427,-0.42,0.0,0,2,1,0,1,0,0,1
0,0,1,1,5.0,0,0,0,1,0,0,0,0,1,30.5,0.0,0.0,0.0,365.0,0.0,0.0,0.0,0.0,0.0,0.0,2,0,0.0,0.0,0.0,112.09,33.44,-27.56,0.0,1,2,0,0,0,0,1,0
0,0,1,1,72.0,1,1,1,1,1,1,1,0,0,106.1,0.0,0.0,0.0,365.0,0.0,0.0,0.0,0.0,0.0,0.0,2,0,0.0,0.0,0.0,64.42,106.35277777777777,14.56,0.0,5,0,2,1,0,1,0,0
1,0,1,1,44.0,1,0,0,0,0,0,0,0,1,20.5,0.0,0.0,0.0,365.0,1.0,11.0,11.0,1.0,0.0,1.0,2,0,0.0,0.0,0.0,97.42,19.660227272727273,-0.57,0.0,0,0,1,0,1,0,0,0
0,0,0,0,65.0,1,1,0,1,1,0,1,0,1,95.5,0.0,0.0,0.0,365.0,0.0,0.0,0.0,0.0,0.0,0.0,3,0,0.0,0.0,0.0,84.82,94.6746153846154,3.96,0.0,3,0,1,1,0,0,1,0
0,0,0,0,3.0,1,1,0,0,0,1,1,0,0,64.6,0.0,0.0,0.0,365.0,0.0,0.0,0.0,0.0,0.0,0.0,3,2,0.67,21.07,37.24,79.65,58.06666666666666,6.54,0.0,2,3,0,0,0,0,1,0
1,0,0,0,24.0,1,0,0,0,0,1,0,0,1,51.1,0.0,0.0,0.0,365.0,0.0,0.0,0.0,0.0,0.0,0.0,2,0,0.0,0.0,0.0,48.32,52.9,-6.96,0.0,1,1,0,0,0,1,0,0
0,0,0,0,12.0,1,1,0,1,1,0,0,0,1,91.75,1.0,114.0,1.0,100.0,0.0,0.0,0.0,0.0,0.0,0.0,2,1,0.5,3.06,6.11,59.26,321.87916666666666,0.21,1.0,2,2,0,1,0,0,0,0
0,1,1,0,72.0,1,1,1,1,1,1,1,1,0,89.1,14.0,136.5,2.0,66.0,0.0,0.0,0.0,0.0,0.0,0.0,3,1,0.33,12.12,36.37,103.83,88.22777777777777,31.04,7.0,6,1,2,0,0,1,0,0
1,0,0,0,24.0,1,0,1,0,0,1,0,0,0,54.95,10.0,167.0,1.0,351.0,0.0,0.0,0.0,0.0,0.0,0.0,3,0,0.0,0.0,0.0,45.44,56.1875,-3.11,10.0,2,1,0,0,0,0,1,0
1,0,0,0,1.0,1,0,0,0,1,0,0,0,0,50.9,0.0,0.0,0.0,365.0,0.0,0.0,0.0,0.0,0.0,0.0,3,1,0.33,3.35,10.05,90.35,50.9,-7.16,0.0,1,3,0,0,0,0,0,1
1,0,1,0,22.0,1,0,0,0,0,0,0,0,1,20.45,0.0,0.0,0.0,365.0,1.0,0.9,0.9,0.0,1.0,0.0,3,0,0.0,0.0,0.0,80.24,21.43409090909091,-0.62,0.0,0,1,0,0,1,0,0,0
1,0,1,1,70.0,1,1,0,1,1,1,1,1,1,85.95,0.0,0.0,0.0,365.0,0.0,0.0,0.0,0.0,0.0,0.0,1,0,0.0,0.0,0.0,85.35,84.73928571428571,27.89,0.0,5,0,2,0,0,1,0,0
1,0,1,1,25.0,1,1,0,0,0,0,1,0,0,60.35,8.0,226.0,1.0,188.0,1.0,80.8,80.8,1.0,0.0,1.0,3,0,0.0,0.0,0.0,114.06,56.18600000000001,2.29,8.0,1,1,0,0,0,0,1,0
1,0,1,1,37.0,1,0,0,0,0,0,0,0,0,19.8,0.0,0.0,0.0,365.0,0.0,0.0,0.0,0.0,0.0,0.0,1,0,0.0,0.0,0.0,54.43,19.624324324324323,-1.27,0.0,0,0,2,0,1,0,0,0
0,1,1,1,22.0,1,1,0,0,0,0,1,0,0,85.35,0.0,0.0,0.0,365.0,1.0,25.4,25.4,1.0,0.0,1.0,2,2,1.0,28.04,43.07,63.9,89.16363636363636,-6.19,0.0,1,2,0,1,0,0,0,0
0,0,1,1,59.0,1,1,0,0,1,1,1,0,1,72.1,4.0,295.0,1.0,259.0,1.0,29.1,29.1,1.0,0.0,1.0,3,0,0.0,0.0,0.0,79.12,71.09915254237289,14.04,4.0,3,0,2,0,0,0,0,0
1,0,1,1,49.0,1,1,0,0,1,0,1,1,1,99.8,2.0,45.0,1.0,38.0,0.0,0.0,0.0,0.0,0.0,0.0,2,0,0.0,0.0,0.0,48.16,99.43775510204081,8.26,2.0,3,1,0,1,0,0,1,0
1,0,1,1,47.0,1,1,0,0,1,1,1,1,1,107.35,3.0,214.0,1.0,164.0,0.0,0.0,0.0,0.0,0.0,0.0,3,2,0.67,7.2,18.87,71.8,108.91382978723404,15.81,3.0,4,2,0,1,0,0,0,0
0,0,1,1,31.0,1,0,0,0,0,0,0,0,1,19.55,4.0,17.0,1.0,263.0,0.0,0.0,0.0,0.0,0.0,0.0,1,0,0.0,0.0,0.0,89.9,21.256451612903227,-1.52,4.0,0,1,0,0,1,0,0,1
1,0,1,1,1.0,1,0,0,0,0,0,0,1,1,81.05,16.0,136.0,3.0,23.0,0.0,0.0,0.0,0.0,0.0,0.0,1,0,0.0,0.0,0.0,87.15,81.05,-10.49,5.333,1,2,0,1,0,0,1,0
1,0,0,0,3.0,1,0,0,0,0,0,0,0,1,20.5,0.0,0.0,0.0,365.0,1.0,29.9,29.9,1.0,0.0,1.0,3,0,0.0,0.0,0.0,78.83,25.650000000000002,-0.57,0.0,0,2,0,0,1,0,1,0
0,0,1,0,53.0,1,1,0,1,1,1,1,1,1,111.8,0.0,0.0,0.0,365.0,0.0,0.0,0.0,0.0,0.0,0.0,1,0,0.0,0.0,0.0,50.49,109.61792452830188,20.26,0.0,5,0,1,1,0,0,0,0
1,0,0,0,1.0,1,0,0,0,0,0,0,0,0,20.2,0.0,0.0,0.0,365.0,0.0,0.0,0.0,0.0,0.0,0.0,2,0,0.0,0.0,0.0,69.11,20.2,-0.87,0.0,0,2,0,0,1,0,0,1
1,0,0,0,20.0,1,0,0,0,0,0,0,0,1,19.7,4.0,128.0,1.0,1.0,1.0,2.2,2.2,1.0,0.0,1.0,1,0,0.0,0.0,0.0,41.22,20.794999999999998,-1.37,4.0,0,0,1,0,1,0,0,1
0,0,0,0,3.0,1,0,1,1,0,0,0,0,1,79.1,0.0,0.0,0.0,365.0,0.0,0.0,0.0,0.0,0.0,0.0,3,0,0.0,0.0,0.0,79.16,82.16666666666667,-12.44,0.0,2,2,0,1,0,0,1,0
0,0,0,0,51.0,1,0,0,0,0,0,0,0,1,19.85,5.0,151.0,1.0,335.0,0.0,0.0,0.0,0.0,0.0,0.0,3,0,0.0,0.0,0.0,80.87,19.548039215686277,-1.22,5.0,0,0,1,0,1,0,0,0
0,0,1,0,51.0,1,0,1,1,0,1,0,0,1,60.5,5.0,182.0,1.0,257.0,0.0,0.0,0.0,0.0,0.0,0.0,2,0,0.0,0.0,0.0,48.84,61.66960784313726,2.44,5.0,3,0,1,0,0,0,0,0
0,0,1,1,13.0,1,0,0,0,0,0,0,0,0,19.55,0.0,0.0,0.0,365.0,0.0,0.0,0.0,0.0,0.0,0.0,1,0,0.0,0.0,0.0,75.44,20.407692307692308,-1.52,0.0,0,0,2,0,1,0,0,1
0,0,0,0,1.0,1,0,0,0,0,0,0,0,0,20.9,10.0,205.0,2.0,104.0,1.0,64.3,64.3,0.0,0.0,0.0,3,1,0.33,1.98,5.95,64.82,20.9,-0.17,5.0,0,3,0,0,1,0,0,1
1,0,0,1,1.0,1,0,0,0,0,0,0,0,1,21.05,0.0,0.0,0.0,365.0,0.0,0.0,0.0,0.0,0.0,0.0,1,0,0.0,0.0,0.0,42.74,21.05,-0.02,0.0,0,2,0,0,1,0,0,1
1,0,0,0,63.0,1,1,1,1,1,1,0,0,0,71.5,0.0,0.0,0.0,365.0,0.0,0.0,0.0,0.0,0.0,0.0,1,0,0.0,0.0,0.0,101.24,72.63968253968254,13.44,0.0,4,0,1,0,0,0,1,0
1,0,0,0,3.0,1,0,0,0,0,0,0,1,0,54.65,6.0,167.0,1.0,27.0,1.0,0.7,0.7,1.0,0.0,1.0,1,0,0.0,0.0,0.0,23.08,63.03333333333333,-3.41,6.0,1,2,0,0,0,0,0,1
1,0,0,0,46.0,1,0,0,0,0,0,0,0,0,19.2,0.0,0.0,0.0,365.0,0.0,0.0,0.0,0.0,0.0,0.0,3,0,0.0,0.0,0.0,53.41,19.742391304347827,-1.87,0.0,0,0,2,0,1,1,0,0
1,0,0,0,1.0,1,1,0,0,0,0,0,0,1,49.8,11.0,75.5,2.0,132.0,0.0,0.0,0.0,0.0,0.0,0.0,3,2,0.67,6.85,16.98,65.6,49.8,-8.26,5.5,0,3,0,0,0,1,0,0
1,0,0,1,8.0,0,0,0,0,0,0,0,0,0,25.5,5.0,261.0,1.0,213.0,1.0,9.1,9.1,1.0,0.0,1.0,1,0,0.0,0.0,0.0,104.39,26.9,-32.56,5.0,0,2,0,0,0,0,0,1
0,0,1,1,71.0,1,0,0,0,0,0,0,0,0,20.5,0.0,0.0,0.0,365.0,0.0,0.0,0.0,0.0,0.0,0.0,3,0,0.0,0.0,0.0,39.08,21.140140845070423,-0.57,0.0,0,0,2,0,1,0,0,0
1,0,1,1,55.0,1,1,0,0,1,0,1,0,1,90.4,0.0,0.0,0.0,365.0,1.0,22.4,22.4,1.0,0.0,1.0,3,1,0.33,10.5,31.5,91.13,92.71181818181817,-1.14,0.0,2,2,0,1,0,1,0,0
0,0,0,0,70.0,1,1,0,1,1,1,0,0,1,90.25,0.0,0.0,0.0,365.0,0.0,0.0,0.0,0.0,0.0,0.0,1,1,1.0,24.0,24.0,98.65,91.22785714285715,-1.29,0.0,3,1,1,1,0,0,0,0
0,0,0,0,2.0,1,0,0,0,0,0,0,1,0,80.75,4.0,111.0,1.0,203.0,0.0,0.0,0.0,0.0,0.0,0.0,1,0,0.0,0.0,0.0,98.74,79.725,-10.79,4.0,1,2,0,1,0,0,1,0
1,0,1,1,67.0,1,1,1,0,0,1,1,1,0,104.6,0.0,0.0,0.0,365.0,0.0,0.0,0.0,0.0,0.0,0.0,1,0,0.0,0.0,0.0,74.85,102.7723880597015,13.06,0.0,4,0,2,1,0,0,0,0
1,0,1,0,65.0,1,1,0,1,0,0,1,0,1,91.85,0.0,0.0,0.0,365.0,0.0,0.0,0.0,0.0,0.0,0.0,1,0,0.0,0.0,0.0,34.84,91.39769230769231,0.31,0.0,2,1,0,1,0,0,0,0
1,0,1,0,14.0,1,0,0,0,1,0,0,0,0,50.2,4.0,289.0,1.0,108.0,0.0,0.0,0.0,0.0,0.0,0.0,2,0,0.0,0.0,0.0,62.61,47.775,-7.86,4.0,1,1,0,0,0,1,0,0
0,0,1,1,20.0,1,1,0,0,1,1,0,1,1,95.5,0.0,0.0,0.0,365.0,0.0,0.0,0.0,0.0,0.0,0.0,2,0,0.0,0.0,0.0,83.72,95.81,3.96,0.0,3,1,0,1,0,0,0,0
1,0,0,1,1.0,1,0,0,1,0,0,0,0,1,75.35,0.0,0.0,0.0,365.0,0.0,0.0,0.0,0.0,0.0,0.0,2,0,0.0,0.0,0.0,84.68,75.35,-16.19,0.0,1,2,0,1,0,0,1,0
1,0,0,0,1.0,1,1,0,0,0,0,0,0,1,75.45,0.0,0.0,0.0,365.0,0.0,0.0,0.0,0.0,0.0,0.0,3,1,0.33,3.45,10.36,47.12,75.45,-16.09,0.0,0,3,0,1,0,0,1,0
0,0,1,1,49.0,1,1,0,0,0,0,1,1,1,95.4,6.0,155.0,1.0,76.0,0.0,0.0,0.0,0.0,0.0,0.0,3,0,0.0,0.0,0.0,61.79,94.16224489795918,3.86,6.0,2,1,0,1,0,0,0,0
0,0,0,0,72.0,1,1,1,1,1,0,1,0,1,91.75,0.0,0.0,0.0,365.0,0.0,0.0,0.0,0.0,0.0,0.0,1,0,0.0,0.0,0.0,33.72,100.85069444444444,0.21,0.0,4,0,2,1,0,0,0,0
0,0,1,0,46.0,1,1,1,0,0,0,0,0,0,53.1,5.0,253.0,1.0,320.0,0.0,0.0,0.0,0.0,0.0,0.0,3,1,0.33,10.68,32.05,60.7,53.47391304347826,-4.96,5.0,1,2,0,0,0,0,1,0
1,0,0,0,24.0,1,1,0,1,1,0,0,0,1,84.85,2.0,99.0,1.0,70.0,1.0,5.5,5.5,1.0,0.0,1.0,3,0,0.0,0.0,0.0,86.37,85.36666666666667,-6.69,2.0,2,1,0,1,0,0,0,0
0,0,1,1,5.0,0,0,0,1,0,1,0,0,0,34.25,0.0,0.0,0.0,365.0,0.0,0.0,0.0,0.0,0.0,0.0,1,0,0.0,0.0,0.0,35.44,32.71,-23.81,0.0,2,2,0,0,0,0,1,0
0,0,1,1,33.0,1,1,0,1,1,1,0,0,0,88.6,0.0,0.0,0.0,365.0,0.0,0.0,0.0,0.0,0.0,0.0,2,0,0.0,0.0,0.0,80.63,87.53636363636363,-2.94,0.0,3,1,0,1,0,1,0,0
0,0,0,0,42.0,1,1,1,1,0,0,0,0,1,60.15,0.0,0.0,0.0,365.0,0.0,0.0,0.0,0.0,0.0,0.0,3,0,0.0,0.0,0.0,102.41,57.65714285714286,2.09,0.0,2,0,1,0,0,0,0,0
1,0,0,0,23.0,1,0,1,0,1,0,1,1,1,99.95,0.0,0.0,0.0,365.0,0.0,0.0,0.0,0.0,0.0,0.0,1,0,0.0,0.0,0.0,93.38,99.68478260869566,8.41,0.0,4,0,1,1,0,1,0,0
1,0,0,0,8.0,1,0,0,0,0,0,0,0,0,70.7,0.0,0.0,0.0,365.0,0.0,0.0,0.0,0.0,0.0,0.0,3,0,0.0,0.0,0.0,57.72,69.175,-20.84,0.0,0,2,0,1,0,0,0,0
1,0,0,0,66.0,1,0,1,1,0,0,0,0,1,56.15,0.0,0.0,0.0,365.0,0.0,0.0,0.0,0.0,0.0,0.0,3,0,0.0,0.0,0.0,67.34,52.51060606060606,-1.91,0.0,2,0,1,0,0,0,0,1
1,0,0,0,12.0,1,0,1,0,0,0,0,0,1,49.55,0.0,0.0,0.0,365.0,1.0,11.6,11.6,0.0,1.0,0.0,3,0,0.0,0.0,0.0,93.63,100.86666666666667,-8.51,0.0,1,1,0,0,0,0,0,0
1,1,0,0,24.0,1,1,0,1,0,0,0,0,0,54.8,6.0,245.0,1.0,183.0,0.0,0.0,0.0,0.0,0.0,0.0,2,1,0.5,10.13,20.26,74.84,53.80416666666667,-3.26,6.0,1,2,0,0,0,1,0,0
1,0,0,0,69.0,1,1,1,1,1,1,0,1,1,78.6,0.0,0.0,0.0,365.0,0.0,0.0,0.0,0.0,0.0,0.0,3,0,0.0,0.0,0.0,102.05,77.62971014492753,20.54,0.0,5,0,1,0,0,1,0,0
0,0,0,0,53.0,1,0,0,1,1,0,1,1,1,100.3,0.0,0.0,0.0,365.0,0.0,0.0,0.0,0.0,0.0,0.0,3,2,0.67,4.26,9.42,46.1,98.12830188679246,8.76,0.0,4,1,1,1,0,0,0,1
0,0,0,0,60.0,0,0,1,0,1,0,1,1,0,53.6,0.0,0.0,0.0,365.0,0.0,0.0,0.0,0.0,0.0,0.0,2,0,0.0,0.0,0.0,93.88,53.950833333333335,-4.46,0.0,4,0,2,0,0,0,1,0
0,0,1,0,7.0,1,0,0,0,0,0,1,0,1,81.1,8.0,171.0,2.0,65.0,0.0,0.0,0.0,0.0,0.0,0.0,2,0,0.0,0.0,0.0,75.03,82.37857142857142,-10.44,4.0,1,2,0,1,0,0,1,0
0,0,0,0,20.0,1,0,0,0,0,0,0,0,1,19.35,0.0,0.0,0.0,365.0,0.0,0.0,0.0,0.0,0.0,0.0,2,0,0.0,0.0,0.0,97.66,21.6875,-1.72,0.0,0,0,1,0,1,1,0,0
0,0,1,1,23.0,1,1,0,0,0,0,0,1,0,85.6,0.0,0.0,0.0,365.0,0.0,0.0,0.0,0.0,0.0,0.0,1,0,0.0,0.0,0.0,58.99,81.23478260869565,-5.94,0.0,1,1,0,1,0,0,1,0
1,0,1,1,72.0,1,0,1,0,1,1,1,1,1,80.8,0.0,0.0,0.0,365.0,0.0,0.0,0.0,0.0,0.0,0.0,2,1,0.5,5.46,10.91,51.68,79.56319444444445,22.74,0.0,5,1,2,0,0,0,1,0
1,0,1,0,11.0,1,1,0,0,0,0,0,0,1,91.75,0.0,0.0,0.0,365.0,0.0,0.0,0.0,0.0,0.0,0.0,3,1,0.33,5.95,17.84,64.25,75.06363636363636,0.21,0.0,0,3,0,1,0,0,1,0
1,0,0,0,21.0,1,0,0,0,0,0,0,0,0,19.6,4.0,217.0,1.0,335.0,1.0,13.8,13.8,0.0,1.0,0.0,1,0,0.0,0.0,0.0,62.29,18.59047619047619,-1.47,4.0,0,0,2,0,1,0,0,1
1,1,0,0,1.0,1,1,0,0,0,0,1,1,1,93.55,9.0,125.5,2.0,185.0,0.0,0.0,0.0,0.0,0.0,0.0,2,0,0.0,0.0,0.0,102.18,93.55,2.01,4.5,2,2,0,1,0,0,1,0
1,1,0,0,31.0,1,1,0,1,0,0,1,0,1,90.7,5.0,186.0,1.0,201.0,1.0,23.6,23.6,0.0,1.0,0.0,2,1,0.5,19.8,39.6,86.75,91.77903225806452,-0.84,5.0,2,2,0,1,0,0,1,0
0,0,0,0,57.0,1,0,0,1,1,1,1,0,0,69.75,0.0,0.0,0.0,365.0,0.0,0.0,0.0,0.0,0.0,0.0,2,1,0.5,3.9,7.81,49.7,68.32280701754387,11.69,0.0,4,1,2,0,0,0,0,1
0,0,1,1,45.0,1,0,0,0,0,0,0,0,1,20.0,0.0,0.0,0.0,365.0,0.0,0.0,0.0,0.0,0.0,0.0,1,0,0.0,0.0,0.0,106.41,19.697777777777777,-1.07,0.0,0,0,2,0,1,0,0,0
1,0,0,0,10.0,1,1,0,1,1,0,0,1,1,95.25,5.0,182.0,1.0,112.0,1.0,4.0,4.0,0.0,1.0,0.0,3,0,0.0,0.0,0.0,93.62,102.155,3.71,5.0,3,2,0,1,0,0,1,0
0,0,1,0,58.0,1,1,0,0,1,1,1,1,1,102.1,0.0,0.0,0.0,365.0,1.0,34.0,34.0,1.0,0.0,1.0,3,0,0.0,0.0,0.0,43.89,101.47241379310344,10.56,0.0,4,1,0,1,0,1,0,0
1,0,0,1,14.0,1,0,0,0,0,0,0,0,0,19.95,2.0,169.0,1.0,6.0,0.0,0.0,0.0,0.0,0.0,0.0,1,0,0.0,0.0,0.0,95.85,19.17142857142857,-1.12,2.0,0,1,0,0,1,0,0,1
1,0,1,0,27.0,1,1,1,0,0,1,1,1,0,80.85,0.0,0.0,0.0,365.0,0.0,0.0,0.0,0.0,0.0,0.0,2,0,0.0,0.0,0.0,62.28,81.64259259259259,22.79,0.0,4,0,1,0,0,0,0,1
0,0,1,1,14.0,1,1,0,1,0,0,0,1,1,90.9,5.0,165.0,1.0,319.0,0.0,0.0,0.0,0.0,0.0,0.0,2,0,0.0,0.0,0.0,49.0,89.92857142857143,-0.64,5.0,2,1,0,1,0,0,0,0
0,0,1,1,12.0,0,0,0,1,0,0,0,0,0,29.2,0.0,0.0,0.0,365.0,0.0,0.0,0.0,0.0,0.0,0.0,1,0,0.0,0.0,0.0,43.9,25.758333333333336,-28.86,0.0,1,1,0,0,0,0,0,1
0,0,1,1,69.0,1,1,0,1,0,1,0,1,1,93.3,0.0,0.0,0.0,365.0,0.0,0.0,0.0,0.0,0.0,0.0,3,0,0.0,0.0,0.0,86.1,92.72536231884058,1.76,0.0,3,0,2,1,0,0,0,0
0,0,1,1,25.0,1,0,0,1,1,0,1,0,1,89.15,4.0,31.0,1.0,308.0,0.0,0.0,0.0,0.0,0.0,0.0,1,0,0.0,0.0,0.0,111.62,90.31,-2.39,4.0,3,1,0,1,0,0,0,0
1,1,1,0,58.0,1,1,1,1,1,0,1,1,1,108.85,0.0,0.0,0.0,365.0,0.0,0.0,0.0,0.0,0.0,0.0,1,0,0.0,0.0,0.0,56.59,108.40086206896552,17.31,0.0,5,0,1,1,0,0,1,0
0,0,1,1,35.0,0,0,1,0,0,1,1,0,1,46.35,0.0,0.0,0.0,365.0,0.0,0.0,0.0,0.0,0.0,0.0,2,0,0.0,0.0,0.0,115.22,47.48714285714286,-11.71,0.0,3,0,2,0,0,1,0,0
0,1,0,0,16.0,1,1,0,0,0,0,1,0,1,91.75,0.0,0.0,0.0,365.0,0.0,0.0,0.0,0.0,0.0,0.0,3,2,0.67,19.32,46.34,92.71,84.384375,0.21,0.0,1,2,0,1,0,0,1,0
1,0,1,1,45.0,1,1,0,1,1,0,1,1,0,78.75,0.0,0.0,0.0,365.0,0.0,0.0,0.0,0.0,0.0,0.0,1,0,0.0,0.0,0.0,77.03,80.01444444444445,20.69,0.0,4,0,1,0,0,1,0,0
0,0,0,0,17.0,1,0,0,1,0,0,1,0,1,83.55,0.0,0.0,0.0,365.0,0.0,0.0,0.0,0.0,0.0,0.0,2,0,0.0,0.0,0.0,59.82,78.18529411764706,-7.99,0.0,2,1,0,1,0,0,1,0
0,0,1,1,1.0,1,0,0,0,0,0,0,0,1,45.7,5.0,64.0,1.0,11.0,0.0,0.0,0.0,0.0,0.0,0.0,2,0,0.0,0.0,0.0,96.62,45.7,-12.36,5.0,0,2,0,0,0,0,1,0
1,0,0,0,22.0,1,0,0,0,0,0,0,0,0,19.6,0.0,0.0,0.0,365.0,0.0,0.0,0.0,0.0,0.0,0.0,1,0,0.0,0.0,0.0,54.17,19.204545454545453,-1.47,0.0,0,0,1,0,1,0,0,1
0,1,0,0,1.0,1,0,0,0,0,0,0,0,1,69.95,0.0,0.0,0.0,365.0,0.0,0.0,0.0,0.0,0.0,0.0,1,0,0.0,0.0,0.0,78.84,69.95,-21.59,0.0,0,2,0,1,0,0,1,0
1,0,1,1,67.0,1,0,1,0,1,1,0,1,0,67.85,5.0,207.0,1.0,294.0,0.0,0.0,0.0,0.0,0.0,0.0,2,1,0.5,15.98,31.97,93.46,69.06940298507462,9.79,5.0,4,1,2,0,0,0,0,1
0,0,1,1,67.0,1,1,0,0,1,1,1,1,1,105.65,0.0,0.0,0.0,365.0,0.0,0.0,0.0,0.0,0.0,0.0,2,0,0.0,0.0,0.0,106.32,100.26716417910447,14.11,0.0,4,0,2,1,0,0,0,0
0,0,1,0,2.0,0,0,0,0,0,0,1,1,0,44.6,0.0,0.0,0.0,365.0,0.0,0.0,0.0,0.0,0.0,0.0,2,1,0.5,7.6,15.21,77.16,48.55,-13.46,0.0,2,3,0,0,0,0,1,0
1,0,0,0,23.0,1,1,0,0,0,0,0,0,1,74.95,3.0,216.0,1.0,173.0,0.0,0.0,0.0,0.0,0.0,0.0,2,0,0.0,0.0,0.0,82.7,74.36739130434783,-16.59,3.0,0,1,0,1,0,0,1,0
0,1,0,0,9.0,1,0,0,0,1,0,0,0,0,75.5,5.0,167.0,1.0,221.0,0.0,0.0,0.0,0.0,0.0,0.0,3,1,0.33,11.05,33.15,56.93,70.82222222222222,-16.04,5.0,1,3,0,1,0,1,0,0
0,0,0,0,5.0,1,0,0,0,0,0,0,0,0,20.15,7.0,231.0,1.0,99.0,0.0,0.0,0.0,0.0,0.0,0.0,1,1,1.0,13.97,13.97,29.3,23.59,-0.92,7.0,0,3,0,0,1,0,0,1
1,0,0,0,54.0,0,0,1,0,0,1,1,0,0,45.2,2.0,145.0,1.0,5.0,0.0,0.0,0.0,0.0,0.0,0.0,1,0,0.0,0.0,0.0,50.74,45.56574074074074,-12.86,2.0,3,0,2,0,0,1,0,0
0,0,0,0,57.0,1,0,0,0,1,0,1,1,1,95.25,0.0,0.0,0.0,365.0,0.0,0.0,0.0,0.0,0.0,0.0,3,1,0.33,15.11,45.32,68.73,95.87105263157895,3.71,0.0,3,1,2,1,0,0,1,0
1,0,0,0,24.0,1,1,0,0,1,0,1,0,1,89.85,0.0,0.0,0.0,365.0,0.0,0.0,0.0,0.0,0.0,0.0,1,0,0.0,0.0,0.0,111.75,90.21041666666667,-1.69,0.0,2,1,0,1,0,0,0,1
0,0,1,1,49.0,1,1,0,1,0,0,1,1,0,100.45,2.0,56.0,1.0,282.0,1.0,12.5,12.5,0.0,0.0,0.0,2,0,0.0,0.0,0.0,47.99,100.8530612244898,8.91,2.0,3,0,1,1,0,0,0,1
1,0,0,0,5.0,1,1,0,0,0,0,0,0,0,47.15,3.0,286.0,1.0,114.0,0.0,0.0,0.0,0.0,0.0,0.0,1,0,0.0,0.0,0.0,116.65,44.63,-10.91,3.0,0,2,0,0,0,0,1,0
1,0,0,0,2.0,1,0,0,0,0,0,0,1,1,80.2,13.0,219.5,2.0,104.0,1.0,26.1,26.1,0.0,1.0,0.0,2,0,0.0,0.0,0.0,93.51,90.55,-11.34,6.5,1,2,0,1,0,0,1,0
0,0,0,1,4.0,1,1,0,0,1,1,0,0,1,87.1,0.0,0.0,0.0,365.0,0.0,0.0,0.0,0.0,0.0,0.0,3,0,0.0,0.0,0.0,75.51,85.3625,-4.44,0.0,2,2,0,1,0,0,0,1
1,0,1,1,70.0,1,1,1,1,1,1,1,0,1,79.25,0.0,0.0,0.0,365.0,0.0,0.0,0.0,0.0,0.0,0.0,2,0,0.0,0.0,0.0,30.14,81.88357142857143,21.19,0.0,5,0,2,0,0,0,0,0
1,0,0,0,5.0,1,1,0,0,0,0,0,0,1,75.9,0.0,0.0,0.0,365.0,0.0,0.0,0.0,0.0,0.0,0.0,2,0,0.0,0.0,0.0,43.77,71.55,-15.64,0.0,0,2,0,1,0,0,0,0
1,0,1,1,53.0,1,1,1,0,1,1,1,1,0,85.7,0.0,0.0,0.0,365.0,0.0,0.0,0.0,0.0,0.0,0.0,1,0,0.0,0.0,0.0,48.66,87.09622641509435,27.64,0.0,5,1,0,0,0,0,1,0
0,0,1,0,47.0,1,1,1,1,1,0,1,0,1,98.75,10.0,15.0,1.0,39.0,0.0,0.0,0.0,0.0,0.0,0.0,1,1,1.0,2.7,2.7,28.38,96.46170212765956,7.21,10.0,4,2,0,1,0,0,1,0
0,0,0,1,31.0,1,0,0,0,0,0,0,0,0,20.1,0.0,0.0,0.0,365.0,0.0,0.0,0.0,0.0,0.0,0.0,3,0,0.0,0.0,0.0,88.59,19.008064516129032,-0.97,0.0,0,0,1,0,1,1,0,0
1,0,1,1,13.0,1,0,0,1,1,1,0,0,0,61.8,7.0,235.0,1.0,63.0,0.0,0.0,0.0,0.0,0.0,0.0,3,0,0.0,0.0,0.0,69.99,57.7,3.74,7.0,3,1,0,0,0,0,0,0
0,0,1,1,28.0,1,1,0,0,0,0,0,0,0,49.9,0.0,0.0,0.0,365.0,0.0,0.0,0.0,0.0,0.0,0.0,2,0,0.0,0.0,0.0,51.93,50.36607142857143,-8.16,0.0,0,1,0,0,0,0,0,1
0,0,0,0,10.0,1,1,0,0,0,0,0,1,0,86.45,5.0,250.0,1.0,19.0,1.0,10.4,10.4,1.0,0.0,1.0,2,0,0.0,0.0,0.0,72.84,83.08500000000001,-5.09,5.0,1,2,0,1,0,0,1,0
1,0,1,0,38.0,1,0,0,0,0,0,0,0,0,20.4,0.0,0.0,0.0,365.0,0.0,0.0,0.0,0.0,0.0,0.0,3,0,0.0,0.0,0.0,99.26,19.56578947368421,-0.67,0.0,0,0,2,0,1,0,0,0
0,0,0,0,1.0,1,0,0,0,0,0,0,0,1,45.3,0.0,0.0,0.0,365.0,0.0,0.0,0.0,0.0,0.0,0.0,3,0,0.0,0.0,0.0,61.04,45.3,-12.76,0.0,0,2,0,0,0,0,0,1
1,0,1,0,67.0,1,1,0,1,1,0,1,1,0,104.1,0.0,0.0,0.0,365.0,0.0,0.0,0.0,0.0,0.0,0.0,3,0,0.0,0.0,0.0,62.6,105.08731343283583,12.56,0.0,4,0,1,1,0,0,1,0
1,0,1,0,52.0,1,0,1,1,0,0,1,1,1,75.4,0.0,0.0,0.0,365.0,0.0,0.0,0.0,0.0,0.0,0.0,1,0,0.0,0.0,0.0,52.31,74.33557692307691,17.34,0.0,4,0,1,0,0,0,0,1
1,0,1,1,62.0,1,0,1,1,1,1,1,1,0,108.15,8.0,123.0,1.0,72.0,0.0,0.0,0.0,0.0,0.0,0.0,1,0,0.0,0.0,0.0,44.65,110.09112903225805,16.61,8.0,6,0,2,1,0,0,0,1
0,0,0,0,16.0,1,0,0,1,0,0,0,1,1,86.25,0.0,0.0,0.0,365.0,1.0,17.4,17.4,0.0,0.0,0.0,1,1,1.0,13.49,13.49,84.17,83.75625,-5.29,0.0,2,2,0,1,0,0,1,0
0,1,1,0,5.0,1,1,0,1,0,0,0,0,1,81.0,0.0,0.0,0.0,365.0,1.0,53.5,53.5,0.0,1.0,0.0,3,0,0.0,0.0,0.0,68.81,74.33,-10.54,0.0,1,2,0,1,0,0,1,0
1,0,0,0,12.0,1,0,0,0,1,0,1,1,0,95.7,0.0,0.0,0.0,365.0,0.0,0.0,0.0,0.0,0.0,0.0,3,0,0.0,0.0,0.0,60.9,98.66666666666667,4.16,0.0,3,0,1,1,0,0,1,0
0,0,1,1,72.0,1,1,1,1,1,1,1,1,1,116.85,4.0,192.0,1.0,150.0,0.0,0.0,0.0,0.0,0.0,0.0,2,0,0.0,0.0,0.0,56.8,117.74583333333334,25.31,4.0,6,0,2,1,0,0,0,0
1,1,0,0,71.0,1,1,0,1,0,1,1,1,0,105.75,13.0,186.33333333333331,3.0,214.0,0.0,0.0,0.0,0.0,0.0,0.0,2,0,0.0,0.0,0.0,108.65,103.98380281690142,14.21,4.333,4,0,1,1,0,0,0,0
0,0,1,0,24.0,1,0,0,0,0,0,0,0,0,20.15,10.0,104.0,1.0,5.0,0.0,0.0,0.0,0.0,0.0,0.0,1,0,0.0,0.0,0.0,54.14,19.035416666666666,-0.92,10.0,0,0,1,0,1,0,0,1
0,0,0,0,15.0,1,0,0,0,0,0,0,0,0,19.6,18.0,165.5,2.0,87.0,0.0,0.0,0.0,0.0,0.0,0.0,2,1,0.5,18.81,37.62,76.63,22.10666666666667,-1.47,9.0,0,1,2,0,1,0,0,1
1,0,1,0,67.0,1,0,1,1,0,0,0,1,1,90.6,0.0,0.0,0.0,365.0,0.0,0.0,0.0,0.0,0.0,0.0,1,0,0.0,0.0,0.0,20.0,90.39029850746267,-0.94,0.0,3,0,1,1,0,1,0,0
1,0,0,1,2.0,1,1,1,1,0,0,0,0,0,60.95,0.0,0.0,0.0,365.0,0.0,0.0,0.0,0.0,0.0,0.0,2,1,0.5,1.81,3.62,66.22,67.3,2.89,0.0,2,3,0,0,0,0,0,0
0,0,1,1,5.0,0,0,0,0,0,0,0,0,0,25.05,0.0,0.0,0.0,365.0,1.0,27.0,27.0,0.0,1.0,0.0,2,0,0.0,0.0,0.0,40.45,25.1,-33.01,0.0,0,2,0,0,0,0,0,1
0,0,1,0,15.0,1,0,0,0,0,0,1,1,0,88.15,5.0,271.0,1.0,21.0,0.0,0.0,0.0,0.0,0.0,0.0,2,0,0.0,0.0,0.0,23.35,92.70666666666666,-3.39,5.0,2,1,0,1,0,0,1,0
1,0,0,0,1.0,1,0,0,0,0,0,0,0,1,20.2,8.0,118.0,1.0,250.0,0.0,0.0,0.0,0.0,0.0,0.0,2,0,0.0,0.0,0.0,112.58,20.2,-0.87,8.0,0,2,0,0,1,0,0,1
1,0,1,1,44.0,1,0,1,1,1,0,0,0,1,60.3,0.0,0.0,0.0,365.0,0.0,0.0,0.0,0.0,0.0,0.0,1,0,0.0,0.0,0.0,100.78,57.075,2.24,0.0,3,0,1,0,0,0,0,0
0,0,0,1,43.0,1,0,1,1,0,0,0,1,1,63.95,11.0,86.0,2.0,51.0,0.0,0.0,0.0,0.0,0.0,0.0,2,0,0.0,0.0,0.0,71.39,63.65232558139535,5.89,5.5,3,1,0,0,0,0,1,0
1,1,1,0,1.0,1,1,0,0,0,0,0,0,0,74.3,3.0,9.0,1.0,37.0,1.0,39.7,39.7,1.0,0.0,1.0,2,0,0.0,0.0,0.0,42.38,74.3,-17.24,3.0,0,2,0,1,0,0,1,0
0,1,0,0,1.0,1,0,0,0,0,0,0,0,1,70.6,0.0,0.0,0.0,365.0,0.0,0.0,0.0,0.0,0.0,0.0,3,1,0.33,12.01,36.04,70.93,70.6,-20.94,0.0,0,3,0,1,0,0,0,1
0,0,1,1,26.0,1,0,0,0,0,0,1,1,1,90.8,0.0,0.0,0.0,365.0,0.0,0.0,0.0,0.0,0.0,0.0,1,0,0.0,0.0,0.0,108.17,90.83846153846154,-0.74,0.0,2,1,0,1,0,0,1,0
1,0,0,0,22.0,1,1,0,1,0,0,0,0,1,79.35,7.0,208.0,1.0,309.0,0.0,0.0,0.0,0.0,0.0,0.0,2,0,0.0,0.0,0.0,88.68,78.65227272727272,-12.19,7.0,1,1,0,1,0,0,1,0
1,0,1,0,71.0,1,1,1,1,1,1,1,1,0,90.55,0.0,0.0,0.0,365.0,0.0,0.0,0.0,0.0,0.0,0.0,3,0,0.0,0.0,0.0,89.19,90.19718309859155,32.49,0.0,6,0,2,0,0,0,0,0
1,0,0,0,7.0,1,0,0,0,0,0,0,0,0,19.45,0.0,0.0,0.0,365.0,1.0,2.6,2.6,0.0,1.0,0.0,1,1,1.0,42.28,42.28,99.03,23.62142857142857,-1.62,0.0,0,2,2,0,1,0,0,1
0,1,0,0,28.0,1,1,0,1,1,1,0,0,0,64.45,11.0,116.0,2.0,111.0,0.0,0.0,0.0,0.0,0.0,0.0,1,1,1.0,26.14,26.14,52.4,66.7,6.39,5.5,3,2,0,0,0,0,0,0
1,1,0,0,16.0,1,0,0,0,0,0,0,0,0,69.65,0.0,0.0,0.0,365.0,0.0,0.0,0.0,0.0,0.0,0.0,3,0,0.0,0.0,0.0,53.29,65.20625,-21.89,0.0,0,1,0,1,0,0,1,0
1,0,0,0,7.0,1,0,0,0,0,0,0,0,0,19.5,0.0,0.0,0.0,365.0,0.0,0.0,0.0,0.0,0.0,0.0,1,0,0.0,0.0,0.0,84.49,18.37142857142857,-1.57,0.0,0,1,1,0,1,0,0,1
0,0,0,0,69.0,1,1,0,1,1,1,1,1,1,110.5,0.0,0.0,0.0,365.0,0.0,0.0,0.0,0.0,0.0,0.0,3,0,0.0,0.0,0.0,78.27,108.05,18.96,0.0,5,0,2,1,0,0,0,0
0,0,0,1,1.0,0,0,0,0,0,0,0,0,0,24.7,0.0,0.0,0.0,365.0,0.0,0.0,0.0,0.0,0.0,0.0,3,0,0.0,0.0,0.0,80.0,24.7,-33.36,0.0,0,2,0,0,0,0,0,1
1,0,0,0,3.0,1,0,1,0,1,0,1,1,1,77.4,3.0,66.0,1.0,24.0,0.0,0.0,0.0,0.0,0.0,0.0,2,0,0.0,0.0,0.0,73.61,68.71666666666667,19.34,3.0,4,2,0,0,0,0,1,0
1,1,0,0,21.0,1,0,0,0,1,0,1,1,1,96.8,0.0,0.0,0.0,365.0,0.0,0.0,0.0,0.0,0.0,0.0,3,1,0.33,4.62,13.85,86.62,96.68095238095238,5.26,0.0,3,2,0,1,0,0,0,0
0,0,1,0,69.0,1,1,0,1,1,0,0,0,1,85.4,0.0,0.0,0.0,365.0,0.0,0.0,0.0,0.0,0.0,0.0,2,0,0.0,0.0,0.0,106.24,85.06376811594203,-6.14,0.0,2,1,0,1,0,0,0,0
0,0,1,0,71.0,0,0,1,1,1,1,0,0,1,47.6,0.0,0.0,0.0,365.0,0.0,0.0,0.0,0.0,0.0,0.0,2,0,0.0,0.0,0.0,111.7,47.57464788732395,-10.46,0.0,4,0,2,0,0,0,0,0
0,0,1,1,69.0,1,0,0,0,0,0,0,0,0,19.4,6.0,243.0,1.0,53.0,0.0,0.0,0.0,0.0,0.0,0.0,1,1,1.0,6.37,6.37,53.72,19.51014492753623,-1.67,6.0,0,1,2,0,1,0,0,1
0,0,0,0,48.0,1,1,0,0,1,1,1,1,1,103.85,9.0,216.0,1.0,57.0,0.0,0.0,0.0,0.0,0.0,0.0,3,1,0.33,7.67,23.01,60.22,103.04270833333334,12.31,9.0,4,2,0,1,0,0,1,0
1,0,1,0,47.0,1,1,0,1,1,0,0,0,1,83.35,6.0,187.0,1.0,299.0,0.0,0.0,0.0,0.0,0.0,0.0,2,0,0.0,0.0,0.0,90.99,86.48936170212765,-8.19,6.0,2,1,0,1,0,0,0,0
0,0,0,0,2.0,1,1,0,0,0,0,0,0,1,49.4,0.0,0.0,0.0,365.0,0.0,0.0,0.0,0.0,0.0,0.0,3,1,0.33,1.39,4.16,49.17,53.275,-8.66,0.0,0,3,0,0,0,0,1,0
1,0,0,0,45.0,1,1,1,0,1,1,1,1,1,108.45,0.0,0.0,0.0,365.0,0.0,0.0,0.0,0.0,0.0,0.0,3,0,0.0,0.0,0.0,73.71,110.32666666666667,16.91,0.0,5,1,0,1,0,1,0,0
1,0,0,0,51.0,1,1,0,1,0,0,0,0,0,81.0,18.0,242.0,2.0,96.0,0.0,0.0,0.0,0.0,0.0,0.0,2,1,0.5,11.15,22.3,58.98,80.11274509803921,-10.54,9.0,1,2,0,1,0,0,0,0
0,0,1,0,22.0,1,1,1,0,0,1,1,1,1,79.2,0.0,0.0,0.0,365.0,1.0,19.9,19.9,1.0,0.0,1.0,3,2,0.67,5.85,10.08,41.64,79.2159090909091,21.14,0.0,4,2,0,0,0,0,1,0
1,0,0,0,72.0,1,1,1,1,1,1,1,1,0,86.65,0.0,0.0,0.0,365.0,0.0,0.0,0.0,0.0,0.0,0.0,2,0,0.0,0.0,0.0,74.1,86.45555555555556,28.59,0.0,6,0,2,0,0,0,0,0
1,0,1,1,37.0,1,1,0,1,1,0,1,0,1,92.95,0.0,0.0,0.0,365.0,0.0,0.0,0.0,0.0,0.0,0.0,1,0,0.0,0.0,0.0,67.87,92.30405405405405,1.41,0.0,3,1,0,1,0,0,1,0
1,0,1,1,71.0,1,1,1,1,1,1,1,1,0,90.35,0.0,0.0,0.0,365.0,0.0,0.0,0.0,0.0,0.0,0.0,2,1,0.5,15.48,30.97,91.32,89.08802816901408,32.29,0.0,6,1,2,0,0,0,1,0
1,0,1,1,7.0,1,0,0,0,1,0,0,0,0,48.7,0.0,0.0,0.0,365.0,0.0,0.0,0.0,0.0,0.0,0.0,2,0,0.0,0.0,0.0,62.52,48.607142857142854,-9.36,0.0,1,2,0,0,0,0,1,0
0,0,0,0,66.0,1,1,0,0,0,0,0,0,1,25.15,0.0,0.0,0.0,365.0,0.0,0.0,0.0,0.0,0.0,0.0,1,0,0.0,0.0,0.0,108.92,25.509090909090908,4.08,0.0,0,0,2,0,1,1,0,0
1,0,1,1,51.0,1,0,1,0,0,1,1,1,1,76.4,0.0,0.0,0.0,365.0,0.0,0.0,0.0,0.0,0.0,0.0,2,1,0.5,2.1,4.2,30.23,77.77058823529413,18.34,0.0,4,1,1,0,0,0,0,0
0,0,1,1,30.0,1,0,0,0,0,0,0,0,0,19.55,9.0,216.66666666666663,3.0,44.0,1.0,16.8,16.8,1.0,0.0,1.0,1,0,0.0,0.0,0.0,90.97,20.283333333333335,-1.52,3.0,0,0,1,0,1,0,0,0
0,0,0,0,34.0,1,1,0,0,0,0,1,0,0,85.35,6.0,116.0,2.0,220.0,0.0,0.0,0.0,0.0,0.0,0.0,3,1,0.33,8.54,25.63,54.42,85.19411764705882,-6.19,3.0,1,2,0,1,0,0,1,0
1,0,1,1,64.0,1,1,0,0,0,0,0,0,1,24.8,0.0,0.0,0.0,365.0,1.0,8.9,8.9,0.0,0.0,0.0,2,1,0.5,3.97,7.94,82.24,23.66953125,3.73,0.0,0,1,2,0,1,0,0,1
1,1,1,0,65.0,1,1,0,1,1,0,1,1,1,103.15,0.0,0.0,0.0,365.0,1.0,67.3,67.3,1.0,0.0,1.0,3,0,0.0,0.0,0.0,56.63,104.49923076923076,11.61,0.0,4,0,1,1,0,0,0,0
1,0,0,0,47.0,1,1,1,1,0,1,1,0,0,100.75,2.0,22.0,1.0,104.0,0.0,0.0,0.0,0.0,0.0,0.0,1,0,0.0,0.0,0.0,29.71,99.34468085106383,9.21,2.0,4,1,0,1,0,0,0,1
0,0,0,0,1.0,1,0,1,0,0,0,1,1,1,95.6,0.0,0.0,0.0,365.0,0.0,0.0,0.0,0.0,0.0,0.0,2,0,0.0,0.0,0.0,54.4,95.6,4.06,0.0,3,2,0,1,0,0,1,0
0,0,0,0,49.0,1,1,1,1,0,0,0,0,1,59.75,0.0,0.0,0.0,365.0,1.0,6.6,6.6,0.0,1.0,0.0,2,0,0.0,0.0,0.0,38.47,59.88367346938776,1.69,0.0,2,1,0,0,0,1,0,0
0,0,1,1,67.0,1,1,0,1,0,1,1,0,0,94.1,0.0,0.0,0.0,365.0,0.0,0.0,0.0,0.0,0.0,0.0,1,0,0.0,0.0,0.0,21.0,94.07164179104478,2.56,0.0,3,0,2,1,0,1,0,0
1,0,0,1,39.0,1,0,0,0,0,0,0,0,0,19.35,10.0,120.5,2.0,130.0,0.0,0.0,0.0,0.0,0.0,0.0,1,0,0.0,0.0,0.0,82.21,19.97948717948718,-1.72,5.0,0,0,1,0,1,0,0,0
1,0,0,0,14.0,1,0,0,0,0,0,0,0,0,19.9,0.0,0.0,0.0,365.0,1.0,14.1,14.1,1.0,0.0,1.0,2,0,0.0,0.0,0.0,66.77,20.267857142857142,-1.17,0.0,0,1,0,0,1,0,0,1
0,1,0,0,43.0,1,0,1,1,0,1,1,1,1,108.15,13.0,245.5,2.0,137.0,0.0,0.0,0.0,0.0,0.0,0.0,1,0,0.0,0.0,0.0,117.99,106.99302325581395,16.61,6.5,5,1,0,1,0,1,0,0
1,1,0,0,56.0,1,1,0,0,1,0,1,1,1,101.05,4.0,94.0,1.0,208.0,0.0,0.0,0.0,0.0,0.0,0.0,1,0,0.0,0.0,0.0,77.11,99.89285714285714,9.51,4.0,3,1,0,1,0,0,1,0
0,0,0,0,14.0,1,0,0,0,0,1,0,1,0,59.1,0.0,0.0,0.0,365.0,0.0,0.0,0.0,0.0,0.0,0.0,1,0,0.0,0.0,0.0,104.02,55.20357142857143,1.04,0.0,2,0,1,0,0,1,0,0
0,0,0,0,1.0,1,0,0,0,0,0,0,0,0,71.35,0.0,0.0,0.0,365.0,1.0,51.5,51.5,0.0,1.0,0.0,3,0,0.0,0.0,0.0,55.26,71.35,-20.19,0.0,0,2,0,1,0,0,1,0
1,0,1,1,16.0,1,0,1,1,0,0,0,0,1,55.85,13.0,247.0,2.0,89.0,0.0,0.0,0.0,0.0,0.0,0.0,1,0,0.0,0.0,0.0,65.29,53.6125,-2.21,6.5,2,0,1,0,0,0,0,1
1,0,1,1,70.0,1,1,1,1,0,0,1,1,1,106.05,0.0,0.0,0.0,365.0,0.0,0.0,0.0,0.0,0.0,0.0,1,1,1.0,24.39,24.39,116.01,107.915,14.51,0.0,4,2,0,1,0,0,1,0
1,1,1,0,64.0,1,1,1,1,1,0,1,1,1,84.1,11.0,98.0,2.0,192.0,2.0,19.75,23.9,0.0,2.0,0.0,3,0,0.0,0.0,0.0,69.79,93.46328125,26.04,5.5,5,0,2,0,0,1,0,0
0,0,1,1,23.0,1,0,0,0,1,0,0,0,1,75.3,5.0,294.0,1.0,108.0,0.0,0.0,0.0,0.0,0.0,0.0,3,1,0.33,4.15,12.46,91.69,74.0391304347826,-16.24,5.0,1,2,0,1,0,1,0,0
1,0,0,1,21.0,1,1,0,0,0,0,0,0,0,24.7,0.0,0.0,0.0,365.0,0.0,0.0,0.0,0.0,0.0,0.0,2,0,0.0,0.0,0.0,83.22,22.245238095238093,3.63,0.0,0,1,0,0,1,0,0,1
0,0,0,0,1.0,1,0,0,0,0,0,0,0,1,20.15,7.0,226.0,1.0,40.0,0.0,0.0,0.0,0.0,0.0,0.0,1,0,0.0,0.0,0.0,77.59,20.15,-0.92,7.0,0,2,0,0,1,0,0,1
1,0,0,1,1.0,1,0,0,0,0,0,0,0,0,69.75,0.0,0.0,0.0,365.0,0.0,0.0,0.0,0.0,0.0,0.0,2,1,0.5,12.22,24.44,74.17,69.75,-21.79,0.0,0,3,0,1,0,0,0,0
0,1,1,0,32.0,1,1,0,0,0,0,1,1,1,91.75,6.0,99.0,1.0,362.0,1.0,0.2,0.2,0.0,1.0,0.0,3,1,0.33,2.13,6.4,78.12,91.59375,0.21,6.0,2,2,0,1,0,0,1,0
1,0,1,1,17.0,1,0,0,0,0,0,1,0,0,80.85,0.0,0.0,0.0,365.0,0.0,0.0,0.0,0.0,0.0,0.0,2,0,0.0,0.0,0.0,77.66,82.40294117647058,-10.69,0.0,1,1,0,1,0,0,1,0
0,0,0,0,12.0,0,0,1,1,0,0,0,0,1,33.65,0.0,0.0,0.0,365.0,0.0,0.0,0.0,0.0,0.0,0.0,3,0,0.0,0.0,0.0,72.08,11.487499999999999,-24.41,0.0,2,1,0,0,0,0,1,0
0,0,0,0,36.0,1,1,0,0,1,0,0,0,0,55.8,0.0,0.0,0.0,365.0,0.0,0.0,0.0,0.0,0.0,0.0,2,0,0.0,0.0,0.0,78.45,53.93055555555556,-2.26,0.0,1,0,1,0,0,0,1,0
0,0,0,0,50.0,0,0,0,1,1,1,0,0,0,39.7,0.0,0.0,0.0,365.0,0.0,0.0,0.0,0.0,0.0,0.0,3,0,0.0,0.0,0.0,87.37,38.655,-18.36,0.0,3,0,2,0,0,1,0,0
0,0,1,1,48.0,0,0,0,0,0,1,0,0,1,29.5,9.0,162.0,2.0,99.0,0.0,0.0,0.0,0.0,0.0,0.0,1,0,0.0,0.0,0.0,96.45,29.646874999999998,-28.56,4.5,1,1,0,0,0,1,0,0
0,0,0,1,50.0,1,0,0,0,0,0,0,0,0,20.15,0.0,0.0,0.0,365.0,0.0,0.0,0.0,0.0,0.0,0.0,2,1,0.5,3.4,6.79,62.34,19.417,-0.92,0.0,0,1,2,0,1,1,0,0
1,0,1,0,72.0,1,1,1,1,1,1,0,1,0,79.55,0.0,0.0,0.0,365.0,1.0,6.8,6.8,0.0,1.0,0.0,1,0,0.0,0.0,0.0,75.61,80.70694444444445,21.49,0.0,5,0,2,0,0,1,0,0
1,0,0,1,10.0,1,1,0,0,0,0,0,0,0,24.8,0.0,0.0,0.0,365.0,0.0,0.0,0.0,0.0,0.0,0.0,3,1,0.33,7.87,23.62,84.97,22.39,3.73,0.0,0,3,0,0,1,1,0,0
0,0,0,0,18.0,1,0,0,0,0,0,0,0,0,19.65,0.0,0.0,0.0,365.0,0.0,0.0,0.0,0.0,0.0,0.0,2,1,0.5,6.28,12.57,60.48,21.76111111111111,-1.42,0.0,0,2,0,0,1,0,0,1
1,0,0,0,1.0,1,0,0,0,0,0,1,0,1,79.95,3.0,266.0,1.0,303.0,0.0,0.0,0.0,0.0,0.0,0.0,3,0,0.0,0.0,0.0,78.04,79.95,-11.59,3.0,1,2,0,1,0,0,1,0
0,0,0,0,1.0,1,0,0,0,0,0,0,0,0,19.3,0.0,0.0,0.0,365.0,0.0,0.0,0.0,0.0,0.0,0.0,2,1,0.5,7.71,15.42,59.5,19.3,-1.77,0.0,0,3,0,0,1,0,1,0
1,0,0,0,9.0,1,0,0,0,1,0,1,1,1,94.05,0.0,0.0,0.0,365.0,0.0,0.0,0.0,0.0,0.0,0.0,1,0,0.0,0.0,0.0,91.5,90.18333333333334,2.51,0.0,3,2,0,1,0,0,1,0
1,0,0,0,2.0,1,1,1,0,0,0,0,1,0,90.75,4.0,22.0,1.0,256.0,0.0,0.0,0.0,0.0,0.0,0.0,3,0,0.0,0.0,0.0,57.31,87.375,-0.79,4.0,2,2,0,1,0,0,0,1
0,0,1,0,40.0,1,1,0,0,0,1,0,0,1,78.85,0.0,0.0,0.0,365.0,0.0,0.0,0.0,0.0,0.0,0.0,2,0,0.0,0.0,0.0,71.14,78.17125,-12.69,0.0,1,1,0,1,0,1,0,0
1,0,1,0,69.0,1,1,0,0,1,0,1,1,0,99.5,0.0,0.0,0.0,365.0,0.0,0.0,0.0,0.0,0.0,0.0,2,0,0.0,0.0,0.0,60.04,99.15144927536231,7.96,0.0,3,0,1,1,0,0,0,0
0,0,1,0,37.0,1,1,1,0,1,1,0,1,1,91.75,13.0,148.33333333333334,3.0,50.0,0.0,0.0,0.0,0.0,0.0,0.0,1,0,0.0,0.0,0.0,36.88,101.47567567567567,0.21,4.333,4,0,1,1,0,0,1,0
1,0,0,1,18.0,1,1,0,0,1,0,0,0,1,80.55,7.0,182.0,1.0,337.0,0.0,0.0,0.0,0.0,0.0,0.0,1,0,0.0,0.0,0.0,114.6,78.14722222222223,-10.99,7.0,1,1,0,1,0,1,0,0
1,1,1,0,11.0,1,0,0,0,0,0,0,0,1,70.2,0.0,0.0,0.0,365.0,1.0,56.4,56.4,1.0,0.0,1.0,1,0,0.0,0.0,0.0,98.3,75.88181818181819,-21.34,0.0,0,2,0,1,0,0,1,0
0,0,1,0,8.0,1,1,0,0,0,0,0,1,1,85.2,3.0,283.0,1.0,232.0,0.0,0.0,0.0,0.0,0.0,0.0,2,0,0.0,0.0,0.0,64.08,78.425,-6.34,3.0,1,2,0,1,0,1,0,0
0,0,0,0,3.0,1,1,0,0,0,0,0,0,0,75.25,0.0,0.0,0.0,365.0,0.0,0.0,0.0,0.0,0.0,0.0,2,0,0.0,0.0,0.0,66.82,80.66666666666667,-16.29,0.0,0,2,0,1,0,0,1,0
1,0,1,1,55.0,1,0,1,0,0,0,0,1,0,59.45,0.0,0.0,0.0,365.0,0.0,0.0,0.0,0.0,0.0,0.0,1,0,0.0,0.0,0.0,46.93,57.4,1.39,0.0,2,0,1,0,0,1,0,0
1,0,1,0,33.0,1,1,0,1,1,0,0,1,1,93.35,0.0,0.0,0.0,365.0,0.0,0.0,0.0,0.0,0.0,0.0,2,0,0.0,0.0,0.0,59.1,93.6969696969697,1.81,0.0,3,1,0,1,0,0,1,0
0,0,0,0,46.0,1,0,0,0,0,0,0,0,0,44.95,0.0,0.0,0.0,365.0,0.0,0.0,0.0,0.0,0.0,0.0,3,1,0.33,10.49,31.46,108.95,47.15,-13.11,0.0,0,2,0,0,0,0,0,0
1,0,0,0,34.0,1,1,0,0,0,0,0,0,0,26.1,17.0,105.66666666666669,3.0,144.0,0.0,0.0,0.0,0.0,0.0,0.0,1,1,1.0,5.42,5.42,99.4,28.833823529411767,5.03,5.667,0,1,2,0,1,0,0,0
0,0,0,0,12.0,1,0,0,0,0,0,0,0,0,20.2,6.0,238.0,1.0,351.0,0.0,0.0,0.0,0.0,0.0,0.0,3,1,0.33,3.39,10.17,87.46,5.495833333333334,-0.87,6.0,0,2,0,0,1,0,1,0
1,0,1,1,30.0,1,0,0,0,0,0,0,0,0,21.25,0.0,0.0,0.0,365.0,0.0,0.0,0.0,0.0,0.0,0.0,1,0,0.0,0.0,0.0,50.55,23.73,0.18,0.0,0,0,2,0,1,0,0,1
0,0,0,0,33.0,1,1,1,0,0,1,0,0,0,59.4,0.0,0.0,0.0,365.0,0.0,0.0,0.0,0.0,0.0,0.0,1,0,0.0,0.0,0.0,116.02,59.17575757575757,1.34,0.0,2,0,1,0,0,0,1,0
1,0,1,1,45.0,1,1,0,1,1,0,0,1,1,95.0,0.0,0.0,0.0,365.0,0.0,0.0,0.0,0.0,0.0,0.0,3,1,0.33,2.09,6.28,73.64,97.08555555555556,3.46,0.0,3,1,1,1,0,1,0,0
1,0,0,0,40.0,1,0,1,1,0,1,0,0,1,61.9,0.0,0.0,0.0,365.0,0.0,0.0,0.0,0.0,0.0,0.0,1,1,1.0,34.22,34.22,77.62,66.1775,3.84,0.0,3,2,0,0,0,0,0,1
0,0,0,0,71.0,1,1,1,1,1,1,1,1,1,118.65,7.0,172.0,1.0,86.0,1.0,34.5,34.5,1.0,0.0,1.0,2,0,0.0,0.0,0.0,49.36,119.40281690140846,27.11,7.0,6,0,2,1,0,0,1,0
1,0,0,0,1.0,1,1,0,0,1,0,0,0,0,54.35,8.0,258.0,1.0,108.0,0.0,0.0,0.0,0.0,0.0,0.0,3,0,0.0,0.0,0.0,73.79,54.35,-3.71,8.0,1,2,0,0,0,0,1,0
0,0,1,1,72.0,0,0,1,1,1,1,1,1,0,64.45,0.0,0.0,0.0,365.0,2.0,5.95,10.3,1.0,1.0,0.5,2,0,0.0,0.0,0.0,73.89,62.888888888888886,6.39,0.0,6,0,2,0,0,0,0,0
0,0,1,1,12.0,1,0,0,0,0,0,0,1,1,80.15,0.0,0.0,0.0,365.0,3.0,17.366666666666667,37.1,3.0,0.0,1.0,1,1,1.0,15.76,15.76,49.58,149.22083333333333,-11.39,0.0,1,3,0,1,0,0,1,0
1,0,1,1,46.0,1,0,0,0,0,0,0,0,1,20.15,0.0,0.0,0.0,365.0,0.0,0.0,0.0,0.0,0.0,0.0,1,0,0.0,0.0,0.0,87.84,18.382608695652173,-0.92,0.0,0,0,1,0,1,0,0,0
0,0,1,1,55.0,1,0,0,0,0,0,0,0,0,21.0,0.0,0.0,0.0,365.0,0.0,0.0,0.0,0.0,0.0,0.0,2,0,0.0,0.0,0.0,49.69,22.005454545454544,-0.07,0.0,0,0,2,0,1,0,0,1
1,0,0,0,1.0,1,0,0,0,0,0,0,0,0,20.45,0.0,0.0,0.0,365.0,0.0,0.0,0.0,0.0,0.0,0.0,3,1,0.33,4.17,12.52,56.54,20.45,-0.62,0.0,0,3,0,0,1,0,0,1
0,0,0,0,12.0,1,1,0,0,0,1,1,1,1,75.85,4.0,263.0,1.0,120.0,1.0,23.0,23.0,0.0,0.0,0.0,2,0,0.0,0.0,0.0,63.0,71.20416666666667,17.79,4.0,3,0,1,0,0,0,0,1
1,0,0,0,31.0,1,1,0,1,0,0,0,0,1,80.45,0.0,0.0,0.0,365.0,0.0,0.0,0.0,0.0,0.0,0.0,3,2,0.67,16.15,44.44,76.52,78.35806451612903,-11.09,0.0,1,2,0,1,0,0,1,0
1,0,1,0,5.0,0,0,0,0,0,0,0,0,1,24.95,0.0,0.0,0.0,365.0,0.0,0.0,0.0,0.0,0.0,0.0,3,0,0.0,0.0,0.0,47.97,20.080000000000002,-33.11,0.0,0,2,0,0,0,0,1,0
0,0,1,1,67.0,1,1,1,0,0,0,1,1,1,75.5,7.0,235.0,1.0,269.0,0.0,0.0,0.0,0.0,0.0,0.0,3,1,0.33,1.37,4.12,77.83,78.05149253731344,17.44,7.0,3,1,2,0,0,0,1,0
1,0,0,0,1.0,1,0,0,0,0,0,0,0,0,44.45,12.0,112.0,2.0,129.0,0.0,0.0,0.0,0.0,0.0,0.0,3,0,0.0,0.0,0.0,70.75,44.45,-13.61,6.0,0,2,0,0,0,0,0,1
1,0,1,0,40.0,0,0,1,1,1,0,0,0,1,42.35,11.0,253.0,2.0,51.0,0.0,0.0,0.0,0.0,0.0,0.0,1,0,0.0,0.0,0.0,54.13,42.91125,-15.71,5.5,3,0,1,0,0,0,1,0
1,0,1,1,41.0,1,1,1,1,1,0,1,0,1,74.55,7.0,18.0,1.0,359.0,0.0,0.0,0.0,0.0,0.0,0.0,2,0,0.0,0.0,0.0,58.98,73.74512195121952,16.49,7.0,4,1,0,0,0,1,0,0
1,0,0,0,1.0,1,1,0,0,0,0,0,0,1,75.3,0.0,0.0,0.0,365.0,0.0,0.0,0.0,0.0,0.0,0.0,2,0,0.0,0.0,0.0,38.31,75.3,-16.24,0.0,0,2,0,1,0,0,1,0
1,0,0,0,51.0,1,1,1,1,0,0,1,0,1,94.8,0.0,0.0,0.0,365.0,0.0,0.0,0.0,0.0,0.0,0.0,1,0,0.0,0.0,0.0,108.15,94.85490196078432,3.26,0.0,3,0,1,1,0,0,1,0
1,0,1,1,42.0,0,0,1,0,1,1,1,0,0,48.15,0.0,0.0,0.0,365.0,0.0,0.0,0.0,0.0,0.0,0.0,2,1,0.5,2.5,5.01,60.69,48.38809523809524,-9.91,0.0,4,1,2,0,0,1,0,0
1,0,1,1,23.0,1,0,0,0,0,0,0,0,0,19.65,0.0,0.0,0.0,365.0,0.0,0.0,0.0,0.0,0.0,0.0,1,0,0.0,0.0,0.0,35.91,18.995652173913044,-1.42,0.0,0,0,1,0,1,0,0,1
0,1,0,0,1.0,1,0,0,0,0,0,0,0,1,70.55,0.0,0.0,0.0,365.0,0.0,0.0,0.0,0.0,0.0,0.0,1,1,1.0,33.61,33.61,96.24,70.55,-20.99,0.0,0,3,0,1,0,0,1,0
0,0,0,0,1.0,1,0,0,0,0,0,0,0,0,20.15,7.0,208.0,1.0,342.0,0.0,0.0,0.0,0.0,0.0,0.0,3,1,0.33,7.38,22.15,84.08,20.15,-0.92,7.0,0,3,0,0,1,0,0,1
0,0,0,0,56.0,1,1,1,1,0,0,1,1,1,106.6,0.0,0.0,0.0,365.0,0.0,0.0,0.0,0.0,0.0,0.0,3,0,0.0,0.0,0.0,84.38,105.24910714285714,15.06,0.0,4,1,0,1,0,1,0,0
1,0,0,1,15.0,1,1,0,1,0,0,1,0,1,91.0,0.0,0.0,0.0,365.0,1.0,83.6,83.6,1.0,0.0,1.0,2,0,0.0,0.0,0.0,88.06,95.33666666666666,-0.54,0.0,2,1,0,1,0,0,1,0
1,0,1,1,12.0,1,1,0,0,0,0,0,0,1,25.4,0.0,0.0,0.0,365.0,1.0,34.6,34.6,1.0,0.0,1.0,3,0,0.0,0.0,0.0,78.01,26.083333333333332,4.33,0.0,0,0,2,0,1,0,0,0
0,0,1,1,54.0,1,0,1,0,1,1,0,1,0,69.95,0.0,0.0,0.0,365.0,0.0,0.0,0.0,0.0,0.0,0.0,1,0,0.0,0.0,0.0,64.99,71.70092592592593,11.89,0.0,4,0,2,0,0,0,0,0
0,0,0,0,7.0,1,0,0,0,0,0,1,1,1,66.85,0.0,0.0,0.0,365.0,0.0,0.0,0.0,0.0,0.0,0.0,2,1,0.5,4.22,8.44,43.06,65.44285714285715,8.79,0.0,2,3,0,0,0,0,1,0
0,0,1,1,33.0,1,1,0,0,0,0,0,1,0,86.15,0.0,0.0,0.0,365.0,0.0,0.0,0.0,0.0,0.0,0.0,3,0,0.0,0.0,0.0,90.19,83.2030303030303,-5.39,0.0,1,1,0,1,0,1,0,0
1,0,1,1,16.0,1,0,0,0,0,0,0,0,0,20.15,0.0,0.0,0.0,365.0,0.0,0.0,0.0,0.0,0.0,0.0,3,1,0.33,2.32,6.97,74.05,21.334375,-0.92,0.0,0,2,0,0,1,0,1,0
0,0,0,1,21.0,1,0,1,0,1,0,0,1,0,64.85,0.0,0.0,0.0,365.0,1.0,31.8,31.8,0.0,1.0,0.0,1,0,0.0,0.0,0.0,32.99,63.65714285714286,6.79,0.0,3,0,1,0,0,0,0,1
1,1,1,0,30.0,1,1,0,0,1,0,1,1,0,74.85,0.0,0.0,0.0,365.0,0.0,0.0,0.0,0.0,0.0,0.0,1,0,0.0,0.0,0.0,33.95,72.725,16.79,0.0,3,0,2,0,0,0,1,0
1,0,0,0,3.0,1,0,0,0,0,1,0,0,1,50.5,0.0,0.0,0.0,365.0,0.0,0.0,0.0,0.0,0.0,0.0,1,0,0.0,0.0,0.0,37.14,49.25,-7.56,0.0,1,2,0,0,0,0,0,1
1,0,0,0,11.0,1,0,0,0,1,0,0,0,0,72.9,0.0,0.0,0.0,365.0,0.0,0.0,0.0,0.0,0.0,0.0,1,0,0.0,0.0,0.0,54.16,74.40454545454546,-18.64,0.0,1,2,0,1,0,0,1,0
0,0,0,0,62.0,1,1,1,1,1,1,1,1,1,115.05,0.0,0.0,0.0,365.0,0.0,0.0,0.0,0.0,0.0,0.0,2,0,0.0,0.0,0.0,43.8,115.05564516129031,23.51,0.0,6,0,1,1,0,1,0,0
1,0,0,0,18.0,1,0,0,0,0,0,0,0,0,19.0,3.0,216.0,1.0,309.0,0.0,0.0,0.0,0.0,0.0,0.0,1,0,0.0,0.0,0.0,108.31,19.37777777777778,-2.07,3.0,0,1,0,0,1,0,1,0
1,0,0,1,6.0,1,0,0,0,0,0,0,0,0,19.55,6.0,154.0,1.0,232.0,0.0,0.0,0.0,0.0,0.0,0.0,3,0,0.0,0.0,0.0,54.68,21.433333333333334,-1.52,6.0,0,2,0,0,1,0,0,1
0,0,0,0,44.0,1,1,0,0,1,0,1,1,1,101.1,0.0,0.0,0.0,365.0,1.0,2.2,2.2,1.0,0.0,1.0,3,0,0.0,0.0,0.0,90.38,106.23636363636363,9.56,0.0,3,0,1,1,0,0,1,0
1,0,0,0,21.0,1,1,0,0,0,0,0,1,1,84.1,0.0,0.0,0.0,365.0,0.0,0.0,0.0,0.0,0.0,0.0,1,0,0.0,0.0,0.0,114.82,82.7357142857143,-7.44,0.0,1,1,0,1,0,0,1,0
1,0,0,0,68.0,1,1,0,0,0,0,0,0,1,24.15,13.0,166.0,2.0,169.0,0.0,0.0,0.0,0.0,0.0,0.0,2,2,1.0,12.27,12.29,41.28,22.04191176470588,3.08,6.5,0,1,2,0,1,0,0,0
0,0,0,0,1.0,1,1,0,0,0,0,0,0,1,50.1,0.0,0.0,0.0,365.0,0.0,0.0,0.0,0.0,0.0,0.0,2,1,0.5,11.1,22.19,57.66,50.1,-7.96,0.0,0,3,0,0,0,0,1,0
0,0,1,0,25.0,1,0,0,0,1,0,0,0,1,74.6,0.0,0.0,0.0,365.0,0.0,0.0,0.0,0.0,0.0,0.0,1,0,0.0,0.0,0.0,66.45,71.91,-16.94,0.0,1,1,0,1,0,0,1,0
0,0,0,1,24.0,1,0,0,0,0,0,0,0,0,19.75,0.0,0.0,0.0,365.0,0.0,0.0,0.0,0.0,0.0,0.0,1,0,0.0,0.0,0.0,103.04,20.754166666666666,-1.32,0.0,0,0,2,0,1,0,0,1
0,0,1,0,30.0,1,1,0,0,0,0,0,1,1,85.0,0.0,0.0,0.0,365.0,0.0,0.0,0.0,0.0,0.0,0.0,2,1,0.5,1.24,2.48,42.54,87.475,-6.54,0.0,1,2,0,1,0,0,1,0
0,0,0,0,2.0,1,0,0,0,0,0,0,1,0,80.55,0.0,0.0,0.0,365.0,0.0,0.0,0.0,0.0,0.0,0.0,3,0,0.0,0.0,0.0,78.93,92.05,-10.99,0.0,1,2,0,1,0,0,1,0
1,0,1,0,51.0,1,1,0,1,1,0,1,1,1,106.8,0.0,0.0,0.0,365.0,0.0,0.0,0.0,0.0,0.0,0.0,3,2,0.67,17.33,27.27,95.11,107.81960784313726,15.26,0.0,4,1,1,1,0,0,0,0
0,0,1,1,57.0,1,1,1,0,1,1,1,1,1,84.5,6.0,139.5,2.0,215.0,0.0,0.0,0.0,0.0,0.0,0.0,3,0,0.0,0.0,0.0,80.49,85.00701754385965,26.44,3.0,5,0,2,0,0,0,1,0
0,0,0,0,15.0,1,1,0,0,0,0,0,0,0,25.05,4.0,282.0,1.0,364.0,0.0,0.0,0.0,0.0,0.0,0.0,2,1,0.5,12.64,25.29,88.93,24.60666666666667,3.98,4.0,0,1,2,0,1,0,0,0
0,0,1,1,72.0,1,0,1,1,1,1,1,1,1,83.7,6.0,65.0,1.0,29.0,2.0,11.15,20.9,2.0,0.0,1.0,2,0,0.0,0.0,0.0,30.04,84.67916666666666,25.64,6.0,6,0,2,0,0,0,0,0
0,0,0,0,2.0,1,0,0,0,1,0,0,0,1,75.8,9.0,117.0,1.0,25.0,0.0,0.0,0.0,0.0,0.0,0.0,3,1,0.33,6.05,18.15,70.02,80.375,-15.74,9.0,1,3,0,1,0,0,1,0
1,0,1,0,28.0,1,1,0,1,1,0,1,0,0,96.6,0.0,0.0,0.0,365.0,0.0,0.0,0.0,0.0,0.0,0.0,1,0,0.0,0.0,0.0,26.51,95.86964285714285,5.06,0.0,3,1,0,1,0,1,0,0
1,1,1,0,29.0,1,1,0,0,1,0,1,1,1,98.5,0.0,0.0,0.0,365.0,0.0,0.0,0.0,0.0,0.0,0.0,1,0,0.0,0.0,0.0,111.03,103.59137931034483,6.96,0.0,3,1,0,1,0,0,1,0
1,0,1,1,64.0,1,0,1,1,1,1,1,0,1,101.1,0.0,0.0,0.0,365.0,2.0,37.05,45.2,1.0,0.0,0.5,2,1,0.5,8.8,17.61,69.61,109.29375,9.56,0.0,5,1,2,1,0,1,0,0
0,0,0,0,13.0,1,0,0,0,0,0,0,0,0,20.2,5.0,144.0,1.0,253.0,0.0,0.0,0.0,0.0,0.0,0.0,1,0,0.0,0.0,0.0,88.98,21.01923076923077,-0.87,5.0,0,0,1,0,1,0,0,1
0,1,1,0,59.0,1,1,1,1,1,1,0,0,1,94.05,0.0,0.0,0.0,365.0,0.0,0.0,0.0,0.0,0.0,0.0,2,0,0.0,0.0,0.0,46.64,92.94745762711864,2.51,0.0,4,0,1,1,0,0,1,0
1,1,1,0,12.0,1,1,0,0,0,0,1,1,1,95.25,0.0,0.0,0.0,365.0,0.0,0.0,0.0,0.0,0.0,0.0,1,0,0.0,0.0,0.0,110.75,102.80416666666667,3.71,0.0,2,1,0,1,0,0,1,0
1,1,1,0,7.0,1,1,0,0,0,0,0,0,1,74.4,0.0,0.0,0.0,365.0,0.0,0.0,0.0,0.0,0.0,0.0,1,0,0.0,0.0,0.0,62.58,75.41428571428571,-17.14,0.0,0,2,0,1,0,0,0,1
0,0,1,0,62.0,1,0,1,0,1,1,1,1,0,81.0,0.0,0.0,0.0,365.0,0.0,0.0,0.0,0.0,0.0,0.0,2,1,0.5,8.41,16.83,102.98,80.41774193548386,22.94,0.0,5,1,2,0,0,0,0,1
0,0,0,0,21.0,1,0,1,0,1,1,0,0,1,60.25,0.0,0.0,0.0,365.0,0.0,0.0,0.0,0.0,0.0,0.0,1,0,0.0,0.0,0.0,97.27,59.921428571428564,2.19,0.0,3,0,1,0,0,0,1,0
0,0,0,0,2.0,1,0,0,0,1,0,0,1,0,60.85,0.0,0.0,0.0,365.0,0.0,0.0,0.0,0.0,0.0,0.0,3,1,0.33,2.12,6.35,64.03,55.7,2.79,0.0,2,3,0,0,0,0,1,0
0,0,0,0,1.0,1,0,0,0,0,0,0,0,0,43.95,5.0,127.0,1.0,97.0,0.0,0.0,0.0,0.0,0.0,0.0,3,0,0.0,0.0,0.0,56.89,43.95,-14.11,5.0,0,2,0,0,0,1,0,0
1,0,0,0,4.0,1,0,0,0,1,0,0,1,0,91.75,0.0,0.0,0.0,365.0,0.0,0.0,0.0,0.0,0.0,0.0,3,0,0.0,0.0,0.0,65.41,77.025,0.21,0.0,2,2,0,1,0,0,1,0
0,0,0,0,19.0,1,0,0,0,0,0,0,0,0,20.25,10.0,104.0,1.0,226.0,0.0,0.0,0.0,0.0,0.0,0.0,1,0,0.0,0.0,0.0,68.23,20.192105263157895,-0.82,10.0,0,0,1,0,1,1,0,0
0,0,0,0,30.0,1,0,0,0,0,1,1,0,0,85.15,0.0,0.0,0.0,365.0,0.0,0.0,0.0,0.0,0.0,0.0,2,0,0.0,0.0,0.0,107.4,85.19666666666667,-6.39,0.0,2,1,0,1,0,0,1,0
1,0,1,1,67.0,1,0,0,0,0,0,0,0,1,19.4,0.0,0.0,0.0,365.0,0.0,0.0,0.0,0.0,0.0,0.0,2,1,0.5,1.66,3.32,50.72,19.16716417910448,-1.67,0.0,0,1,2,0,1,1,0,0
1,1,1,0,64.0,1,1,1,1,1,0,0,1,1,102.65,4.0,284.0,1.0,131.0,0.0,0.0,0.0,0.0,0.0,0.0,3,2,0.67,7.82,13.39,55.03,117.9734375,11.11,4.0,4,1,2,1,0,1,0,0
1,0,1,0,53.0,1,0,0,0,0,0,0,0,0,19.9,0.0,0.0,0.0,365.0,0.0,0.0,0.0,0.0,0.0,0.0,3,1,0.33,4.95,14.86,72.48,20.944339622641508,-1.17,0.0,0,1,2,0,1,1,0,0
0,0,0,0,5.0,1,0,0,0,0,0,0,0,0,19.55,10.0,106.0,1.0,300.0,0.0,0.0,0.0,0.0,0.0,0.0,3,0,0.0,0.0,0.0,63.57,19.919999999999998,-1.52,10.0,0,1,1,0,1,0,1,0
1,1,1,0,71.0,1,0,0,1,1,1,0,1,1,95.5,0.0,0.0,0.0,365.0,0.0,0.0,0.0,0.0,0.0,0.0,3,0,0.0,0.0,0.0,42.45,94.4669014084507,3.96,0.0,4,0,2,1,0,1,0,0
0,0,1,1,50.0,1,1,0,1,1,1,1,1,1,84.15,0.0,0.0,0.0,365.0,1.0,8.6,8.6,1.0,0.0,1.0,3,0,0.0,0.0,0.0,57.48,83.288,26.09,0.0,5,0,1,0,0,1,0,0
1,0,1,1,56.0,1,1,0,0,1,1,1,1,1,103.2,0.0,0.0,0.0,365.0,0.0,0.0,0.0,0.0,0.0,0.0,1,0,0.0,0.0,0.0,43.67,104.88839285714286,11.66,0.0,4,0,2,1,0,0,1,0
1,0,0,0,2.0,1,0,0,0,0,1,0,0,1,50.2,0.0,0.0,0.0,365.0,1.0,17.0,17.0,0.0,0.0,0.0,3,0,0.0,0.0,0.0,94.62,54.625,-7.86,0.0,1,2,0,0,0,1,0,0
0,1,0,0,2.0,1,1,0,0,1,0,0,1,1,91.75,0.0,0.0,0.0,365.0,0.0,0.0,0.0,0.0,0.0,0.0,2,0,0.0,0.0,0.0,70.03,89.625,0.21,0.0,2,2,0,1,0,0,1,0
1,0,1,1,24.0,1,1,1,0,0,0,0,0,0,54.75,8.0,257.0,1.0,192.0,0.0,0.0,0.0,0.0,0.0,0.0,2,0,0.0,0.0,0.0,76.46,55.75625,-3.31,8.0,1,1,0,0,0,0,1,0
1,0,1,1,46.0,1,0,0,0,0,0,0,0,0,19.95,0.0,0.0,0.0,365.0,0.0,0.0,0.0,0.0,0.0,0.0,1,0,0.0,0.0,0.0,88.38,18.747826086956522,-1.12,0.0,0,0,2,0,1,1,0,0
1,0,1,0,71.0,1,1,1,1,1,1,1,1,1,116.25,0.0,0.0,0.0,365.0,0.0,0.0,0.0,0.0,0.0,0.0,1,0,0.0,0.0,0.0,102.17,120.63028169014085,24.71,0.0,6,0,2,1,0,0,1,0
0,0,0,0,29.0,0,0,0,0,0,1,0,0,1,31.2,7.0,226.0,1.0,101.0,0.0,0.0,0.0,0.0,0.0,0.0,1,1,1.0,31.17,31.17,98.25,31.93793103448276,-26.86,7.0,1,2,0,0,0,0,1,0
1,0,1,1,69.0,1,1,0,0,0,0,0,0,0,24.45,0.0,0.0,0.0,365.0,0.0,0.0,0.0,0.0,0.0,0.0,2,1,0.5,2.48,4.95,79.98,24.90144927536232,3.38,0.0,0,1,2,0,1,0,0,0
1,0,1,0,71.0,1,1,0,1,1,1,1,1,0,84.2,12.0,179.5,2.0,270.0,0.0,0.0,0.0,0.0,0.0,0.0,2,0,0.0,0.0,0.0,55.82,83.8992957746479,26.14,6.0,5,0,2,0,0,1,0,0
0,1,0,0,1.0,1,0,0,0,0,0,1,1,1,91.3,0.0,0.0,0.0,365.0,1.0,31.1,31.1,1.0,0.0,1.0,3,0,0.0,0.0,0.0,73.52,91.3,-0.24,0.0,2,2,0,1,0,0,1,0
1,1,1,0,56.0,1,0,1,1,1,1,1,1,1,85.65,0.0,0.0,0.0,365.0,0.0,0.0,0.0,0.0,0.0,0.0,1,1,1.0,1.54,1.54,30.74,86.15089285714285,27.59,0.0,6,1,2,0,0,0,0,0
1,0,0,1,56.0,1,0,0,0,0,0,0,0,1,21.2,0.0,0.0,0.0,365.0,0.0,0.0,0.0,0.0,0.0,0.0,3,1,0.33,3.93,11.8,80.57,22.118750000000002,0.13,0.0,0,1,1,0,1,0,0,1
1,0,0,0,1.0,1,0,0,0,0,0,1,0,1,79.5,0.0,0.0,0.0,365.0,1.0,8.8,8.8,0.0,1.0,0.0,1,0,0.0,0.0,0.0,35.02,79.5,-12.04,0.0,1,2,0,1,0,0,1,0
0,0,1,0,28.0,1,1,0,0,0,0,0,0,0,25.55,0.0,0.0,0.0,365.0,0.0,0.0,0.0,0.0,0.0,0.0,3,2,0.67,19.43,49.9,92.31,24.00714285714286,4.48,0.0,0,1,1,0,1,0,0,1
0,0,1,1,19.0,1,0,0,0,0,0,0,0,0,20.2,0.0,0.0,0.0,365.0,0.0,0.0,0.0,0.0,0.0,0.0,2,1,0.5,4.53,9.06,36.86,20.11578947368421,-0.87,0.0,0,2,0,0,1,0,0,1
1,0,1,0,66.0,1,1,0,0,0,1,0,1,0,63.85,6.0,123.0,1.0,131.0,0.0,0.0,0.0,0.0,0.0,0.0,2,0,0.0,0.0,0.0,78.04,64.61515151515152,5.79,6.0,2,1,0,0,0,0,1,0
0,0,1,1,17.0,1,1,0,0,1,1,0,0,1,61.95,0.0,0.0,0.0,365.0,1.0,37.5,37.5,0.0,0.0,0.0,3,0,0.0,0.0,0.0,79.6,62.98235294117647,3.89,0.0,2,0,1,0,0,0,0,1
1,0,1,1,52.0,1,1,0,0,0,0,0,0,0,25.75,0.0,0.0,0.0,365.0,1.0,0.2,0.2,0.0,0.0,0.0,3,0,0.0,0.0,0.0,73.86,25.881730769230767,4.68,0.0,0,0,2,0,1,0,0,1
0,0,0,0,19.0,1,0,0,1,0,0,1,0,0,58.2,6.0,130.0,1.0,100.0,1.0,9.3,9.3,0.0,0.0,0.0,2,0,0.0,0.0,0.0,32.78,55.01315789473684,0.14,6.0,2,0,1,0,0,0,1,0
0,0,0,0,36.0,1,0,1,1,1,1,1,1,0,56.15,0.0,0.0,0.0,365.0,0.0,0.0,0.0,0.0,0.0,0.0,3,1,0.33,2.27,6.8,69.97,83.43194444444445,-1.91,0.0,6,1,1,0,0,0,0,0
1,1,1,0,7.0,1,0,0,0,0,0,0,0,1,70.1,7.0,134.0,1.0,337.0,0.0,0.0,0.0,0.0,0.0,0.0,1,1,1.0,21.77,21.77,45.16,66.79285714285714,-21.44,7.0,0,3,0,1,0,0,0,1
1,0,1,1,72.0,1,1,1,1,1,1,0,1,1,104.9,0.0,0.0,0.0,365.0,0.0,0.0,0.0,0.0,0.0,0.0,1,0,0.0,0.0,0.0,71.12,104.6875,13.36,0.0,5,0,1,1,0,1,0,0
1,0,1,1,67.0,1,1,1,1,1,0,1,1,1,111.3,0.0,0.0,0.0,365.0,0.0,0.0,0.0,0.0,0.0,0.0,1,0,0.0,0.0,0.0,108.5,111.67313432835822,19.76,0.0,5,0,1,1,0,0,1,0
1,1,0,0,34.0,1,0,0,1,1,0,1,1,1,99.85,0.0,0.0,0.0,365.0,0.0,0.0,0.0,0.0,0.0,0.0,3,0,0.0,0.0,0.0,67.62,98.32794117647059,8.31,0.0,4,0,1,1,0,0,1,0
1,1,1,0,12.0,1,1,0,1,1,0,0,1,1,95.25,6.0,97.0,1.0,314.0,0.0,0.0,0.0,0.0,0.0,0.0,3,1,0.33,4.14,12.42,47.8,452.25416666666666,3.71,6.0,3,2,0,1,0,0,0,0
0,0,1,0,7.0,1,0,0,0,1,0,1,0,1,86.25,4.0,72.0,1.0,331.0,0.0,0.0,0.0,0.0,0.0,0.0,1,0,0.0,0.0,0.0,27.43,83.87142857142858,-5.29,4.0,2,2,0,1,0,0,1,0
0,1,1,0,1.0,1,1,0,0,1,0,1,1,1,100.8,0.0,0.0,0.0,365.0,0.0,0.0,0.0,0.0,0.0,0.0,3,1,0.33,4.6,13.8,67.93,100.8,9.26,0.0,3,3,0,1,0,0,1,0
1,0,1,0,8.0,1,0,0,0,0,0,0,0,1,19.55,0.0,0.0,0.0,365.0,0.0,0.0,0.0,0.0,0.0,0.0,1,1,1.0,6.65,6.65,69.14,20.14375,-1.52,0.0,0,3,0,0,1,0,0,0
0,0,0,0,69.0,1,1,0,0,1,1,1,1,0,104.0,4.0,260.0,1.0,181.0,0.0,0.0,0.0,0.0,0.0,0.0,2,0,0.0,0.0,0.0,46.5,101.8623188405797,12.46,4.0,4,0,2,1,0,0,1,0
0,0,1,0,50.0,1,1,1,0,1,0,1,1,1,104.4,6.0,28.0,1.0,23.0,0.0,0.0,0.0,0.0,0.0,0.0,3,0,0.0,0.0,0.0,83.04,104.65799999999999,12.86,6.0,4,0,1,1,0,0,0,1
1,0,0,0,10.0,1,0,0,0,0,0,0,0,0,19.5,0.0,0.0,0.0,365.0,0.0,0.0,0.0,0.0,0.0,0.0,3,0,0.0,0.0,0.0,88.37,22.585,-1.57,0.0,0,1,1,0,1,0,0,1
0,0,1,1,12.0,1,1,0,0,0,0,0,0,0,25.25,0.0,0.0,0.0,365.0,0.0,0.0,0.0,0.0,0.0,0.0,3,0,0.0,0.0,0.0,81.43,22.891666666666666,4.18,0.0,0,0,2,0,1,1,0,0
0,0,0,0,14.0,1,0,0,1,0,0,0,1,1,86.3,0.0,0.0,0.0,365.0,0.0,0.0,0.0,0.0,0.0,0.0,1,0,0.0,0.0,0.0,73.11,84.35357142857143,-5.24,0.0,2,1,0,1,0,0,1,0
0,0,1,0,70.0,0,0,1,0,1,1,0,1,1,49.85,5.0,244.0,1.0,127.0,0.0,0.0,0.0,0.0,0.0,0.0,1,1,1.0,14.19,14.19,29.7,48.145714285714284,-8.21,5.0,4,1,2,0,0,0,0,0
0,1,0,0,64.0,1,1,1,0,1,1,1,1,1,108.95,9.0,77.0,1.0,38.0,0.0,0.0,0.0,0.0,0.0,0.0,3,0,0.0,0.0,0.0,41.47,111.1140625,17.41,9.0,5,1,0,1,0,0,0,0
0,0,1,1,66.0,1,1,1,1,1,1,1,1,0,89.9,0.0,0.0,0.0,365.0,0.0,0.0,0.0,0.0,0.0,0.0,3,0,0.0,0.0,0.0,96.55,90.28560606060607,31.84,0.0,6,0,2,0,0,1,0,0
0,0,1,1,71.0,1,0,1,0,1,1,1,1,1,82.0,0.0,0.0,0.0,365.0,0.0,0.0,0.0,0.0,0.0,0.0,2,1,0.5,9.83,19.66,87.51,84.5049295774648,23.94,0.0,5,1,2,0,0,1,0,0
1,1,0,0,20.0,1,0,0,0,0,0,1,1,0,89.95,0.0,0.0,0.0,365.0,0.0,0.0,0.0,0.0,0.0,0.0,2,0,0.0,0.0,0.0,97.84,82.4225,-1.59,0.0,2,1,0,1,0,0,1,0
1,0,1,0,72.0,1,0,1,1,0,1,1,1,1,79.35,7.0,53.0,1.0,105.0,0.0,0.0,0.0,0.0,0.0,0.0,1,0,0.0,0.0,0.0,55.35,79.90625,21.29,7.0,5,0,2,0,0,0,0,0
0,0,1,1,71.0,1,0,1,1,1,1,0,0,0,64.05,0.0,0.0,0.0,365.0,0.0,0.0,0.0,0.0,0.0,0.0,1,0,0.0,0.0,0.0,32.61,63.28028169014084,5.99,0.0,4,0,2,0,0,1,0,0
1,0,1,1,38.0,1,1,0,0,1,0,1,1,1,101.15,0.0,0.0,0.0,365.0,1.0,0.5,0.5,0.0,0.0,0.0,2,0,0.0,0.0,0.0,77.81,104.1236842105263,9.61,0.0,3,1,0,1,0,1,0,0
0,0,0,0,28.0,1,1,0,1,0,0,0,1,1,89.95,13.0,157.5,2.0,278.0,0.0,0.0,0.0,0.0,0.0,0.0,2,1,0.5,3.14,6.29,97.54,93.76964285714287,-1.59,6.5,2,2,0,1,0,0,1,0
1,1,1,0,17.0,1,0,0,1,0,0,0,0,1,76.45,0.0,0.0,0.0,365.0,0.0,0.0,0.0,0.0,0.0,0.0,3,1,0.33,5.39,16.18,40.85,72.5529411764706,-15.09,0.0,1,2,0,1,0,0,1,0
1,0,0,0,33.0,0,0,0,1,0,0,1,0,1,39.1,0.0,0.0,0.0,365.0,0.0,0.0,0.0,0.0,0.0,0.0,1,0,0.0,0.0,0.0,84.99,39.666666666666664,-18.96,0.0,2,0,1,0,0,0,1,0
0,0,1,1,23.0,0,0,1,0,0,1,0,0,0,34.6,6.0,290.0,1.0,91.0,0.0,0.0,0.0,0.0,0.0,0.0,3,0,0.0,0.0,0.0,70.82,35.36739130434783,-23.46,6.0,2,0,2,0,0,0,0,1
1,0,1,1,58.0,1,0,0,0,0,0,0,0,1,19.55,0.0,0.0,0.0,365.0,0.0,0.0,0.0,0.0,0.0,0.0,2,1,0.5,11.04,22.09,67.32,19.117241379310343,-1.52,0.0,0,1,1,0,1,0,1,0
0,1,1,0,70.0,1,1,0,1,0,1,1,1,1,104.45,5.0,126.0,1.0,228.0,1.0,25.3,25.3,0.0,0.0,0.0,1,0,0.0,0.0,0.0,94.08,104.99071428571429,12.91,5.0,4,0,2,1,0,0,0,0
1,0,1,0,4.0,1,0,0,0,0,0,0,0,0,70.5,0.0,0.0,0.0,365.0,0.0,0.0,0.0,0.0,0.0,0.0,2,0,0.0,0.0,0.0,93.57,73.55,-21.04,0.0,0,2,0,1,0,0,1,0
1,0,1,1,45.0,1,0,0,0,0,0,0,0,0,20.35,0.0,0.0,0.0,365.0,0.0,0.0,0.0,0.0,0.0,0.0,3,0,0.0,0.0,0.0,32.6,20.64888888888889,-0.72,0.0,0,0,2,0,1,0,0,1
1,0,0,0,10.0,1,0,0,0,0,0,0,0,1,70.0,0.0,0.0,0.0,365.0,0.0,0.0,0.0,0.0,0.0,0.0,3,0,0.0,0.0,0.0,89.62,74.0,-21.54,0.0,0,2,0,1,0,0,1,0
1,0,1,1,36.0,1,0,0,0,0,0,0,0,0,19.45,0.0,0.0,0.0,365.0,0.0,0.0,0.0,0.0,0.0,0.0,3,0,0.0,0.0,0.0,72.27,20.958333333333332,-1.62,0.0,0,0,2,0,1,1,0,0
1,0,0,0,54.0,1,0,1,1,0,1,1,0,1,69.9,8.0,187.0,2.0,51.0,0.0,0.0,0.0,0.0,0.0,0.0,3,0,0.0,0.0,0.0,79.56,71.91296296296296,11.84,4.0,4,1,0,0,0,0,0,1
1,0,1,1,23.0,1,1,0,1,0,1,0,0,0,59.7,0.0,0.0,0.0,365.0,0.0,0.0,0.0,0.0,0.0,0.0,1,0,0.0,0.0,0.0,110.4,61.48695652173913,1.64,0.0,2,0,2,0,0,0,0,1
0,0,1,1,41.0,1,1,1,1,1,0,1,0,1,78.35,5.0,79.0,1.0,125.0,0.0,0.0,0.0,0.0,0.0,0.0,1,0,0.0,0.0,0.0,69.11,78.32195121951219,20.29,5.0,4,0,1,0,0,1,0,0
1,1,0,0,5.0,1,0,0,0,0,0,0,0,1,71.45,0.0,0.0,0.0,365.0,0.0,0.0,0.0,0.0,0.0,0.0,1,0,0.0,0.0,0.0,59.56,74.32000000000001,-20.09,0.0,0,2,0,1,0,0,0,1
1,0,1,1,27.0,0,0,0,1,1,0,0,1,1,45.85,0.0,0.0,0.0,365.0,0.0,0.0,0.0,0.0,0.0,0.0,1,0,0.0,0.0,0.0,118.03,46.162962962962965,-12.21,0.0,3,0,1,0,0,1,0,0
0,0,0,0,1.0,1,0,0,0,0,1,1,1,1,95.85,5.0,93.0,1.0,136.0,0.0,0.0,0.0,0.0,0.0,0.0,1,0,0.0,0.0,0.0,84.2,95.85,4.31,5.0,3,2,0,1,0,0,1,0
0,0,1,1,64.0,0,0,1,0,0,1,0,0,0,35.7,0.0,0.0,0.0,365.0,0.0,0.0,0.0,0.0,0.0,0.0,2,0,0.0,0.0,0.0,75.06,39.7765625,-22.36,0.0,2,0,2,0,0,1,0,0
0,1,1,1,72.0,1,1,1,1,1,1,1,1,1,89.55,0.0,0.0,0.0,365.0,0.0,0.0,0.0,0.0,0.0,0.0,2,0,0.0,0.0,0.0,80.26,89.56736111111111,31.49,0.0,6,0,2,0,0,1,0,0
0,0,1,1,56.0,1,1,0,0,0,0,0,0,1,24.95,0.0,0.0,0.0,365.0,0.0,0.0,0.0,0.0,0.0,0.0,2,0,0.0,0.0,0.0,81.8,26.230357142857144,3.88,0.0,0,0,2,0,1,1,0,0
1,0,1,1,44.0,1,1,0,0,0,0,0,0,0,24.85,0.0,0.0,0.0,365.0,0.0,0.0,0.0,0.0,0.0,0.0,1,0,0.0,0.0,0.0,82.21,23.036363636363635,3.78,0.0,0,0,1,0,1,0,1,0
0,1,1,0,66.0,1,1,0,1,0,0,1,1,1,100.8,0.0,0.0,0.0,365.0,0.0,0.0,0.0,0.0,0.0,0.0,2,0,0.0,0.0,0.0,70.6,101.375,9.26,0.0,3,1,0,1,0,0,1,0
0,0,0,0,34.0,1,1,1,1,0,1,0,0,1,64.4,0.0,0.0,0.0,365.0,1.0,56.5,56.5,1.0,0.0,1.0,3,1,0.33,12.76,38.28,97.51,61.43382352941177,6.34,0.0,3,1,1,0,0,0,0,1
0,0,1,0,69.0,1,1,0,0,1,1,1,1,0,105.35,5.0,276.0,1.0,282.0,0.0,0.0,0.0,0.0,0.0,0.0,1,0,0.0,0.0,0.0,26.36,104.93695652173912,13.81,5.0,4,0,2,1,0,0,0,0
0,0,1,1,1.0,1,1,1,0,1,0,1,1,1,102.45,0.0,0.0,0.0,365.0,1.0,2.9,2.9,0.0,1.0,0.0,3,0,0.0,0.0,0.0,82.06,102.45,10.91,0.0,4,2,0,1,0,0,1,0
0,0,0,0,40.0,1,0,0,0,0,0,0,0,0,19.65,0.0,0.0,0.0,365.0,0.0,0.0,0.0,0.0,0.0,0.0,3,1,0.33,6.56,19.67,64.77,20.75625,-1.42,0.0,0,1,2,0,1,1,0,0
1,0,1,1,30.0,1,1,1,0,0,0,0,0,1,54.45,5.0,160.0,1.0,171.0,0.0,0.0,0.0,0.0,0.0,0.0,3,1,0.33,6.61,19.82,83.28,52.95666666666667,-3.61,5.0,1,2,0,0,0,0,0,0
0,0,0,0,11.0,1,0,0,0,0,1,1,1,0,70.5,0.0,0.0,0.0,365.0,0.0,0.0,0.0,0.0,0.0,0.0,2,0,0.0,0.0,0.0,74.9,75.39090909090909,12.44,0.0,3,2,0,0,0,0,0,1
0,0,0,0,15.0,1,0,0,0,0,0,0,0,0,20.1,0.0,0.0,0.0,365.0,0.0,0.0,0.0,0.0,0.0,0.0,1,1,1.0,36.82,36.82,75.53,20.163333333333334,-0.97,0.0,0,1,1,0,1,1,0,0
1,0,0,0,11.0,1,0,0,0,1,0,1,1,1,69.35,0.0,0.0,0.0,365.0,0.0,0.0,0.0,0.0,0.0,0.0,3,0,0.0,0.0,0.0,84.86,64.75,11.29,0.0,3,2,0,0,0,0,1,0
0,0,1,1,64.0,1,0,0,0,0,0,0,0,0,19.8,7.0,169.0,1.0,181.0,0.0,0.0,0.0,0.0,0.0,0.0,3,0,0.0,0.0,0.0,83.4,20.88515625,-1.27,7.0,0,0,1,0,1,0,0,0
1,1,1,0,72.0,1,0,1,1,1,1,1,0,0,74.4,0.0,0.0,0.0,365.0,0.0,0.0,0.0,0.0,0.0,0.0,2,1,0.5,8.34,16.67,99.07,74.45486111111111,16.34,0.0,5,1,2,0,0,0,0,0
1,1,1,0,72.0,1,1,1,1,1,1,0,0,1,93.05,4.0,220.0,1.0,201.0,1.0,67.9,67.9,1.0,0.0,1.0,3,0,0.0,0.0,0.0,50.88,93.54236111111112,1.51,4.0,4,0,2,1,0,0,0,0
0,0,0,1,1.0,1,0,1,0,0,0,0,0,0,51.2,0.0,0.0,0.0,365.0,0.0,0.0,0.0,0.0,0.0,0.0,2,0,0.0,0.0,0.0,79.3,51.2,-6.86,0.0,1,2,0,0,0,0,0,1
0,0,0,1,15.0,1,0,1,1,1,1,0,0,0,65.6,11.0,119.0,2.0,145.0,0.0,0.0,0.0,0.0,0.0,0.0,3,1,0.33,7.77,23.31,46.44,67.33333333333333,7.54,5.5,4,1,1,0,0,1,0,0
0,0,0,0,60.0,1,1,0,0,1,1,1,1,0,80.55,6.0,146.0,1.0,327.0,0.0,0.0,0.0,0.0,0.0,0.0,3,0,0.0,0.0,0.0,54.46,80.78416666666666,22.49,6.0,4,0,1,0,0,1,0,0
1,0,0,0,56.0,1,0,1,0,1,0,0,0,0,52.7,0.0,0.0,0.0,365.0,1.0,9.3,9.3,1.0,0.0,1.0,1,0,0.0,0.0,0.0,94.41,53.92321428571428,-5.36,0.0,2,0,1,0,0,0,0,1
0,0,0,0,8.0,1,0,0,0,0,0,0,0,0,20.85,0.0,0.0,0.0,365.0,0.0,0.0,0.0,0.0,0.0,0.0,1,0,0.0,0.0,0.0,50.94,20.20625,-0.22,0.0,0,1,2,0,1,0,0,1
0,0,0,0,3.0,1,0,0,0,1,1,0,0,0,80.1,0.0,0.0,0.0,365.0,0.0,0.0,0.0,0.0,0.0,0.0,3,1,0.33,8.08,24.25,55.16,72.51666666666667,-11.44,0.0,2,3,0,1,0,1,0,0
0,0,1,0,49.0,1,1,0,0,0,0,0,0,1,52.15,0.0,0.0,0.0,365.0,0.0,0.0,0.0,0.0,0.0,0.0,1,0,0.0,0.0,0.0,41.52,52.72959183673469,-5.91,0.0,0,1,0,0,0,1,0,0
0,0,0,0,2.0,1,0,0,0,0,0,1,0,1,80.2,0.0,0.0,0.0,365.0,1.0,23.4,23.4,1.0,0.0,1.0,3,0,0.0,0.0,0.0,101.27,73.025,-11.34,0.0,1,2,0,1,0,0,1,0
0,0,0,0,6.0,1,0,1,1,1,1,0,1,1,98.15,4.0,132.0,1.0,221.0,0.0,0.0,0.0,0.0,0.0,0.0,2,0,0.0,0.0,0.0,54.54,94.575,6.61,4.0,5,2,0,1,0,0,0,0
1,0,0,0,70.0,1,1,1,1,1,1,1,1,1,114.95,4.0,21.0,1.0,181.0,0.0,0.0,0.0,0.0,0.0,0.0,2,0,0.0,0.0,0.0,75.69,110.16071428571429,23.41,4.0,6,0,2,1,0,0,0,0
1,0,0,0,12.0,1,1,0,1,1,1,1,1,1,112.95,2.0,136.0,1.0,218.0,0.0,0.0,0.0,0.0,0.0,0.0,1,0,0.0,0.0,0.0,98.8,115.39583333333333,21.41,2.0,5,1,0,1,0,0,0,1
1,1,1,0,52.0,1,0,1,0,1,1,1,1,1,104.45,0.0,0.0,0.0,365.0,0.0,0.0,0.0,0.0,0.0,0.0,1,0,0.0,0.0,0.0,60.38,105.40865384615384,12.91,0.0,5,0,1,1,0,0,0,0
0,0,1,0,72.0,1,1,1,1,1,1,1,1,1,113.65,15.0,211.66666666666663,3.0,57.0,0.0,0.0,0.0,0.0,0.0,0.0,2,1,0.5,3.04,6.09,26.37,112.83611111111111,22.11,5.0,6,1,2,1,0,1,0,0
0,0,0,0,40.0,1,0,0,0,0,0,0,0,1,20.6,0.0,0.0,0.0,365.0,0.0,0.0,0.0,0.0,0.0,0.0,3,0,0.0,0.0,0.0,76.05,20.682499999999997,-0.47,0.0,0,0,2,0,1,0,0,0
0,0,0,0,1.0,1,0,0,0,0,0,0,0,0,70.9,0.0,0.0,0.0,365.0,0.0,0.0,0.0,0.0,0.0,0.0,2,0,0.0,0.0,0.0,55.72,70.9,-20.64,0.0,0,2,0,1,0,0,0,1
0,1,0,0,3.0,1,0,0,0,1,0,1,0,1,86.85,0.0,0.0,0.0,365.0,0.0,0.0,0.0,0.0,0.0,0.0,1,0,0.0,0.0,0.0,47.12,73.64999999999999,-4.69,0.0,2,2,0,1,0,0,1,0
0,1,0,0,40.0,1,0,0,0,0,0,1,1,1,91.55,0.0,0.0,0.0,365.0,0.0,0.0,0.0,0.0,0.0,0.0,1,1,1.0,11.45,11.45,55.58,91.84,0.01,0.0,2,2,0,1,0,0,1,0
1,0,0,1,1.0,1,0,0,0,1,0,0,0,1,49.85,0.0,0.0,0.0,365.0,0.0,0.0,0.0,0.0,0.0,0.0,2,0,0.0,0.0,0.0,70.24,49.85,-8.21,0.0,1,2,0,0,0,0,1,0
1,0,1,0,30.0,1,0,0,0,0,0,0,0,0,19.8,1.0,66.0,1.0,220.0,0.0,0.0,0.0,0.0,0.0,0.0,2,0,0.0,0.0,0.0,97.44,19.221666666666668,-1.27,1.0,0,0,1,0,1,1,0,0
1,0,1,1,23.0,1,0,1,0,0,1,1,1,1,99.85,1.0,207.0,1.0,237.0,0.0,0.0,0.0,0.0,0.0,0.0,3,1,0.33,0.68,2.04,76.1,101.3608695652174,8.31,1.0,4,2,0,1,0,0,1,0
1,0,1,1,1.0,1,1,0,0,0,0,0,0,1,74.5,0.0,0.0,0.0,365.0,0.0,0.0,0.0,0.0,0.0,0.0,3,1,0.33,2.06,6.19,60.39,74.5,-17.04,0.0,0,3,0,1,0,0,1,0
0,1,1,0,44.0,1,1,0,0,1,1,1,1,0,104.15,0.0,0.0,0.0,365.0,0.0,0.0,0.0,0.0,0.0,0.0,2,0,0.0,0.0,0.0,24.19,102.17386363636363,12.61,0.0,4,1,0,1,0,0,1,0
1,0,0,0,65.0,1,1,0,1,1,1,1,1,1,109.15,0.0,0.0,0.0,365.0,0.0,0.0,0.0,0.0,0.0,0.0,3,1,0.33,0.98,2.95,62.96,106.78769230769231,17.61,0.0,5,2,0,1,0,0,1,0
0,1,0,0,7.0,1,0,1,0,0,0,0,0,1,48.2,2.0,247.0,1.0,230.0,0.0,0.0,0.0,0.0,0.0,0.0,2,0,0.0,0.0,0.0,57.67,48.621428571428574,-9.86,2.0,1,2,0,0,0,0,1,0
1,1,0,0,72.0,1,1,0,0,0,0,0,0,1,25.1,6.0,130.0,1.0,315.0,0.0,0.0,0.0,0.0,0.0,0.0,3,1,0.33,7.1,21.31,66.93,24.859722222222224,4.03,6.0,0,1,2,0,1,1,0,0
0,1,0,0,8.0,1,1,0,0,0,1,1,1,1,100.15,5.0,34.0,1.0,256.0,1.0,21.3,21.3,1.0,0.0,1.0,2,0,0.0,0.0,0.0,86.66,113.56875,8.61,5.0,3,2,0,1,0,1,0,0
0,0,0,0,16.0,1,1,0,0,1,0,0,1,1,65.2,0.0,0.0,0.0,365.0,0.0,0.0,0.0,0.0,0.0,0.0,1,0,0.0,0.0,0.0,56.81,65.209375,7.14,0.0,2,1,0,0,0,1,0,0
1,1,1,1,66.0,1,1,0,0,1,0,1,1,1,99.5,6.0,54.0,1.0,166.0,0.0,0.0,0.0,0.0,0.0,0.0,1,0,0.0,0.0,0.0,76.82,103.36590909090908,7.96,6.0,3,1,0,1,0,1,0,0
1,0,0,0,12.0,1,0,0,0,0,0,0,0,1,71.55,0.0,0.0,0.0,365.0,0.0,0.0,0.0,0.0,0.0,0.0,2,1,0.5,4.76,9.53,81.06,5.9624999999999995,-19.99,0.0,0,2,0,1,0,0,0,1
1,0,0,1,3.0,1,0,1,0,1,0,0,0,0,55.9,0.0,0.0,0.0,365.0,0.0,0.0,0.0,0.0,0.0,0.0,2,0,0.0,0.0,0.0,68.12,52.51666666666667,-2.16,0.0,2,2,0,0,0,0,0,1
1,0,1,0,53.0,1,1,1,0,1,0,0,1,0,93.9,0.0,0.0,0.0,365.0,0.0,0.0,0.0,0.0,0.0,0.0,2,0,0.0,0.0,0.0,108.68,94.89056603773585,2.36,0.0,3,1,0,1,0,0,1,0
1,1,1,0,8.0,1,0,0,0,1,1,0,1,1,64.4,0.0,0.0,0.0,365.0,0.0,0.0,0.0,0.0,0.0,0.0,1,0,0.0,0.0,0.0,103.11,72.7125,6.34,0.0,3,2,0,0,0,1,0,0
1,1,1,0,69.0,1,1,0,1,1,1,1,1,1,108.4,0.0,0.0,0.0,365.0,0.0,0.0,0.0,0.0,0.0,0.0,1,0,0.0,0.0,0.0,26.16,106.06086956521739,16.86,0.0,5,0,2,1,0,0,0,0
0,0,0,0,5.0,1,0,0,1,0,0,1,0,1,85.3,0.0,0.0,0.0,365.0,0.0,0.0,0.0,0.0,0.0,0.0,2,1,0.5,13.87,27.74,78.74,84.09,-6.24,0.0,2,3,0,1,0,0,0,1
0,0,1,1,72.0,1,1,1,0,1,1,1,1,0,107.45,2.0,157.0,1.0,193.0,0.0,0.0,0.0,0.0,0.0,0.0,3,1,0.33,3.18,9.54,70.22,105.23194444444444,15.91,2.0,5,1,2,1,0,0,0,1
0,0,1,0,13.0,0,0,0,0,1,0,1,1,1,48.75,2.0,91.0,1.0,297.0,0.0,0.0,0.0,0.0,0.0,0.0,1,0,0.0,0.0,0.0,93.73,48.723076923076924,-9.31,2.0,3,1,0,0,0,0,0,0
0,0,0,0,4.0,1,1,0,0,0,0,1,0,1,85.65,7.0,61.5,2.0,100.0,0.0,0.0,0.0,0.0,0.0,0.0,3,1,0.33,5.29,15.87,81.01,80.4125,-5.89,3.5,1,3,0,1,0,0,1,0
0,0,1,1,54.0,1,1,1,1,1,1,1,1,0,56.15,0.0,0.0,0.0,365.0,0.0,0.0,0.0,0.0,0.0,0.0,1,0,0.0,0.0,0.0,73.21,91.94444444444444,-1.91,0.0,6,0,2,0,0,1,0,0
1,0,1,0,72.0,1,1,0,1,1,1,1,1,0,85.95,0.0,0.0,0.0,365.0,0.0,0.0,0.0,0.0,0.0,0.0,3,1,0.33,10.02,30.05,92.92,85.44305555555555,27.89,0.0,5,1,2,0,0,0,0,0
1,0,0,0,12.0,1,1,0,1,1,0,1,1,1,106.7,0.0,0.0,0.0,365.0,0.0,0.0,0.0,0.0,0.0,0.0,3,0,0.0,0.0,0.0,53.2,104.49166666666667,15.16,0.0,4,1,0,1,0,0,1,0
1,0,0,0,1.0,0,0,0,0,0,0,0,0,1,25.15,0.0,0.0,0.0,365.0,0.0,0.0,0.0,0.0,0.0,0.0,1,0,0.0,0.0,0.0,99.14,25.15,-32.91,0.0,0,2,0,0,0,0,1,0
1,1,0,0,1.0,1,0,0,0,0,0,0,0,0,45.2,0.0,0.0,0.0,365.0,0.0,0.0,0.0,0.0,0.0,0.0,3,0,0.0,0.0,0.0,81.29,45.2,-12.86,0.0,0,2,0,0,0,0,1,0
0,0,1,0,54.0,1,1,0,1,1,1,1,1,0,110.35,6.0,92.0,1.0,274.0,0.0,0.0,0.0,0.0,0.0,0.0,1,0,0.0,0.0,0.0,79.13,109.1324074074074,18.81,6.0,5,0,1,1,0,0,1,0
1,0,1,1,64.0,1,1,0,0,1,0,0,0,1,79.2,0.0,0.0,0.0,365.0,0.0,0.0,0.0,0.0,0.0,0.0,1,0,0.0,0.0,0.0,64.69,84.69765625,-12.34,0.0,1,0,2,1,0,1,0,0
0,0,0,0,64.0,1,0,1,1,0,0,0,0,0,55.5,6.0,16.0,1.0,34.0,0.0,0.0,0.0,0.0,0.0,0.0,1,0,0.0,0.0,0.0,20.82,41.05234375,-2.56,6.0,2,0,2,0,0,1,0,0
0,0,1,1,48.0,1,1,1,1,0,0,1,1,1,103.25,0.0,0.0,0.0,365.0,0.0,0.0,0.0,0.0,0.0,0.0,2,0,0.0,0.0,0.0,50.44,104.94895833333334,11.71,0.0,4,0,1,1,0,1,0,0
0,0,1,0,8.0,1,1,0,0,0,1,0,1,1,90.25,0.0,0.0,0.0,365.0,0.0,0.0,0.0,0.0,0.0,0.0,2,1,0.5,8.02,16.05,43.04,92.96875,-1.29,0.0,2,3,0,1,0,0,1,0
1,0,1,1,71.0,1,1,1,1,1,1,1,1,1,91.25,10.0,255.5,2.0,171.0,1.0,31.2,31.2,1.0,0.0,1.0,1,0,0.0,0.0,0.0,29.5,92.8112676056338,33.19,5.0,6,0,2,0,0,0,0,1
1,0,0,0,2.0,1,0,1,0,0,0,0,0,1,47.8,0.0,0.0,0.0,365.0,0.0,0.0,0.0,0.0,0.0,0.0,3,0,0.0,0.0,0.0,50.25,46.225,-10.26,0.0,1,2,0,0,0,0,1,0
1,0,1,0,67.0,1,0,1,1,0,0,1,1,1,100.9,0.0,0.0,0.0,365.0,0.0,0.0,0.0,0.0,0.0,0.0,1,0,0.0,0.0,0.0,60.34,100.49477611940299,9.36,0.0,4,0,1,1,0,1,0,0
1,0,1,1,34.0,1,1,0,1,0,0,1,1,1,97.7,0.0,0.0,0.0,365.0,2.0,32.95,58.4,2.0,0.0,1.0,2,0,0.0,0.0,0.0,68.17,100.29411764705883,6.16,0.0,3,1,0,1,0,0,0,0
0,0,0,0,3.0,1,0,0,0,0,0,0,0,1,69.85,4.0,59.0,1.0,54.0,0.0,0.0,0.0,0.0,0.0,0.0,3,0,0.0,0.0,0.0,56.75,66.61666666666666,-21.69,4.0,0,2,0,1,0,0,1,0
0,0,1,1,9.0,1,0,0,1,0,1,1,0,1,65.6,0.0,0.0,0.0,365.0,0.0,0.0,0.0,0.0,0.0,0.0,2,0,0.0,0.0,0.0,61.11,65.92222222222222,7.54,0.0,3,1,1,0,0,0,0,1
1,0,1,1,71.0,1,0,1,1,1,0,1,1,1,104.65,0.0,0.0,0.0,365.0,0.0,0.0,0.0,0.0,0.0,0.0,3,0,0.0,0.0,0.0,86.19,102.65352112676055,13.11,0.0,5,0,1,1,0,0,0,0
1,0,0,0,57.0,1,1,0,0,0,1,1,0,1,90.45,0.0,0.0,0.0,365.0,0.0,0.0,0.0,0.0,0.0,0.0,3,0,0.0,0.0,0.0,59.35,91.75087719298246,-1.09,0.0,2,0,2,1,0,1,0,0
1,0,0,0,64.0,0,0,1,1,1,1,1,1,1,63.7,0.0,0.0,0.0,365.0,0.0,0.0,0.0,0.0,0.0,0.0,2,0,0.0,0.0,0.0,63.34,69.7625,5.64,0.0,6,0,2,0,0,0,0,0
0,1,1,1,48.0,1,0,1,0,1,1,1,1,1,104.5,0.0,0.0,0.0,365.0,0.0,0.0,0.0,0.0,0.0,0.0,2,0,0.0,0.0,0.0,39.38,105.58437500000001,12.96,0.0,5,1,0,1,0,0,1,0
1,0,0,0,18.0,1,0,0,0,0,0,0,0,0,20.1,0.0,0.0,0.0,365.0,0.0,0.0,0.0,0.0,0.0,0.0,3,0,0.0,0.0,0.0,66.31,22.325000000000003,-0.97,0.0,0,0,1,0,1,0,0,1
1,0,1,1,43.0,1,1,0,0,1,1,1,1,1,104.3,3.0,84.0,1.0,114.0,1.0,28.3,28.3,0.0,1.0,0.0,1,0,0.0,0.0,0.0,108.24,103.53139534883722,12.76,3.0,4,0,1,1,0,1,0,0
0,0,1,1,72.0,1,1,1,1,1,1,1,1,1,93.25,0.0,0.0,0.0,365.0,0.0,0.0,0.0,0.0,0.0,0.0,3,0,0.0,0.0,0.0,42.22,92.90208333333334,35.19,0.0,6,0,2,0,0,0,0,0
1,0,1,1,35.0,1,1,0,0,0,1,1,1,1,73.45,0.0,0.0,0.0,365.0,0.0,0.0,0.0,0.0,0.0,0.0,3,1,0.33,10.91,32.73,93.48,76.03142857142856,15.39,0.0,3,1,1,0,0,0,0,0
1,0,0,0,4.0,1,0,0,0,0,0,0,0,0,20.7,0.0,0.0,0.0,365.0,0.0,0.0,0.0,0.0,0.0,0.0,3,1,0.33,7.49,22.47,65.37,18.2625,-0.37,0.0,0,3,0,0,1,0,0,1
0,0,1,1,49.0,1,1,0,0,0,0,0,0,0,25.25,0.0,0.0,0.0,365.0,1.0,25.2,25.2,0.0,0.0,0.0,3,1,0.33,6.93,20.79,97.61,24.727551020408164,4.18,0.0,0,1,2,0,1,0,0,1
0,0,1,1,71.0,1,1,1,1,1,0,1,0,0,100.5,0.0,0.0,0.0,365.0,0.0,0.0,0.0,0.0,0.0,0.0,2,0,0.0,0.0,0.0,80.41,99.02323943661972,8.96,0.0,4,0,2,1,0,0,0,0
1,0,1,1,11.0,1,0,0,0,0,0,1,1,0,90.6,0.0,0.0,0.0,365.0,1.0,10.5,10.5,0.0,0.0,0.0,1,1,1.0,9.77,9.77,48.31,92.74545454545455,-0.94,0.0,2,3,0,1,0,0,1,0
1,0,1,1,63.0,1,1,1,1,1,1,1,1,1,89.4,0.0,0.0,0.0,365.0,0.0,0.0,0.0,0.0,0.0,0.0,3,1,0.33,1.22,3.67,69.05,88.8515873015873,31.34,0.0,6,1,2,0,0,1,0,0
0,1,0,0,65.0,1,1,0,1,1,0,1,0,1,95.45,0.0,0.0,0.0,365.0,0.0,0.0,0.0,0.0,0.0,0.0,2,0,0.0,0.0,0.0,82.15,95.74307692307693,3.91,0.0,3,1,0,1,0,0,0,0
0,0,0,1,49.0,1,0,0,0,0,0,0,0,0,20.45,0.0,0.0,0.0,365.0,0.0,0.0,0.0,0.0,0.0,0.0,1,0,0.0,0.0,0.0,104.48,20.91122448979592,-0.62,0.0,0,0,2,0,1,1,0,0
0,0,0,0,12.0,1,1,0,0,1,0,1,1,1,98.6,9.0,241.0,2.0,116.0,0.0,0.0,0.0,0.0,0.0,0.0,3,0,0.0,0.0,0.0,91.96,244.4333333333333,7.06,4.5,3,1,0,1,0,1,0,0
0,1,1,0,15.0,1,1,0,0,1,1,0,0,1,83.05,2.0,61.0,1.0,272.0,0.0,0.0,0.0,0.0,0.0,0.0,1,0,0.0,0.0,0.0,51.36,83.88666666666667,-8.49,2.0,2,1,0,1,0,0,1,0
0,0,1,1,4.0,1,0,0,0,0,0,0,0,1,19.95,0.0,0.0,0.0,365.0,0.0,0.0,0.0,0.0,0.0,0.0,2,0,0.0,0.0,0.0,98.53,20.725,-1.12,0.0,0,2,0,0,1,0,1,0
0,0,1,0,72.0,1,1,0,1,1,1,1,1,0,109.15,0.0,0.0,0.0,365.0,0.0,0.0,0.0,0.0,0.0,0.0,1,0,0.0,0.0,0.0,108.22,108.1888888888889,17.61,0.0,5,0,1,1,0,1,0,0
0,1,1,0,26.0,1,0,0,0,1,0,1,0,1,85.7,3.0,272.0,1.0,103.0,0.0,0.0,0.0,0.0,0.0,0.0,3,1,0.33,8.78,26.34,64.47,79.5,-5.84,3.0,2,2,0,1,0,1,0,0
0,1,1,0,35.0,1,1,0,0,1,0,1,1,0,102.05,0.0,0.0,0.0,365.0,0.0,0.0,0.0,0.0,0.0,0.0,2,0,0.0,0.0,0.0,34.22,98.64428571428572,10.51,0.0,3,1,0,1,0,0,0,0
0,0,0,0,57.0,1,1,0,1,0,1,0,1,0,94.7,4.0,295.0,1.0,313.0,0.0,0.0,0.0,0.0,0.0,0.0,3,0,0.0,0.0,0.0,70.32,95.94649122807017,3.16,4.0,3,0,1,1,0,0,1,0
1,0,1,1,28.0,1,1,0,1,0,0,0,1,0,64.4,0.0,0.0,0.0,365.0,0.0,0.0,0.0,0.0,0.0,0.0,3,2,0.67,3.98,10.21,47.4,64.3625,6.34,0.0,2,2,0,0,0,0,1,0
0,0,1,0,25.0,1,1,0,0,0,0,0,0,1,26.8,0.0,0.0,0.0,365.0,0.0,0.0,0.0,0.0,0.0,0.0,2,0,0.0,0.0,0.0,63.44,29.342,5.73,0.0,0,0,1,0,1,0,0,1
0,0,1,0,47.0,1,0,1,0,1,0,1,0,1,66.05,2.0,16.0,1.0,172.0,0.0,0.0,0.0,0.0,0.0,0.0,3,1,0.33,5.92,17.76,95.56,64.28617021276595,7.99,2.0,3,1,1,0,0,1,0,0
0,0,1,1,12.0,1,1,1,1,0,1,0,0,0,65.2,0.0,0.0,0.0,365.0,0.0,0.0,0.0,0.0,0.0,0.0,3,0,0.0,0.0,0.0,81.22,307.3208333333333,7.14,0.0,3,1,0,0,0,0,0,0
1,1,1,0,16.0,1,1,0,0,0,0,1,0,1,85.05,4.0,214.0,1.0,191.0,0.0,0.0,0.0,0.0,0.0,0.0,2,1,0.5,8.32,16.65,52.86,86.946875,-6.49,4.0,1,2,0,1,0,1,0,0
1,0,0,0,5.0,1,0,1,0,1,0,0,0,1,55.8,0.0,0.0,0.0,365.0,0.0,0.0,0.0,0.0,0.0,0.0,1,0,0.0,0.0,0.0,64.49,54.870000000000005,-2.26,0.0,2,2,0,0,0,0,0,1
1,0,1,0,17.0,1,0,0,0,0,0,0,0,1,91.75,0.0,0.0,0.0,365.0,0.0,0.0,0.0,0.0,0.0,0.0,2,0,0.0,0.0,0.0,60.36,71.41470588235293,0.21,0.0,0,1,0,1,0,0,0,0
0,1,0,0,56.0,1,1,0,1,1,0,1,1,1,104.75,0.0,0.0,0.0,365.0,0.0,0.0,0.0,0.0,0.0,0.0,1,0,0.0,0.0,0.0,39.1,98.40446428571428,13.21,0.0,4,0,1,1,0,0,0,0
1,0,1,1,72.0,1,0,0,0,0,0,0,0,0,19.95,0.0,0.0,0.0,365.0,0.0,0.0,0.0,0.0,0.0,0.0,2,0,0.0,0.0,0.0,99.07,18.372916666666665,-1.12,0.0,0,0,2,0,1,0,0,0
0,1,0,0,21.0,1,1,0,0,0,0,1,1,1,94.25,0.0,0.0,0.0,365.0,0.0,0.0,0.0,0.0,0.0,0.0,1,1,1.0,12.5,12.5,35.81,93.98809523809524,2.71,0.0,2,2,0,1,0,0,1,0
0,0,1,1,48.0,0,0,1,0,1,0,0,1,0,45.0,0.0,0.0,0.0,365.0,0.0,0.0,0.0,0.0,0.0,0.0,3,1,0.33,3.42,10.27,54.31,45.75625,-13.06,0.0,3,1,1,0,0,1,0,0
0,0,1,0,68.0,1,1,1,1,1,1,1,1,0,114.9,0.0,0.0,0.0,365.0,0.0,0.0,0.0,0.0,0.0,0.0,2,1,0.5,2.24,4.47,77.38,115.34632352941176,23.36,0.0,6,1,2,1,0,0,0,0
0,0,0,0,30.0,1,1,1,0,0,1,1,1,0,106.4,0.0,0.0,0.0,365.0,0.0,0.0,0.0,0.0,0.0,0.0,1,0,0.0,0.0,0.0,21.02,107.06333333333333,14.86,0.0,4,1,0,1,0,0,0,0
0,0,1,0,3.0,1,0,0,0,0,0,0,0,1,46.1,5.0,235.0,1.0,359.0,0.0,0.0,0.0,0.0,0.0,0.0,1,0,0.0,0.0,0.0,54.71,43.38333333333333,-11.96,5.0,0,2,0,0,0,0,0,1
0,1,0,0,14.0,0,0,1,0,1,1,0,0,0,39.7,0.0,0.0,0.0,365.0,1.0,8.3,8.3,1.0,0.0,1.0,3,1,0.33,10.53,31.59,80.64,49.45357142857143,-18.36,0.0,3,1,2,0,0,0,0,1
0,0,0,1,4.0,1,0,0,0,0,0,0,0,1,20.05,0.0,0.0,0.0,365.0,1.0,5.9,5.9,1.0,0.0,1.0,2,0,0.0,0.0,0.0,38.38,21.375,-1.02,0.0,0,2,0,0,1,0,0,0
0,0,1,1,71.0,1,1,0,1,1,0,0,1,1,95.75,0.0,0.0,0.0,365.0,0.0,0.0,0.0,0.0,0.0,0.0,3,0,0.0,0.0,0.0,38.81,96.47042253521126,4.21,0.0,3,0,2,1,0,1,0,0
1,0,1,1,8.0,1,1,0,0,0,0,0,0,0,24.4,9.0,143.5,2.0,49.0,0.0,0.0,0.0,0.0,0.0,0.0,1,0,0.0,0.0,0.0,107.9,25.49375,3.33,4.5,0,1,1,0,1,0,0,1
1,0,1,1,61.0,0,0,1,0,1,0,0,0,0,33.6,0.0,0.0,0.0,365.0,0.0,0.0,0.0,0.0,0.0,0.0,1,0,0.0,0.0,0.0,50.46,34.708196721311474,-24.46,0.0,2,1,0,0,0,0,0,0
1,0,1,1,72.0,1,1,0,1,1,1,0,0,0,90.45,8.0,208.5,2.0,59.0,0.0,0.0,0.0,0.0,0.0,0.0,1,0,0.0,0.0,0.0,95.2,91.19236111111111,-1.09,4.0,3,0,2,1,0,0,0,0
0,0,0,0,5.0,1,1,0,0,0,0,1,0,1,84.0,0.0,0.0,0.0,365.0,0.0,0.0,0.0,0.0,0.0,0.0,3,0,0.0,0.0,0.0,76.95,84.95,-7.54,0.0,1,2,0,1,0,0,1,0
0,0,0,0,64.0,1,0,1,1,1,1,0,0,0,67.4,9.0,58.0,1.0,224.0,1.0,1.5,1.5,0.0,0.0,0.0,1,1,1.0,19.58,19.58,97.27,51.66953125,9.34,9.0,4,1,2,0,0,0,0,0
1,0,0,0,8.0,1,0,0,0,0,0,0,0,1,19.7,5.0,54.0,2.0,18.0,1.0,51.4,51.4,1.0,0.0,1.0,1,0,0.0,0.0,0.0,81.02,21.1125,-1.37,2.5,0,2,0,0,1,0,0,0
1,0,0,0,3.0,1,0,0,0,0,0,0,1,1,80.35,0.0,0.0,0.0,365.0,0.0,0.0,0.0,0.0,0.0,0.0,2,0,0.0,0.0,0.0,56.24,84.60000000000001,-11.19,0.0,1,2,0,1,0,0,1,0
1,0,1,1,64.0,1,0,0,0,0,0,0,0,0,19.6,2.0,258.0,1.0,33.0,0.0,0.0,0.0,0.0,0.0,0.0,1,0,0.0,0.0,0.0,105.04,3.084375,-1.47,2.0,0,0,2,0,1,0,0,1
1,0,1,1,67.0,1,0,1,1,0,0,0,0,1,54.2,12.0,146.5,2.0,271.0,0.0,0.0,0.0,0.0,0.0,0.0,2,0,0.0,0.0,0.0,28.84,57.286567164179104,-3.86,6.0,2,0,2,0,0,0,0,0
1,0,0,0,46.0,1,0,0,0,0,0,0,0,1,45.2,0.0,0.0,0.0,365.0,0.0,0.0,0.0,0.0,0.0,0.0,2,1,0.5,7.24,14.49,41.1,44.8945652173913,-12.86,0.0,0,2,0,0,0,1,0,0
0,0,1,0,67.0,1,1,1,1,1,0,0,1,0,75.1,11.0,186.5,2.0,108.0,0.0,0.0,0.0,0.0,0.0,0.0,1,0,0.0,0.0,0.0,42.72,75.58880597014925,17.04,5.5,4,0,1,0,0,0,0,1
0,0,1,0,55.0,1,0,0,0,0,0,0,0,0,19.7,0.0,0.0,0.0,365.0,0.0,0.0,0.0,0.0,0.0,0.0,3,0,0.0,0.0,0.0,51.31,20.728181818181817,-1.37,0.0,0,0,1,0,1,0,1,0
1,0,1,0,33.0,1,1,1,1,1,0,1,0,1,72.75,0.0,0.0,0.0,365.0,0.0,0.0,0.0,0.0,0.0,0.0,3,0,0.0,0.0,0.0,81.21,74.1651515151515,14.69,0.0,4,1,0,0,0,0,0,0
1,0,1,1,62.0,1,0,0,0,0,0,0,0,0,20.05,0.0,0.0,0.0,365.0,0.0,0.0,0.0,0.0,0.0,0.0,1,0,0.0,0.0,0.0,37.35,20.385483870967743,-1.02,0.0,0,0,2,0,1,1,0,0
0,0,0,1,1.0,1,0,0,0,0,0,0,0,0,45.95,5.0,96.0,1.0,285.0,0.0,0.0,0.0,0.0,0.0,0.0,3,0,0.0,0.0,0.0,49.66,45.95,-12.11,5.0,0,2,0,0,0,0,0,1
1,0,1,1,49.0,0,0,1,0,0,0,0,1,1,39.2,0.0,0.0,0.0,365.0,0.0,0.0,0.0,0.0,0.0,0.0,3,0,0.0,0.0,0.0,72.68,37.51326530612245,-18.86,0.0,2,1,0,0,0,0,1,0
1,0,0,0,1.0,1,0,0,0,0,0,0,0,1,44.75,0.0,0.0,0.0,365.0,0.0,0.0,0.0,0.0,0.0,0.0,2,0,0.0,0.0,0.0,67.28,44.75,-13.31,0.0,0,2,0,0,0,0,1,0
1,0,1,0,14.0,1,1,0,1,1,0,0,0,1,82.65,5.0,147.0,1.0,100.0,0.0,0.0,0.0,0.0,0.0,0.0,3,0,0.0,0.0,0.0,109.25,84.64285714285714,-8.89,5.0,2,1,0,1,0,0,1,0
1,1,0,0,18.0,1,1,0,0,1,1,1,0,0,93.9,0.0,0.0,0.0,365.0,0.0,0.0,0.0,0.0,0.0,0.0,1,0,0.0,0.0,0.0,86.45,96.88333333333334,2.36,0.0,3,1,0,1,0,0,0,0
0,1,0,0,1.0,1,0,0,0,0,0,0,0,1,91.75,0.0,0.0,0.0,365.0,0.0,0.0,0.0,0.0,0.0,0.0,3,0,0.0,0.0,0.0,52.08,70.15,0.21,0.0,0,2,0,1,0,0,1,0
0,0,0,0,1.0,1,0,0,0,1,0,1,0,1,85.55,4.0,120.0,1.0,127.0,1.0,8.9,8.9,0.0,0.0,0.0,1,0,0.0,0.0,0.0,72.24,85.55,-5.99,4.0,2,2,0,1,0,1,0,0
0,0,1,0,72.0,1,1,1,1,1,1,1,1,1,117.15,8.0,55.0,1.0,114.0,0.0,0.0,0.0,0.0,0.0,0.0,3,0,0.0,0.0,0.0,58.36,118.46527777777777,25.61,8.0,6,0,2,1,0,1,0,0
1,0,0,0,64.0,1,1,1,0,1,1,0,1,0,91.75,0.0,0.0,0.0,365.0,0.0,0.0,0.0,0.0,0.0,0.0,2,0,0.0,0.0,0.0,50.68,102.33515625,0.21,0.0,4,0,2,1,0,1,0,0
1,0,1,0,69.0,1,1,1,1,1,1,1,1,1,112.55,0.0,0.0,0.0,365.0,0.0,0.0,0.0,0.0,0.0,0.0,1,0,0.0,0.0,0.0,110.62,113.1376811594203,21.01,0.0,6,0,2,1,0,0,0,0
0,0,0,0,1.0,1,1,0,0,0,0,0,0,1,25.7,0.0,0.0,0.0,365.0,0.0,0.0,0.0,0.0,0.0,0.0,2,1,0.5,3.48,6.95,101.86,25.7,4.63,0.0,0,3,0,0,1,0,1,0
1,0,1,1,71.0,1,1,1,1,1,1,1,1,0,90.3,0.0,0.0,0.0,365.0,0.0,0.0,0.0,0.0,0.0,0.0,1,0,0.0,0.0,0.0,63.05,88.55352112676057,32.24,0.0,6,0,2,0,0,1,0,0
0,0,1,1,66.0,1,0,0,0,0,1,0,0,1,49.4,9.0,34.0,1.0,255.0,0.0,0.0,0.0,0.0,0.0,0.0,3,0,0.0,0.0,0.0,64.67,49.27045454545454,-8.66,9.0,1,0,1,0,0,1,0,0
1,0,0,0,2.0,1,0,0,0,0,0,0,0,0,19.4,9.0,184.0,1.0,352.0,0.0,0.0,0.0,0.0,0.0,0.0,2,0,0.0,0.0,0.0,74.34,25.3,-1.67,9.0,0,2,0,0,1,0,0,1
0,1,1,0,71.0,1,0,1,1,1,1,1,1,1,109.7,2.0,259.0,1.0,248.0,0.0,0.0,0.0,0.0,0.0,0.0,2,0,0.0,0.0,0.0,72.59,111.3274647887324,18.16,2.0,6,0,2,1,0,0,0,0
1,0,0,0,11.0,1,0,0,1,0,0,1,0,1,61.25,0.0,0.0,0.0,365.0,1.0,15.1,15.1,1.0,0.0,1.0,3,0,0.0,0.0,0.0,68.29,66.35909090909091,3.19,0.0,2,1,1,0,0,0,1,0
1,0,0,1,47.0,1,0,1,1,0,0,0,0,1,55.3,8.0,195.0,2.0,66.0,2.0,7.85,15.6,1.0,1.0,0.5,2,0,0.0,0.0,0.0,109.1,56.469148936170214,-2.76,4.0,2,1,0,0,0,0,1,0
0,0,1,0,35.0,1,0,0,0,0,0,0,0,1,70.3,0.0,0.0,0.0,365.0,0.0,0.0,0.0,0.0,0.0,0.0,1,0,0.0,0.0,0.0,55.87,69.04428571428572,-21.24,0.0,0,1,0,1,0,0,1,0
1,1,1,0,32.0,1,1,0,1,1,0,1,1,0,106.35,2.0,285.0,1.0,322.0,0.0,0.0,0.0,0.0,0.0,0.0,2,1,0.5,8.45,16.9,76.98,110.0234375,14.81,2.0,4,2,0,1,0,0,0,0
1,0,1,1,60.0,1,1,0,1,0,1,1,1,1,103.75,5.0,101.0,1.0,121.0,0.0,0.0,0.0,0.0,0.0,0.0,3,0,0.0,0.0,0.0,58.66,99.49916666666667,12.21,5.0,4,1,0,1,0,0,0,0
1,0,0,0,11.0,1,0,0,0,0,0,0,0,0,19.5,10.0,131.0,2.0,193.0,1.0,14.8,14.8,0.0,0.0,0.0,2,0,0.0,0.0,0.0,49.84,20.61818181818182,-1.57,5.0,0,1,1,0,1,0,0,1
0,0,0,0,29.0,0,0,1,1,0,1,0,0,0,39.5,8.0,91.0,1.0,195.0,0.0,0.0,0.0,0.0,0.0,0.0,3,0,0.0,0.0,0.0,86.62,37.33620689655172,-18.56,8.0,3,0,1,0,0,1,0,0
1,0,1,1,21.0,0,0,0,0,0,0,0,0,1,26.05,0.0,0.0,0.0,365.0,0.0,0.0,0.0,0.0,0.0,0.0,2,1,0.5,10.68,21.35,50.06,26.94047619047619,-32.01,0.0,0,2,0,0,0,0,1,0
1,1,1,0,48.0,1,1,0,0,1,0,0,1,1,91.05,0.0,0.0,0.0,365.0,0.0,0.0,0.0,0.0,0.0,0.0,2,0,0.0,0.0,0.0,72.02,91.05729166666667,-0.49,0.0,2,1,0,1,0,1,0,0
0,0,0,1,3.0,0,0,0,1,0,0,0,0,0,29.65,0.0,0.0,0.0,365.0,1.0,28.9,28.9,1.0,0.0,1.0,2,0,0.0,0.0,0.0,82.72,30.016666666666666,-28.41,0.0,1,2,0,0,0,0,0,1
0,0,1,1,43.0,1,0,0,1,0,0,0,0,0,50.2,0.0,0.0,0.0,365.0,0.0,0.0,0.0,0.0,0.0,0.0,3,1,0.33,5.94,17.82,57.1,50.45116279069768,-7.86,0.0,1,2,0,0,0,0,0,1
1,0,0,0,5.0,1,1,0,1,1,0,1,1,0,91.75,0.0,0.0,0.0,365.0,0.0,0.0,0.0,0.0,0.0,0.0,1,0,0.0,0.0,0.0,46.05,110.12,0.21,0.0,4,2,0,1,0,0,1,0
0,0,0,0,1.0,1,0,0,0,0,0,0,1,1,55.45,0.0,0.0,0.0,365.0,1.0,5.1,5.1,1.0,0.0,1.0,2,1,0.5,8.74,17.47,57.88,55.45,-2.61,0.0,1,3,0,0,0,0,1,0
1,0,1,1,71.0,1,1,1,0,1,1,1,1,0,85.45,7.0,206.0,1.0,140.0,0.0,0.0,0.0,0.0,0.0,0.0,1,1,1.0,57.63,57.63,119.69,88.7443661971831,27.39,7.0,5,1,1,0,0,0,1,0
0,0,1,1,8.0,1,0,0,0,0,0,0,0,0,19.8,0.0,0.0,0.0,365.0,0.0,0.0,0.0,0.0,0.0,0.0,1,0,0.0,0.0,0.0,96.58,20.00625,-1.27,0.0,0,1,1,0,1,0,1,0
1,0,0,0,8.0,1,1,0,0,0,0,1,0,1,59.25,0.0,0.0,0.0,365.0,0.0,0.0,0.0,0.0,0.0,0.0,3,2,0.67,20.23,50.13,89.72,54.575,1.19,0.0,1,3,0,0,0,0,1,0
1,0,0,0,20.0,1,1,0,0,1,0,1,0,1,90.7,0.0,0.0,0.0,365.0,1.0,6.9,6.9,0.0,0.0,0.0,1,0,0.0,0.0,0.0,114.91,89.0675,-0.84,0.0,2,1,0,1,0,1,0,0
0,0,1,1,33.0,1,1,1,0,1,0,1,1,1,103.7,0.0,0.0,0.0,365.0,0.0,0.0,0.0,0.0,0.0,0.0,2,1,0.5,2.48,4.97,28.62,105.06060606060606,12.16,0.0,4,1,1,1,0,0,0,1
1,0,0,0,71.0,1,1,0,1,0,0,0,0,1,79.05,0.0,0.0,0.0,365.0,0.0,0.0,0.0,0.0,0.0,0.0,1,0,0.0,0.0,0.0,73.19,78.20422535211267,-12.49,0.0,1,0,1,1,0,1,0,0
0,1,1,0,31.0,1,1,0,0,1,0,1,0,1,90.7,10.0,149.0,1.0,262.0,0.0,0.0,0.0,0.0,0.0,0.0,3,1,0.33,5.81,17.43,87.83,91.46774193548387,-0.84,10.0,2,1,1,1,0,0,1,0
0,1,1,0,38.0,1,1,1,1,0,0,0,1,0,95.0,0.0,0.0,0.0,365.0,0.0,0.0,0.0,0.0,0.0,0.0,2,1,0.5,17.03,34.06,78.53,94.50657894736842,3.46,0.0,3,1,1,1,0,1,0,0
1,0,0,0,1.0,1,0,0,0,0,0,1,1,1,88.35,0.0,0.0,0.0,365.0,0.0,0.0,0.0,0.0,0.0,0.0,2,0,0.0,0.0,0.0,56.04,88.35,-3.19,0.0,2,2,0,1,0,0,1,0
0,0,1,1,2.0,0,0,0,1,0,0,0,0,1,30.25,0.0,0.0,0.0,365.0,0.0,0.0,0.0,0.0,0.0,0.0,2,0,0.0,0.0,0.0,85.64,31.875,-27.81,0.0,1,2,0,0,0,0,0,1
0,0,1,0,12.0,0,0,0,0,1,0,1,1,1,49.85,0.0,0.0,0.0,365.0,0.0,0.0,0.0,0.0,0.0,0.0,3,1,0.33,3.62,10.87,60.06,51.42916666666667,-8.21,0.0,3,2,0,0,0,0,0,0
0,0,0,1,9.0,1,0,1,0,1,1,0,1,0,93.0,0.0,0.0,0.0,365.0,1.0,7.4,7.4,1.0,0.0,1.0,1,0,0.0,0.0,0.0,92.65,96.69444444444444,1.46,0.0,4,2,0,1,0,0,0,0
1,1,0,1,11.0,1,0,0,1,0,1,0,0,1,54.55,10.0,131.0,1.0,278.0,0.0,0.0,0.0,0.0,0.0,0.0,1,0,0.0,0.0,0.0,42.1,54.65909090909091,-3.51,10.0,2,2,0,0,0,0,1,0
1,0,0,1,12.0,1,0,0,0,0,0,0,0,0,19.7,0.0,0.0,0.0,365.0,0.0,0.0,0.0,0.0,0.0,0.0,3,0,0.0,0.0,0.0,41.67,9.304166666666667,-1.37,0.0,0,1,0,0,1,0,0,1
0,0,1,0,71.0,1,0,1,1,1,1,1,1,1,84.8,0.0,0.0,0.0,365.0,0.0,0.0,0.0,0.0,0.0,0.0,2,0,0.0,0.0,0.0,84.72,85.15633802816902,26.74,0.0,6,0,1,0,0,0,0,0
0,0,1,1,42.0,1,1,1,1,0,0,1,0,1,94.45,0.0,0.0,0.0,365.0,0.0,0.0,0.0,0.0,0.0,0.0,2,0,0.0,0.0,0.0,113.34,93.42380952380952,2.91,0.0,3,0,1,1,0,1,0,0
0,0,1,1,8.0,1,0,0,0,1,0,1,1,1,94.2,0.0,0.0,0.0,365.0,0.0,0.0,0.0,0.0,0.0,0.0,1,0,0.0,0.0,0.0,46.74,97.1625,2.66,0.0,3,2,0,1,0,0,1,0
0,0,0,0,5.0,1,0,0,1,0,0,1,1,1,96.25,0.0,0.0,0.0,365.0,0.0,0.0,0.0,0.0,0.0,0.0,3,1,0.33,14.24,42.73,75.96,102.49000000000001,4.71,0.0,3,3,0,1,0,0,1,0
0,0,1,0,2.0,1,0,0,0,0,0,0,0,1,70.7,0.0,0.0,0.0,365.0,0.0,0.0,0.0,0.0,0.0,0.0,1,0,0.0,0.0,0.0,91.43,70.725,-20.84,0.0,0,2,0,1,0,0,1,0
0,0,1,1,45.0,1,0,0,0,0,0,0,0,0,20.85,0.0,0.0,0.0,365.0,0.0,0.0,0.0,0.0,0.0,0.0,3,0,0.0,0.0,0.0,73.39,19.825555555555557,-0.22,0.0,0,0,2,0,1,0,0,1
1,0,1,1,28.0,0,0,0,1,1,1,1,1,1,60.0,0.0,0.0,0.0,365.0,0.0,0.0,0.0,0.0,0.0,0.0,3,0,0.0,0.0,0.0,70.3,60.073214285714286,1.94,0.0,5,0,1,0,0,1,0,0
0,0,1,0,43.0,1,1,0,1,0,0,0,0,0,80.45,0.0,0.0,0.0,365.0,0.0,0.0,0.0,0.0,0.0,0.0,3,0,0.0,0.0,0.0,71.76,79.04418604651163,-11.09,0.0,1,1,0,1,0,0,1,0
1,0,0,1,60.0,1,1,1,0,1,1,1,1,1,84.95,0.0,0.0,0.0,365.0,1.0,10.4,10.4,0.0,0.0,0.0,3,1,0.33,7.3,21.9,88.67,83.08083333333335,26.89,0.0,5,1,2,0,0,0,1,0
0,0,1,0,44.0,0,0,0,1,0,1,0,0,0,33.55,5.0,203.0,1.0,99.0,1.0,87.6,87.6,0.0,0.0,0.0,3,0,0.0,0.0,0.0,59.13,32.84772727272727,-24.51,5.0,2,0,1,0,0,0,0,1
1,0,1,1,7.0,0,0,1,0,1,1,0,1,0,49.65,4.0,199.0,1.0,25.0,1.0,1.9,1.9,0.0,0.0,0.0,1,0,0.0,0.0,0.0,27.57,43.65,-8.41,4.0,4,1,2,0,0,1,0,0
0,0,1,0,25.0,1,0,0,0,0,0,0,0,1,20.2,0.0,0.0,0.0,365.0,1.0,6.6,6.6,0.0,1.0,0.0,3,1,0.33,7.48,22.43,68.38,20.316,-0.87,0.0,0,1,1,0,1,0,0,0
0,1,1,1,40.0,1,1,0,0,0,0,1,1,1,94.55,4.0,153.0,1.0,199.0,0.0,0.0,0.0,0.0,0.0,0.0,2,1,0.5,3.17,6.34,75.1,91.01124999999999,3.01,4.0,2,2,0,1,0,1,0,0
1,0,0,0,27.0,1,1,0,0,1,0,1,1,1,100.5,7.0,36.0,1.0,60.0,0.0,0.0,0.0,0.0,0.0,0.0,2,0,0.0,0.0,0.0,68.5,99.01666666666667,8.96,7.0,3,0,1,1,0,0,0,0
1,0,0,0,10.0,0,0,0,1,0,1,0,0,0,35.75,6.0,157.0,1.0,253.0,1.0,28.8,28.8,0.0,1.0,0.0,3,2,0.67,21.35,34.29,96.63,38.980000000000004,-22.31,6.0,2,3,0,0,0,0,1,0
0,1,0,0,27.0,1,1,0,1,1,0,0,0,1,86.45,8.0,274.0,1.0,345.0,0.0,0.0,0.0,0.0,0.0,0.0,3,1,0.33,7.5,22.51,51.08,88.92777777777779,-5.09,8.0,2,2,0,1,0,0,0,0
0,0,0,0,11.0,1,0,0,0,1,1,0,0,0,53.8,0.0,0.0,0.0,365.0,0.0,0.0,0.0,0.0,0.0,0.0,2,0,0.0,0.0,0.0,86.0,59.23181818181818,-4.26,0.0,2,1,1,0,0,0,0,0
1,0,1,1,4.0,0,0,1,0,0,0,1,0,0,38.55,0.0,0.0,0.0,365.0,0.0,0.0,0.0,0.0,0.0,0.0,2,0,0.0,0.0,0.0,39.74,39.025,-19.51,0.0,2,2,0,0,0,1,0,0
1,0,0,0,68.0,0,0,0,0,1,0,0,1,1,39.9,0.0,0.0,0.0,365.0,0.0,0.0,0.0,0.0,0.0,0.0,3,0,0.0,0.0,0.0,89.42,41.12279411764706,-18.16,0.0,2,1,0,0,0,0,0,0
1,1,0,0,1.0,1,0,0,0,0,0,0,0,1,70.05,4.0,246.0,1.0,81.0,0.0,0.0,0.0,0.0,0.0,0.0,3,0,0.0,0.0,0.0,52.26,70.05,-21.49,4.0,0,2,0,1,0,0,1,0
0,0,0,0,18.0,1,0,0,0,0,0,0,0,0,20.1,3.0,132.0,1.0,202.0,0.0,0.0,0.0,0.0,0.0,0.0,2,0,0.0,0.0,0.0,42.38,22.61388888888889,-0.97,3.0,0,0,1,0,1,0,0,1
0,0,0,0,57.0,1,1,1,1,1,0,1,1,1,112.95,0.0,0.0,0.0,365.0,0.0,0.0,0.0,0.0,0.0,0.0,1,1,1.0,9.52,9.52,48.67,113.42105263157895,21.41,0.0,5,1,2,1,0,0,0,0
1,0,0,0,26.0,1,0,0,0,0,0,0,0,1,20.3,12.0,96.0,1.0,109.0,0.0,0.0,0.0,0.0,0.0,0.0,1,0,0.0,0.0,0.0,64.35,19.66346153846154,-0.77,12.0,0,1,0,0,1,0,1,0
0,0,1,0,17.0,0,0,0,1,1,0,0,0,1,35.65,4.0,259.0,1.0,84.0,1.0,8.8,8.8,0.0,0.0,0.0,1,0,0.0,0.0,0.0,39.18,38.002941176470586,-22.41,4.0,2,1,0,0,0,1,0,0
1,0,0,0,1.0,0,0,0,0,0,0,0,1,0,35.9,0.0,0.0,0.0,365.0,0.0,0.0,0.0,0.0,0.0,0.0,2,1,0.5,5.42,10.85,89.24,35.9,-22.16,0.0,1,3,0,0,0,0,1,0
1,0,0,1,38.0,1,1,0,0,1,0,1,1,1,99.25,14.0,89.0,2.0,2.0,1.0,16.4,16.4,0.0,0.0,0.0,3,0,0.0,0.0,0.0,59.78,99.39868421052631,7.71,7.0,3,1,0,1,0,0,0,0
1,1,1,0,59.0,1,0,1,1,1,0,0,0,1,82.95,0.0,0.0,0.0,365.0,0.0,0.0,0.0,0.0,0.0,0.0,1,0,0.0,0.0,0.0,41.85,83.1042372881356,-8.59,0.0,3,0,1,1,0,1,0,0
1,0,0,0,30.0,1,0,1,0,1,0,0,0,1,55.65,2.0,243.0,1.0,61.0,0.0,0.0,0.0,0.0,0.0,0.0,2,0,0.0,0.0,0.0,58.84,55.12833333333333,-2.41,2.0,2,0,2,0,0,0,0,1
1,1,0,0,2.0,0,0,0,0,0,0,0,0,1,24.45,0.0,0.0,0.0,365.0,0.0,0.0,0.0,0.0,0.0,0.0,3,0,0.0,0.0,0.0,63.91,23.75,-33.61,0.0,0,2,0,0,0,0,0,1
0,1,1,0,50.0,1,1,0,0,0,0,0,0,0,25.2,9.0,65.0,1.0,265.0,0.0,0.0,0.0,0.0,0.0,0.0,3,0,0.0,0.0,0.0,67.56,26.125999999999998,4.13,9.0,0,0,1,0,1,0,1,0
1,0,0,0,9.0,0,0,1,0,1,1,0,1,0,50.8,0.0,0.0,0.0,365.0,0.0,0.0,0.0,0.0,0.0,0.0,1,0,0.0,0.0,0.0,46.46,51.51111111111111,-7.26,0.0,4,1,1,0,0,0,0,1
0,0,1,1,3.0,1,0,0,0,0,0,0,0,0,19.65,0.0,0.0,0.0,365.0,0.0,0.0,0.0,0.0,0.0,0.0,2,0,0.0,0.0,0.0,53.76,20.216666666666665,-1.42,0.0,0,2,0,0,1,0,0,1
0,0,0,1,14.0,1,0,0,0,1,0,1,0,1,59.8,0.0,0.0,0.0,365.0,1.0,2.1,2.1,1.0,0.0,1.0,2,0,0.0,0.0,0.0,62.4,58.917857142857144,1.74,0.0,2,1,0,0,0,1,0,0
0,1,0,0,31.0,1,0,1,0,0,0,0,0,1,73.55,0.0,0.0,0.0,365.0,0.0,0.0,0.0,0.0,0.0,0.0,2,1,0.5,11.58,23.16,46.37,67.56935483870969,-17.99,0.0,1,2,0,1,0,1,0,0
0,0,0,0,7.0,1,0,1,1,1,0,0,0,0,61.4,0.0,0.0,0.0,365.0,0.0,0.0,0.0,0.0,0.0,0.0,1,0,0.0,0.0,0.0,119.94,62.699999999999996,3.34,0.0,3,2,0,0,0,0,1,0
0,0,0,0,8.0,1,1,1,0,0,1,1,1,1,103.35,2.0,56.0,1.0,171.0,0.0,0.0,0.0,0.0,0.0,0.0,2,0,0.0,0.0,0.0,71.24,105.9125,11.81,2.0,4,2,0,1,0,0,0,0
1,0,1,1,17.0,1,0,0,0,0,0,0,0,0,19.9,5.0,254.0,1.0,342.0,0.0,0.0,0.0,0.0,0.0,0.0,3,0,0.0,0.0,0.0,72.03,19.397058823529413,-1.17,5.0,0,0,1,0,1,0,0,0
1,0,1,1,32.0,1,0,0,0,0,0,0,0,1,19.45,0.0,0.0,0.0,365.0,0.0,0.0,0.0,0.0,0.0,0.0,2,0,0.0,0.0,0.0,77.94,21.0796875,-1.62,0.0,0,1,0,0,1,1,0,0
0,1,0,0,2.0,1,0,0,0,0,0,1,0,0,81.5,10.0,84.0,1.0,149.0,0.0,0.0,0.0,0.0,0.0,0.0,1,1,1.0,37.19,37.19,91.33,81.275,-10.04,10.0,1,3,0,1,0,0,0,1
1,1,0,0,7.0,1,1,0,0,0,0,1,0,1,84.8,5.0,36.0,1.0,77.0,0.0,0.0,0.0,0.0,0.0,0.0,2,0,0.0,0.0,0.0,87.34,78.13571428571429,-6.74,5.0,1,2,0,1,0,0,1,0
0,0,1,1,72.0,1,1,1,1,1,0,1,1,0,109.55,0.0,0.0,0.0,365.0,0.0,0.0,0.0,0.0,0.0,0.0,3,1,0.33,2.55,7.66,68.88,109.54513888888889,18.01,0.0,5,1,2,1,0,1,0,0
0,1,0,0,31.0,1,1,0,1,0,0,1,1,1,99.95,0.0,0.0,0.0,365.0,0.0,0.0,0.0,0.0,0.0,0.0,1,1,1.0,35.79,35.79,93.63,102.79516129032258,8.41,0.0,3,2,0,1,0,0,1,0
0,0,1,1,27.0,1,0,1,0,0,0,0,0,0,74.4,0.0,0.0,0.0,365.0,0.0,0.0,0.0,0.0,0.0,0.0,1,0,0.0,0.0,0.0,56.07,73.05,-17.14,0.0,1,1,0,1,0,0,0,1
0,0,0,0,18.0,1,1,0,1,0,0,1,0,1,90.0,5.0,178.0,1.0,130.0,0.0,0.0,0.0,0.0,0.0,0.0,2,0,0.0,0.0,0.0,108.81,84.85277777777777,-1.54,5.0,2,1,0,1,0,1,0,0
1,0,0,0,7.0,1,0,0,0,1,0,0,0,1,74.9,4.0,259.0,1.0,204.0,0.0,0.0,0.0,0.0,0.0,0.0,2,0,0.0,0.0,0.0,51.7,70.07857142857144,-16.64,4.0,1,2,0,1,0,0,1,0
0,1,0,0,14.0,1,1,0,1,1,0,1,1,1,104.85,0.0,0.0,0.0,365.0,0.0,0.0,0.0,0.0,0.0,0.0,1,0,0.0,0.0,0.0,60.62,109.38571428571429,13.31,0.0,4,1,0,1,0,0,1,0
1,0,1,1,11.0,1,0,0,0,1,0,1,0,1,59.65,0.0,0.0,0.0,365.0,0.0,0.0,0.0,0.0,0.0,0.0,3,0,0.0,0.0,0.0,87.39,62.11363636363637,1.59,0.0,2,2,0,0,0,0,0,0
0,0,1,1,72.0,1,1,1,0,1,1,1,1,1,110.45,4.0,296.0,1.0,96.0,1.0,2.6,2.6,1.0,0.0,1.0,2,0,0.0,0.0,0.0,73.31,111.92847222222223,18.91,4.0,5,0,2,1,0,0,0,0
1,0,1,1,28.0,1,1,1,1,0,0,1,1,0,106.1,0.0,0.0,0.0,365.0,0.0,0.0,0.0,0.0,0.0,0.0,3,0,0.0,0.0,0.0,36.07,101.69285714285715,14.56,0.0,4,0,1,1,0,0,1,0
1,1,0,0,15.0,1,1,0,0,0,0,0,0,1,74.2,0.0,0.0,0.0,365.0,0.0,0.0,0.0,0.0,0.0,0.0,2,0,0.0,0.0,0.0,97.35,75.59333333333333,-17.34,0.0,0,1,0,1,0,1,0,0
0,1,0,0,4.0,1,1,0,0,0,0,0,0,1,74.45,0.0,0.0,0.0,365.0,0.0,0.0,0.0,0.0,0.0,0.0,2,0,0.0,0.0,0.0,72.96,73.6125,-17.09,0.0,0,2,0,1,0,0,1,0
0,0,0,0,71.0,1,1,0,0,0,0,0,0,0,24.55,0.0,0.0,0.0,365.0,0.0,0.0,0.0,0.0,0.0,0.0,1,0,0.0,0.0,0.0,53.36,24.213380281690142,3.48,0.0,0,0,2,0,1,0,1,0
0,0,0,0,5.0,1,0,0,1,0,1,0,1,1,89.35,0.0,0.0,0.0,365.0,0.0,0.0,0.0,0.0,0.0,0.0,3,0,0.0,0.0,0.0,78.0,92.34,-2.19,0.0,3,2,0,1,0,0,1,0
1,0,1,1,47.0,1,1,0,0,0,0,0,0,0,24.55,7.0,112.0,1.0,35.0,0.0,0.0,0.0,0.0,0.0,0.0,3,2,0.67,7.0,12.28,98.2,24.690425531914894,3.48,7.0,0,1,2,0,1,0,0,1
1,1,1,0,57.0,1,0,0,1,1,0,1,0,1,90.65,0.0,0.0,0.0,365.0,0.0,0.0,0.0,0.0,0.0,0.0,2,1,0.5,12.78,25.57,90.74,91.22456140350877,-0.89,0.0,3,1,1,1,0,0,1,0
1,1,1,0,50.0,1,1,1,0,1,0,1,1,1,105.05,0.0,0.0,0.0,365.0,0.0,0.0,0.0,0.0,0.0,0.0,3,0,0.0,0.0,0.0,79.52,103.266,13.51,0.0,4,0,2,1,0,1,0,0
1,0,0,0,8.0,1,0,0,0,0,0,0,0,1,20.45,0.0,0.0,0.0,365.0,0.0,0.0,0.0,0.0,0.0,0.0,1,0,0.0,0.0,0.0,34.39,20.2875,-0.62,0.0,0,2,0,0,1,1,0,0
0,0,1,1,48.0,1,0,0,0,0,0,0,0,0,19.55,0.0,0.0,0.0,365.0,0.0,0.0,0.0,0.0,0.0,0.0,3,0,0.0,0.0,0.0,59.8,18.403125,-1.52,0.0,0,0,2,0,1,0,0,1
0,0,0,0,70.0,1,0,0,0,0,0,0,0,0,19.7,0.0,0.0,0.0,365.0,0.0,0.0,0.0,0.0,0.0,0.0,1,0,0.0,0.0,0.0,87.0,19.164285714285715,-1.37,0.0,0,0,1,0,1,0,0,0
1,0,0,1,1.0,1,0,1,1,0,1,0,1,1,70.45,0.0,0.0,0.0,365.0,0.0,0.0,0.0,0.0,0.0,0.0,1,0,0.0,0.0,0.0,105.17,70.45,12.39,0.0,4,2,0,0,0,0,0,0
1,0,1,0,8.0,1,1,0,0,0,0,0,1,1,85.65,0.0,0.0,0.0,365.0,0.0,0.0,0.0,0.0,0.0,0.0,1,0,0.0,0.0,0.0,26.12,82.43125,-5.89,0.0,1,2,0,1,0,0,0,0
0,0,0,0,1.0,1,1,0,0,0,0,0,0,1,77.15,0.0,0.0,0.0,365.0,1.0,12.2,12.2,0.0,1.0,0.0,2,0,0.0,0.0,0.0,89.04,77.15,-14.39,0.0,0,2,0,1,0,0,1,0
1,0,0,0,1.0,0,0,0,0,0,0,0,1,1,35.25,3.0,10.0,1.0,164.0,0.0,0.0,0.0,0.0,0.0,0.0,2,0,0.0,0.0,0.0,83.64,35.25,-22.81,3.0,1,2,0,0,0,0,0,0
1,0,1,1,60.0,1,0,0,0,0,0,0,0,0,20.55,0.0,0.0,0.0,365.0,1.0,13.7,13.7,1.0,0.0,1.0,2,0,0.0,0.0,0.0,88.44,20.084166666666665,-0.52,0.0,0,0,2,0,1,0,0,1
1,0,1,1,49.0,1,1,0,0,0,1,1,1,1,97.95,3.0,272.0,1.0,249.0,0.0,0.0,0.0,0.0,0.0,0.0,3,0,0.0,0.0,0.0,72.52,100.36530612244897,6.41,3.0,3,0,1,1,0,0,1,0
1,0,1,0,4.0,0,0,0,1,0,0,1,1,1,48.55,0.0,0.0,0.0,365.0,0.0,0.0,0.0,0.0,0.0,0.0,3,1,0.33,1.66,4.97,66.86,50.25,-9.51,0.0,3,3,0,0,0,0,1,0
0,0,0,0,29.0,1,0,0,0,0,0,0,0,0,20.0,0.0,0.0,0.0,365.0,1.0,49.9,49.9,1.0,0.0,1.0,1,0,0.0,0.0,0.0,59.15,20.66551724137931,-1.07,0.0,0,0,1,0,1,0,0,1
0,0,1,0,67.0,1,1,0,0,0,0,0,0,1,25.25,0.0,0.0,0.0,365.0,0.0,0.0,0.0,0.0,0.0,0.0,1,0,0.0,0.0,0.0,63.17,25.867910447761194,4.18,0.0,0,0,2,0,1,1,0,0
0,0,1,0,53.0,1,1,0,1,0,0,1,1,1,98.4,0.0,0.0,0.0,365.0,0.0,0.0,0.0,0.0,0.0,0.0,3,2,0.67,12.2,22.27,63.78,97.16037735849056,6.86,0.0,3,2,0,1,0,1,0,0
1,0,1,0,67.0,1,1,1,1,1,1,0,0,0,70.9,6.0,89.0,1.0,179.0,1.0,27.9,27.9,0.0,1.0,0.0,3,0,0.0,0.0,0.0,81.1,69.80746268656716,12.84,6.0,4,0,2,0,0,1,0,0
0,0,1,1,6.0,1,0,0,0,0,0,0,0,0,19.85,7.0,170.0,1.0,187.0,0.0,0.0,0.0,0.0,0.0,0.0,3,0,0.0,0.0,0.0,73.18,19.883333333333333,-1.22,7.0,0,2,0,0,1,0,0,1
0,0,0,0,47.0,1,1,0,1,1,0,1,1,1,106.35,0.0,0.0,0.0,365.0,0.0,0.0,0.0,0.0,0.0,0.0,1,0,0.0,0.0,0.0,74.94,103.17234042553193,14.81,0.0,4,1,0,1,0,0,1,0
0,0,0,0,53.0,1,0,1,1,1,1,0,1,0,99.5,8.0,92.0,2.0,36.0,0.0,0.0,0.0,0.0,0.0,0.0,2,0,0.0,0.0,0.0,52.38,102.34433962264151,7.96,4.0,5,0,2,1,0,0,0,1
1,0,1,0,69.0,1,0,1,1,1,1,1,1,1,84.7,0.0,0.0,0.0,365.0,0.0,0.0,0.0,0.0,0.0,0.0,2,0,0.0,0.0,0.0,54.04,85.20144927536231,26.64,0.0,6,0,2,0,0,0,0,1
1,0,0,0,3.0,1,0,1,0,0,0,0,1,1,86.05,0.0,0.0,0.0,365.0,0.0,0.0,0.0,0.0,0.0,0.0,2,0,0.0,0.0,0.0,95.76,81.61666666666666,-5.49,0.0,2,2,0,1,0,0,0,1
1,0,0,0,4.0,1,0,0,0,0,0,0,0,0,56.15,0.0,0.0,0.0,365.0,0.0,0.0,0.0,0.0,0.0,0.0,2,0,0.0,0.0,0.0,53.05,55.1875,-1.91,0.0,0,2,0,0,0,0,0,1
1,0,1,1,56.0,1,1,1,1,0,1,0,1,1,75.85,0.0,0.0,0.0,365.0,0.0,0.0,0.0,0.0,0.0,0.0,3,1,0.33,14.8,44.41,72.04,76.09285714285714,17.79,0.0,4,1,2,0,0,1,0,0
1,1,1,0,59.0,1,1,0,0,0,0,1,1,1,93.85,8.0,6.0,1.0,352.0,0.0,0.0,0.0,0.0,0.0,0.0,2,0,0.0,0.0,0.0,51.9,94.48728813559322,2.31,8.0,2,1,0,1,0,0,0,0
1,1,1,0,61.0,1,1,0,0,0,0,0,0,0,25.0,3.0,291.0,1.0,188.0,0.0,0.0,0.0,0.0,0.0,0.0,3,0,0.0,0.0,0.0,95.57,24.618852459016395,3.93,3.0,0,0,2,0,1,0,0,0
0,0,1,0,2.0,1,0,0,0,0,0,0,0,1,45.0,0.0,0.0,0.0,365.0,1.0,0.2,0.2,1.0,0.0,1.0,2,0,0.0,0.0,0.0,36.74,44.875,-13.06,0.0,0,2,0,0,0,0,1,0
1,1,1,1,46.0,1,1,1,1,1,0,1,0,1,100.7,0.0,0.0,0.0,365.0,0.0,0.0,0.0,0.0,0.0,0.0,2,1,0.5,7.28,14.55,77.57,98.72173913043478,9.16,0.0,4,2,0,1,0,0,1,0
1,0,1,1,12.0,1,0,0,0,0,0,0,0,0,20.5,4.0,263.0,1.0,110.0,0.0,0.0,0.0,0.0,0.0,0.0,2,1,0.5,12.68,25.36,54.08,21.291666666666668,-0.57,4.0,0,2,0,0,1,0,0,1
0,0,0,0,14.0,1,1,0,0,1,0,0,0,1,80.45,14.0,131.0,2.0,129.0,0.0,0.0,0.0,0.0,0.0,0.0,3,2,0.67,11.98,22.83,64.97,76.57142857142857,-11.09,7.0,1,2,0,1,0,0,1,0
0,0,1,1,28.0,1,1,0,0,0,1,0,1,1,90.45,0.0,0.0,0.0,365.0,0.0,0.0,0.0,0.0,0.0,0.0,1,0,0.0,0.0,0.0,53.01,89.61607142857143,-1.09,0.0,2,0,1,1,0,0,1,0
1,0,0,0,24.0,1,0,1,1,0,1,0,0,0,60.45,0.0,0.0,0.0,365.0,0.0,0.0,0.0,0.0,0.0,0.0,2,1,0.5,7.46,14.93,76.66,60.03125,2.39,0.0,3,2,0,0,0,0,0,0
1,0,0,0,31.0,1,0,0,0,1,1,0,0,1,55.25,8.0,248.0,1.0,5.0,1.0,1.5,1.5,1.0,0.0,1.0,2,0,0.0,0.0,0.0,85.79,55.343548387096774,-2.81,8.0,2,1,0,0,0,0,1,0
0,0,1,1,68.0,1,1,1,1,1,1,0,1,1,78.45,0.0,0.0,0.0,365.0,0.0,0.0,0.0,0.0,0.0,0.0,3,0,0.0,0.0,0.0,62.22,78.43161764705883,20.39,0.0,5,0,1,0,0,0,1,0
1,0,0,1,39.0,1,1,0,0,0,1,1,1,0,100.55,0.0,0.0,0.0,365.0,0.0,0.0,0.0,0.0,0.0,0.0,2,1,0.5,10.68,21.37,88.92,99.88076923076923,9.01,0.0,3,1,2,1,0,0,0,1
0,0,1,0,42.0,1,0,0,0,0,0,0,0,0,20.35,13.0,163.0,2.0,180.0,0.0,0.0,0.0,0.0,0.0,0.0,3,0,0.0,0.0,0.0,41.71,20.711904761904762,-0.72,6.5,0,1,0,0,1,1,0,0
1,0,1,0,13.0,0,0,1,0,0,1,1,1,1,54.45,12.0,258.5,2.0,181.0,0.0,0.0,0.0,0.0,0.0,0.0,1,0,0.0,0.0,0.0,102.1,54.37307692307692,-3.61,6.0,4,1,0,0,0,0,1,0
0,0,1,0,6.0,1,1,0,1,0,0,0,1,1,90.75,0.0,0.0,0.0,365.0,0.0,0.0,0.0,0.0,0.0,0.0,3,1,0.33,8.59,25.76,79.4,85.375,-0.79,0.0,2,3,0,1,0,0,1,0
1,0,0,0,35.0,1,1,0,0,0,0,0,0,0,75.35,6.0,23.0,1.0,256.0,0.0,0.0,0.0,0.0,0.0,0.0,3,1,0.33,4.76,14.28,60.01,75.3157142857143,-16.19,6.0,0,2,0,1,0,1,0,0
0,0,1,0,38.0,1,0,0,0,0,0,0,0,1,20.25,0.0,0.0,0.0,365.0,0.0,0.0,0.0,0.0,0.0,0.0,1,0,0.0,0.0,0.0,109.35,21.44078947368421,-0.82,0.0,0,0,1,0,1,1,0,0
1,0,0,0,18.0,1,0,0,0,0,0,0,0,0,20.05,0.0,0.0,0.0,365.0,0.0,0.0,0.0,0.0,0.0,0.0,2,0,0.0,0.0,0.0,48.12,21.58888888888889,-1.02,0.0,0,0,2,0,1,1,0,0
0,0,1,0,4.0,1,0,0,0,0,0,0,0,0,19.6,0.0,0.0,0.0,365.0,0.0,0.0,0.0,0.0,0.0,0.0,2,0,0.0,0.0,0.0,80.81,23.3625,-1.47,0.0,0,2,0,0,1,0,0,1
1,0,1,0,27.0,1,0,0,1,0,1,0,0,1,53.8,7.0,83.0,1.0,145.0,0.0,0.0,0.0,0.0,0.0,0.0,3,0,0.0,0.0,0.0,83.03,51.47592592592592,-4.26,7.0,2,1,0,0,0,0,1,0
1,0,0,1,41.0,1,0,1,1,1,0,1,0,0,70.2,0.0,0.0,0.0,365.0,0.0,0.0,0.0,0.0,0.0,0.0,2,0,0.0,0.0,0.0,91.8,70.59878048780489,12.14,0.0,4,0,1,0,0,0,0,1
1,0,1,1,50.0,1,0,1,0,0,1,1,1,0,75.5,0.0,0.0,0.0,365.0,1.0,54.4,54.4,0.0,0.0,0.0,1,0,0.0,0.0,0.0,114.93,80.512,17.44,0.0,4,0,1,0,0,0,1,0
1,0,1,1,72.0,1,0,0,0,0,0,0,0,0,20.15,0.0,0.0,0.0,365.0,0.0,0.0,0.0,0.0,0.0,0.0,2,0,0.0,0.0,0.0,71.68,18.811111111111114,-0.92,0.0,0,0,2,0,1,0,1,0
0,0,0,0,70.0,1,1,0,0,0,0,0,0,0,26.05,6.0,106.0,1.0,149.0,0.0,0.0,0.0,0.0,0.0,0.0,3,1,0.33,11.21,33.62,78.36,26.52,4.98,6.0,0,1,1,0,1,1,0,0
1,0,1,1,44.0,1,0,0,0,0,0,0,0,0,20.6,0.0,0.0,0.0,365.0,0.0,0.0,0.0,0.0,0.0,0.0,2,1,0.5,6.5,12.99,39.6,21.045454545454547,-0.47,0.0,0,1,1,0,1,0,0,0
1,0,0,0,2.0,1,0,1,0,0,0,0,0,1,75.7,2.0,8.0,1.0,287.0,0.0,0.0,0.0,0.0,0.0,0.0,1,1,1.0,36.71,36.71,117.59,94.6,-15.84,2.0,1,3,0,1,0,0,1,0
0,0,1,1,34.0,1,0,0,0,0,0,0,0,1,20.1,0.0,0.0,0.0,365.0,0.0,0.0,0.0,0.0,0.0,0.0,1,0,0.0,0.0,0.0,75.99,20.061764705882354,-0.97,0.0,0,0,1,0,1,0,0,0
0,1,1,0,72.0,1,1,0,0,0,0,0,0,0,24.3,0.0,0.0,0.0,365.0,0.0,0.0,0.0,0.0,0.0,0.0,1,0,0.0,0.0,0.0,47.18,24.704166666666666,3.23,0.0,0,0,2,0,1,0,0,0
1,0,1,0,71.0,1,1,0,0,0,0,0,0,1,24.5,0.0,0.0,0.0,365.0,1.0,11.2,11.2,0.0,1.0,0.0,2,0,0.0,0.0,0.0,38.74,25.580281690140847,3.43,0.0,0,0,2,0,1,0,1,0
0,0,0,0,64.0,1,1,0,1,1,1,1,1,1,110.5,0.0,0.0,0.0,365.0,0.0,0.0,0.0,0.0,0.0,0.0,1,0,0.0,0.0,0.0,54.35,110.45703125,18.96,0.0,5,0,2,1,0,1,0,0
0,0,1,0,64.0,1,1,0,0,0,0,0,0,1,25.25,0.0,0.0,0.0,365.0,0.0,0.0,0.0,0.0,0.0,0.0,2,0,0.0,0.0,0.0,53.42,28.76875,4.18,0.0,0,0,2,0,1,0,0,0
1,0,0,0,1.0,1,1,0,0,0,0,0,0,1,74.25,0.0,0.0,0.0,365.0,0.0,0.0,0.0,0.0,0.0,0.0,3,1,0.33,7.21,21.62,61.09,74.25,-17.29,0.0,0,3,0,1,0,0,0,1
1,1,1,0,29.0,1,0,1,0,1,0,0,1,0,90.1,3.0,156.0,1.0,232.0,0.0,0.0,0.0,0.0,0.0,0.0,2,0,0.0,0.0,0.0,97.04,91.6103448275862,-1.44,3.0,3,0,1,1,0,0,0,0
0,0,1,0,23.0,1,0,1,0,1,1,0,1,1,68.75,4.0,67.0,1.0,298.0,0.0,0.0,0.0,0.0,0.0,0.0,3,0,0.0,0.0,0.0,92.88,73.45434782608696,10.69,4.0,4,0,1,0,0,0,0,0
1,0,1,1,52.0,1,0,0,0,0,0,0,0,0,19.2,0.0,0.0,0.0,365.0,0.0,0.0,0.0,0.0,0.0,0.0,1,0,0.0,0.0,0.0,77.55,20.283653846153847,-1.87,0.0,0,0,2,0,1,0,0,1
0,1,0,0,25.0,1,1,0,1,0,0,0,1,1,89.7,0.0,0.0,0.0,365.0,1.0,39.4,39.4,1.0,0.0,1.0,1,0,0.0,0.0,0.0,23.8,87.50200000000001,-1.84,0.0,2,1,0,1,0,0,1,0
0,0,0,0,64.0,1,1,1,1,1,1,1,1,1,115.1,0.0,0.0,0.0,365.0,0.0,0.0,0.0,0.0,0.0,0.0,1,0,0.0,0.0,0.0,64.43,114.59453125,23.56,0.0,6,0,2,1,0,0,0,0
0,1,0,0,16.0,1,1,0,0,0,0,1,1,1,96.4,0.0,0.0,0.0,365.0,0.0,0.0,0.0,0.0,0.0,0.0,2,0,0.0,0.0,0.0,85.34,98.825,4.86,0.0,2,1,0,1,0,0,1,0
1,1,0,0,1.0,1,0,0,0,0,0,0,0,1,69.5,0.0,0.0,0.0,365.0,0.0,0.0,0.0,0.0,0.0,0.0,2,0,0.0,0.0,0.0,72.06,69.5,-22.04,0.0,0,2,0,1,0,0,0,0
1,0,0,0,24.0,1,1,0,1,0,0,1,1,1,99.65,0.0,0.0,0.0,365.0,0.0,0.0,0.0,0.0,0.0,0.0,2,0,0.0,0.0,0.0,90.96,100.20208333333333,8.11,0.0,3,1,0,1,0,0,0,0
1,0,1,0,12.0,1,1,0,0,1,0,1,0,1,91.45,4.0,108.0,1.0,90.0,0.0,0.0,0.0,0.0,0.0,0.0,3,0,0.0,0.0,0.0,57.97,14.2875,-0.09,4.0,2,1,0,1,0,0,1,0
0,0,1,1,34.0,1,0,1,1,1,1,1,1,0,84.75,0.0,0.0,0.0,365.0,1.0,24.9,24.9,0.0,1.0,0.0,3,0,0.0,0.0,0.0,56.7,83.51323529411764,26.69,0.0,6,0,2,0,0,0,0,1
1,1,1,0,36.0,1,1,0,0,0,0,0,1,1,85.25,0.0,0.0,0.0,365.0,0.0,0.0,0.0,0.0,0.0,0.0,2,0,0.0,0.0,0.0,86.88,87.02083333333333,-6.29,0.0,1,1,0,1,0,1,0,0
1,0,1,1,53.0,1,1,0,0,1,1,1,1,1,78.75,0.0,0.0,0.0,365.0,0.0,0.0,0.0,0.0,0.0,0.0,1,0,0.0,0.0,0.0,27.7,74.38584905660377,20.69,0.0,4,0,1,0,0,0,0,1
0,0,1,1,47.0,1,0,0,0,0,0,0,0,0,20.25,0.0,0.0,0.0,365.0,0.0,0.0,0.0,0.0,0.0,0.0,3,0,0.0,0.0,0.0,73.53,18.582978723404256,-0.82,0.0,0,0,2,0,1,1,0,0
1,0,0,1,72.0,1,0,0,0,0,0,0,0,0,19.9,0.0,0.0,0.0,365.0,0.0,0.0,0.0,0.0,0.0,0.0,2,0,0.0,0.0,0.0,58.48,21.24513888888889,-1.17,0.0,0,0,2,0,1,1,0,0
1,0,1,1,72.0,1,1,1,1,0,1,0,1,1,97.75,0.0,0.0,0.0,365.0,1.0,4.9,4.9,0.0,1.0,0.0,2,0,0.0,0.0,0.0,65.75,97.10555555555555,6.21,0.0,4,0,2,1,0,1,0,0
1,0,0,0,12.0,1,0,0,0,0,0,0,0,0,19.4,0.0,0.0,0.0,365.0,0.0,0.0,0.0,0.0,0.0,0.0,3,1,0.33,5.87,17.61,56.62,1.6166666666666665,-1.67,0.0,0,2,0,0,1,0,0,1
0,0,0,0,9.0,1,1,0,0,0,0,0,1,1,83.3,8.0,194.0,2.0,43.0,0.0,0.0,0.0,0.0,0.0,0.0,1,0,0.0,0.0,0.0,109.05,89.25555555555555,-8.24,4.0,1,2,0,1,0,0,1,0
0,0,0,0,8.0,1,0,0,0,0,0,1,0,1,80.1,0.0,0.0,0.0,365.0,0.0,0.0,0.0,0.0,0.0,0.0,2,0,0.0,0.0,0.0,37.51,84.9125,-11.44,0.0,1,2,0,1,0,0,0,0
1,1,0,0,45.0,1,0,1,0,1,0,0,1,0,62.7,0.0,0.0,0.0,365.0,0.0,0.0,0.0,0.0,0.0,0.0,1,0,0.0,0.0,0.0,32.27,62.03333333333333,4.64,0.0,3,0,1,0,0,1,0,0
0,0,0,0,7.0,1,0,0,0,1,1,1,1,1,100.4,0.0,0.0,0.0,365.0,0.0,0.0,0.0,0.0,0.0,0.0,1,0,0.0,0.0,0.0,119.07,102.14285714285714,8.86,0.0,4,2,0,1,0,0,1,0
0,0,1,0,71.0,1,1,0,0,0,0,0,0,1,24.45,0.0,0.0,0.0,365.0,0.0,0.0,0.0,0.0,0.0,0.0,1,0,0.0,0.0,0.0,104.19,23.68450704225352,3.38,0.0,0,0,2,0,1,1,0,0
0,1,0,0,41.0,1,0,0,0,1,1,1,1,1,101.1,0.0,0.0,0.0,365.0,0.0,0.0,0.0,0.0,0.0,0.0,1,0,0.0,0.0,0.0,27.17,97.9560975609756,9.56,0.0,4,0,1,1,0,0,0,0
1,0,1,1,64.0,0,0,1,0,0,0,1,1,0,50.9,0.0,0.0,0.0,365.0,0.0,0.0,0.0,0.0,0.0,0.0,1,0,0.0,0.0,0.0,100.22,51.27578125,-7.16,0.0,3,0,2,0,0,1,0,0
1,0,1,0,69.0,1,1,1,1,1,1,0,1,1,107.2,5.0,91.0,1.0,334.0,0.0,0.0,0.0,0.0,0.0,0.0,1,0,0.0,0.0,0.0,102.88,106.0449275362319,15.66,5.0,5,0,1,1,0,1,0,0
0,1,1,0,70.0,1,1,1,1,1,1,1,1,1,92.2,0.0,0.0,0.0,365.0,0.0,0.0,0.0,0.0,0.0,0.0,1,0,0.0,0.0,0.0,83.02,92.49214285714285,34.14,0.0,6,0,2,0,0,0,0,0
1,0,0,0,25.0,1,1,0,0,0,0,0,0,0,25.3,5.0,21.0,1.0,347.0,0.0,0.0,0.0,0.0,0.0,0.0,2,0,0.0,0.0,0.0,71.56,27.054000000000002,4.23,5.0,0,0,1,0,1,0,0,0
1,0,0,0,72.0,1,1,1,1,1,1,1,1,0,113.4,0.0,0.0,0.0,365.0,0.0,0.0,0.0,0.0,0.0,0.0,2,1,0.5,5.84,11.67,86.27,113.39027777777778,21.86,0.0,6,1,2,1,0,0,0,0
1,0,1,1,34.0,0,0,0,0,0,1,1,0,1,40.55,0.0,0.0,0.0,365.0,0.0,0.0,0.0,0.0,0.0,0.0,1,0,0.0,0.0,0.0,108.28,38.995588235294115,-17.51,0.0,2,0,2,0,0,0,1,0
0,0,1,1,65.0,1,1,0,0,0,0,0,0,0,26.0,0.0,0.0,0.0,365.0,0.0,0.0,0.0,0.0,0.0,0.0,1,0,0.0,0.0,0.0,66.42,25.459230769230768,4.93,0.0,0,0,2,0,1,1,0,0
0,0,0,0,70.0,1,1,1,1,1,1,1,1,1,111.95,0.0,0.0,0.0,365.0,0.0,0.0,0.0,0.0,0.0,0.0,2,1,0.5,7.22,14.45,99.84,111.37071428571429,20.41,0.0,6,1,2,1,0,1,0,0
0,0,1,1,72.0,0,0,1,0,1,0,1,1,1,53.8,0.0,0.0,0.0,365.0,0.0,0.0,0.0,0.0,0.0,0.0,2,0,0.0,0.0,0.0,45.87,54.89513888888889,-4.26,0.0,4,0,2,0,0,1,0,0
1,0,0,1,35.0,1,0,0,0,0,1,1,1,1,72.1,6.0,37.0,1.0,324.0,0.0,0.0,0.0,0.0,0.0,0.0,3,1,0.33,10.18,30.55,75.25,71.29,14.04,6.0,3,1,1,0,0,0,0,1
1,0,0,0,13.0,1,1,1,0,0,0,1,1,0,98.15,0.0,0.0,0.0,365.0,0.0,0.0,0.0,0.0,0.0,0.0,1,0,0.0,0.0,0.0,110.2,94.63461538461539,6.61,0.0,3,1,0,1,0,0,0,1
0,0,1,0,12.0,1,1,1,0,1,0,1,1,0,78.85,8.0,202.0,1.0,133.0,0.0,0.0,0.0,0.0,0.0,0.0,3,1,0.33,7.03,21.08,88.07,73.0625,20.79,8.0,4,1,1,0,0,0,1,0
0,0,1,1,62.0,1,0,1,0,1,1,1,0,1,70.75,2.0,151.0,1.0,254.0,0.0,0.0,0.0,0.0,0.0,0.0,1,0,0.0,0.0,0.0,75.48,68.76532258064516,12.69,2.0,4,0,1,0,0,0,0,0
0,0,0,0,25.0,1,0,1,0,0,1,1,1,1,76.15,0.0,0.0,0.0,365.0,0.0,0.0,0.0,0.0,0.0,0.0,1,0,0.0,0.0,0.0,43.77,79.718,18.09,0.0,4,1,0,0,0,1,0,0
0,0,0,0,52.0,0,0,1,1,0,1,0,0,0,39.1,0.0,0.0,0.0,365.0,0.0,0.0,0.0,0.0,0.0,0.0,3,0,0.0,0.0,0.0,67.33,38.11730769230769,-18.96,0.0,3,0,2,0,0,0,0,1
1,1,0,0,8.0,1,0,0,0,0,0,0,0,1,69.95,9.0,62.0,1.0,199.0,0.0,0.0,0.0,0.0,0.0,0.0,2,2,1.0,10.6,13.96,50.93,70.3375,-21.59,9.0,0,3,0,1,0,1,0,0
1,0,0,0,2.0,1,0,0,0,0,0,0,0,0,20.05,8.0,150.0,1.0,53.0,0.0,0.0,0.0,0.0,0.0,0.0,3,0,0.0,0.0,0.0,75.58,16.85,-1.02,8.0,0,2,0,0,1,0,0,1
0,0,1,1,56.0,1,0,0,0,0,0,0,0,0,20.05,5.0,191.0,1.0,220.0,0.0,0.0,0.0,0.0,0.0,0.0,3,1,0.33,14.42,43.26,94.37,19.46607142857143,-1.02,5.0,0,1,2,0,1,0,0,1
0,0,0,0,12.0,1,0,0,0,0,0,0,0,0,19.45,0.0,0.0,0.0,365.0,0.0,0.0,0.0,0.0,0.0,0.0,2,0,0.0,0.0,0.0,78.04,18.954166666666666,-1.62,0.0,0,1,0,0,1,0,0,0
0,0,1,0,47.0,1,1,0,0,0,0,0,0,0,26.9,0.0,0.0,0.0,365.0,0.0,0.0,0.0,0.0,0.0,0.0,1,0,0.0,0.0,0.0,52.08,26.613829787234042,5.83,0.0,0,0,1,0,1,0,1,0
1,1,0,0,2.0,1,0,0,0,0,0,0,0,0,19.2,0.0,0.0,0.0,365.0,0.0,0.0,0.0,0.0,0.0,0.0,3,0,0.0,0.0,0.0,61.2,18.6,-1.87,0.0,0,2,0,0,1,0,1,0
0,0,0,0,18.0,1,0,0,0,1,0,0,0,1,50.0,5.0,255.0,1.0,310.0,0.0,0.0,0.0,0.0,0.0,0.0,1,0,0.0,0.0,0.0,65.13,49.59444444444445,-8.06,5.0,1,1,0,0,0,0,0,1
0,0,0,0,8.0,1,0,1,0,0,0,1,0,1,60.0,0.0,0.0,0.0,365.0,1.0,18.8,18.8,1.0,0.0,1.0,1,0,0.0,0.0,0.0,110.09,60.96875,1.94,0.0,2,2,0,0,0,0,1,0
1,0,1,0,45.0,1,1,1,0,1,0,0,0,1,84.55,0.0,0.0,0.0,365.0,0.0,0.0,0.0,0.0,0.0,0.0,2,2,1.0,30.62,39.11,86.48,82.53222222222222,-6.99,0.0,2,2,0,1,0,0,0,1
1,0,0,0,3.0,1,0,0,0,0,0,0,0,0,56.15,4.0,254.0,1.0,261.0,0.0,0.0,0.0,0.0,0.0,0.0,3,0,0.0,0.0,0.0,50.13,47.23333333333333,-1.91,4.0,0,2,0,0,0,0,0,1
0,0,0,0,38.0,1,0,0,0,0,0,0,0,0,20.05,5.0,214.0,1.0,283.0,0.0,0.0,0.0,0.0,0.0,0.0,2,1,0.5,13.08,26.15,65.83,17.847368421052632,-1.02,5.0,0,1,1,0,1,0,0,1
1,0,1,0,72.0,1,1,1,1,1,1,1,1,1,115.55,0.0,0.0,0.0,365.0,0.0,0.0,0.0,0.0,0.0,0.0,2,0,0.0,0.0,0.0,67.46,117.01805555555555,24.01,0.0,6,0,2,1,0,0,1,0
1,0,0,0,46.0,1,1,1,1,0,0,0,1,1,93.7,5.0,141.0,2.0,120.0,0.0,0.0,0.0,0.0,0.0,0.0,2,0,0.0,0.0,0.0,90.22,90.32173913043479,2.16,2.5,3,1,0,1,0,0,1,0
0,0,1,1,71.0,1,1,1,1,1,0,1,0,1,99.0,0.0,0.0,0.0,365.0,0.0,0.0,0.0,0.0,0.0,0.0,3,2,0.67,16.94,42.72,51.16,99.45985915492957,7.46,0.0,4,1,2,1,0,1,0,0
1,0,1,1,66.0,0,0,0,0,0,1,1,1,0,50.55,10.0,178.0,1.0,151.0,0.0,0.0,0.0,0.0,0.0,0.0,3,0,0.0,0.0,0.0,93.31,50.97803030303031,-7.51,10.0,3,0,2,0,0,0,0,0
1,1,0,0,25.0,1,1,0,1,1,0,1,1,0,105.95,0.0,0.0,0.0,365.0,0.0,0.0,0.0,0.0,0.0,0.0,2,0,0.0,0.0,0.0,39.58,106.21,14.41,0.0,4,1,0,1,0,0,0,1
1,0,0,0,18.0,1,1,0,0,1,1,1,1,1,82.0,0.0,0.0,0.0,365.0,0.0,0.0,0.0,0.0,0.0,0.0,1,0,0.0,0.0,0.0,63.58,79.19166666666666,23.94,0.0,4,0,1,0,0,1,0,0
0,0,1,1,13.0,1,1,0,0,0,0,0,0,1,25.0,0.0,0.0,0.0,365.0,1.0,7.5,7.5,1.0,0.0,1.0,3,0,0.0,0.0,0.0,60.82,25.576923076923077,3.93,0.0,0,0,2,0,1,0,0,0
0,0,1,1,65.0,1,1,1,1,1,1,1,1,0,91.55,0.0,0.0,0.0,365.0,0.0,0.0,0.0,0.0,0.0,0.0,1,0,0.0,0.0,0.0,102.8,91.75307692307692,33.49,0.0,6,0,2,0,0,0,0,0
1,0,1,0,60.0,1,1,0,1,1,0,1,0,1,95.75,0.0,0.0,0.0,365.0,0.0,0.0,0.0,0.0,0.0,0.0,1,0,0.0,0.0,0.0,43.48,95.71499999999999,4.21,0.0,3,1,0,1,0,0,1,0
1,0,1,1,15.0,1,0,0,0,0,0,0,0,0,19.35,0.0,0.0,0.0,365.0,0.0,0.0,0.0,0.0,0.0,0.0,3,0,0.0,0.0,0.0,76.44,18.59,-1.72,0.0,0,0,2,0,1,0,0,1
0,0,1,0,72.0,1,1,0,0,0,0,0,0,0,24.85,0.0,0.0,0.0,365.0,0.0,0.0,0.0,0.0,0.0,0.0,1,0,0.0,0.0,0.0,86.48,25.997916666666665,3.78,0.0,0,0,2,0,1,1,0,0
1,0,1,0,30.0,1,1,0,0,0,0,1,1,1,94.05,8.0,116.0,2.0,233.0,0.0,0.0,0.0,0.0,0.0,0.0,1,1,1.0,8.46,8.46,53.16,95.54833333333333,2.51,4.0,2,2,0,1,0,1,0,0
0,0,1,1,42.0,1,0,0,0,1,1,1,1,1,100.4,4.0,130.0,1.0,275.0,0.0,0.0,0.0,0.0,0.0,0.0,3,0,0.0,0.0,0.0,87.96,102.46785714285713,8.86,4.0,4,0,2,1,0,0,1,0
0,0,1,0,64.0,1,1,0,0,0,0,0,0,0,25.0,0.0,0.0,0.0,365.0,0.0,0.0,0.0,0.0,0.0,0.0,3,0,0.0,0.0,0.0,73.08,27.390625,3.93,0.0,0,0,2,0,1,0,0,0
0,0,0,0,1.0,1,0,0,0,0,0,0,1,1,54.75,7.0,269.0,1.0,100.0,0.0,0.0,0.0,0.0,0.0,0.0,3,0,0.0,0.0,0.0,69.1,54.75,-3.31,7.0,1,2,0,0,0,0,0,1
1,1,0,0,12.0,1,1,0,0,0,0,1,1,1,95.65,0.0,0.0,0.0,365.0,0.0,0.0,0.0,0.0,0.0,0.0,3,0,0.0,0.0,0.0,95.94,313.25416666666666,4.11,0.0,2,1,0,1,0,0,0,0
0,0,0,0,35.0,1,0,0,0,0,0,0,0,0,19.25,0.0,0.0,0.0,365.0,0.0,0.0,0.0,0.0,0.0,0.0,3,1,0.33,8.49,25.47,68.66,17.647142857142857,-1.82,0.0,0,2,0,0,1,0,0,0
0,0,1,1,12.0,1,0,0,1,1,1,1,1,1,108.25,12.0,176.0,2.0,225.0,1.0,43.9,43.9,0.0,0.0,0.0,1,0,0.0,0.0,0.0,30.32,494.5916666666667,16.71,6.0,5,1,0,1,0,0,0,0
0,0,0,0,1.0,1,1,0,0,0,0,1,1,1,94.6,5.0,117.0,1.0,334.0,1.0,9.0,9.0,0.0,1.0,0.0,1,0,0.0,0.0,0.0,82.73,94.6,3.06,5.0,2,2,0,1,0,0,1,0
0,1,1,1,31.0,1,0,0,0,1,1,1,1,1,98.9,0.0,0.0,0.0,365.0,1.0,38.1,38.1,0.0,0.0,0.0,2,0,0.0,0.0,0.0,43.15,93.91290322580646,7.36,0.0,4,1,0,1,0,0,1,0
1,0,0,0,64.0,1,0,0,0,0,0,0,0,0,20.15,0.0,0.0,0.0,365.0,0.0,0.0,0.0,0.0,0.0,0.0,1,0,0.0,0.0,0.0,70.57,15.35859375,-0.92,0.0,0,0,2,0,1,1,0,0
0,1,0,1,30.0,1,1,0,0,0,1,1,1,1,101.3,0.0,0.0,0.0,365.0,0.0,0.0,0.0,0.0,0.0,0.0,2,1,0.5,15.46,30.91,74.59,99.15,9.76,0.0,3,2,0,1,0,0,1,0
1,0,0,0,10.0,1,0,0,0,0,0,0,0,0,20.0,2.0,176.0,1.0,62.0,0.0,0.0,0.0,0.0,0.0,0.0,3,0,0.0,0.0,0.0,67.96,19.869999999999997,-1.07,2.0,0,2,0,0,1,1,0,0
0,0,0,1,12.0,1,1,0,1,1,0,1,1,1,105.3,4.0,137.0,1.0,45.0,1.0,7.7,7.7,1.0,0.0,1.0,2,0,0.0,0.0,0.0,54.68,106.30416666666667,13.76,4.0,4,1,0,1,0,0,1,0
0,1,0,0,57.0,1,0,1,0,1,1,1,0,0,69.85,0.0,0.0,0.0,365.0,0.0,0.0,0.0,0.0,0.0,0.0,2,0,0.0,0.0,0.0,91.52,70.2280701754386,11.79,0.0,4,0,2,0,0,0,0,0
0,0,1,0,58.0,1,0,1,1,0,0,1,0,1,65.25,0.0,0.0,0.0,365.0,0.0,0.0,0.0,0.0,0.0,0.0,1,0,0.0,0.0,0.0,69.11,65.37241379310345,7.19,0.0,3,1,0,0,0,1,0,0
0,0,0,0,64.0,1,0,0,0,0,0,0,0,0,19.8,0.0,0.0,0.0,365.0,0.0,0.0,0.0,0.0,0.0,0.0,1,1,1.0,32.86,32.86,88.42,12.7078125,-1.27,0.0,0,1,2,0,1,0,0,1
0,0,1,1,44.0,1,0,0,0,0,0,0,0,0,19.6,0.0,0.0,0.0,365.0,0.0,0.0,0.0,0.0,0.0,0.0,2,1,0.5,2.68,5.37,61.15,17.732954545454547,-1.47,0.0,0,2,0,0,1,0,0,1
1,0,0,1,27.0,1,0,0,0,0,0,0,0,0,20.05,5.0,126.0,1.0,51.0,1.0,15.9,15.9,0.0,1.0,0.0,2,0,0.0,0.0,0.0,94.6,20.477777777777778,-1.02,5.0,0,0,1,0,1,1,0,0
0,0,0,0,8.0,1,0,0,0,0,1,0,0,0,49.4,0.0,0.0,0.0,365.0,0.0,0.0,0.0,0.0,0.0,0.0,1,0,0.0,0.0,0.0,71.74,51.03125,-8.66,0.0,1,2,0,0,0,0,1,0
1,1,0,0,3.0,1,1,0,0,0,0,0,0,1,76.05,0.0,0.0,0.0,365.0,0.0,0.0,0.0,0.0,0.0,0.0,1,0,0.0,0.0,0.0,40.51,77.26666666666667,-15.49,0.0,0,2,0,1,0,0,1,0
0,1,1,0,25.0,1,0,0,1,1,0,0,1,0,88.4,15.0,207.5,2.0,101.0,0.0,0.0,0.0,0.0,0.0,0.0,2,0,0.0,0.0,0.0,60.48,87.646,-3.14,7.5,3,1,0,1,0,0,0,0
0,0,1,1,57.0,1,1,0,1,0,0,1,1,1,100.6,0.0,0.0,0.0,365.0,1.0,61.0,61.0,0.0,1.0,0.0,1,0,0.0,0.0,0.0,24.16,98.45087719298245,9.06,0.0,3,1,0,1,0,0,1,0
0,0,0,0,12.0,1,0,0,0,0,0,0,0,0,19.45,0.0,0.0,0.0,365.0,0.0,0.0,0.0,0.0,0.0,0.0,3,1,0.33,6.67,20.01,73.49,20.520833333333332,-1.62,0.0,0,2,0,0,1,0,0,1
0,0,1,1,62.0,1,0,0,0,0,0,0,0,0,20.3,0.0,0.0,0.0,365.0,0.0,0.0,0.0,0.0,0.0,0.0,1,1,1.0,14.34,14.34,34.11,20.905645161290323,-0.77,0.0,0,1,2,0,1,0,0,0
0,0,1,0,65.0,1,1,0,1,1,1,1,1,1,107.65,4.0,96.0,1.0,192.0,0.0,0.0,0.0,0.0,0.0,0.0,3,0,0.0,0.0,0.0,79.04,108.96692307692308,16.11,4.0,5,0,2,1,0,0,0,0
0,0,1,0,71.0,1,1,0,0,1,1,1,1,1,80.45,0.0,0.0,0.0,365.0,1.0,7.0,7.0,1.0,0.0,1.0,3,1,0.33,9.27,27.81,69.98,79.75,22.39,0.0,4,1,2,0,0,0,0,0
0,0,1,1,21.0,1,0,0,1,0,0,1,0,1,58.85,0.0,0.0,0.0,365.0,0.0,0.0,0.0,0.0,0.0,0.0,3,1,0.33,4.19,12.56,92.63,57.87857142857143,0.79,0.0,2,1,1,0,0,1,0,0
1,0,1,0,71.0,1,1,1,1,1,0,1,1,1,109.6,0.0,0.0,0.0,365.0,1.0,4.4,4.4,1.0,0.0,1.0,1,0,0.0,0.0,0.0,74.71,110.6218309859155,18.06,0.0,5,0,1,1,0,0,1,0
0,0,0,0,7.0,1,0,0,0,1,0,0,0,1,75.15,13.0,123.66666666666669,3.0,49.0,1.0,103.1,103.1,0.0,0.0,0.0,3,0,0.0,0.0,0.0,65.79,75.0,-16.39,4.333,1,2,0,1,0,0,1,0
0,0,0,0,72.0,1,0,1,1,1,1,0,1,1,73.0,0.0,0.0,0.0,365.0,0.0,0.0,0.0,0.0,0.0,0.0,3,0,0.0,0.0,0.0,103.76,73.12777777777778,14.94,0.0,5,0,2,0,0,1,0,0
0,0,0,0,1.0,1,0,0,0,0,0,0,0,0,70.1,5.0,278.0,1.0,69.0,0.0,0.0,0.0,0.0,0.0,0.0,3,0,0.0,0.0,0.0,47.75,70.1,-21.44,5.0,0,2,0,1,0,0,1,0
0,0,1,1,72.0,1,1,0,1,1,1,0,1,1,98.65,0.0,0.0,0.0,365.0,0.0,0.0,0.0,0.0,0.0,0.0,2,0,0.0,0.0,0.0,74.82,99.02013888888888,7.11,0.0,4,0,2,1,0,0,0,0
0,0,1,1,64.0,1,1,0,1,1,1,1,1,1,111.45,0.0,0.0,0.0,365.0,0.0,0.0,0.0,0.0,0.0,0.0,1,1,1.0,12.57,12.57,54.08,113.54609375,19.91,0.0,5,1,1,1,0,0,1,0
0,0,0,0,72.0,1,1,1,1,1,1,1,1,1,114.9,0.0,0.0,0.0,365.0,0.0,0.0,0.0,0.0,0.0,0.0,3,0,0.0,0.0,0.0,65.54,118.00972222222224,23.36,0.0,6,0,2,1,0,0,1,0
0,0,0,0,29.0,1,1,0,0,1,0,1,1,0,100.55,0.0,0.0,0.0,365.0,0.0,0.0,0.0,0.0,0.0,0.0,3,1,0.33,4.17,12.51,73.34,99.26724137931035,9.01,0.0,3,2,0,1,0,0,0,0
0,0,0,0,13.0,1,0,0,0,0,0,0,0,1,20.4,5.0,141.0,1.0,337.0,0.0,0.0,0.0,0.0,0.0,0.0,1,0,0.0,0.0,0.0,72.17,20.1,-0.67,5.0,0,0,2,0,1,0,0,1
0,0,0,0,31.0,1,1,1,1,0,0,1,1,0,104.35,4.0,178.0,1.0,119.0,0.0,0.0,0.0,0.0,0.0,0.0,2,0,0.0,0.0,0.0,96.1,103.40645161290323,12.81,4.0,4,1,0,1,0,0,1,0
1,1,0,0,1.0,1,0,0,0,0,0,0,0,1,69.75,0.0,0.0,0.0,365.0,0.0,0.0,0.0,0.0,0.0,0.0,2,0,0.0,0.0,0.0,47.32,69.75,-21.79,0.0,0,2,0,1,0,0,1,0
1,0,1,1,7.0,0,0,1,0,0,1,0,0,1,34.5,10.0,76.5,2.0,64.0,0.0,0.0,0.0,0.0,0.0,0.0,1,0,0.0,0.0,0.0,67.64,39.892857142857146,-23.56,5.0,2,2,0,0,0,0,1,0
1,0,1,0,12.0,1,1,0,1,1,0,1,1,1,105.55,0.0,0.0,0.0,365.0,0.0,0.0,0.0,0.0,0.0,0.0,2,0,0.0,0.0,0.0,65.26,523.4541666666667,14.01,0.0,4,1,0,1,0,0,1,0
0,0,0,1,39.0,0,0,0,0,1,0,0,0,0,30.1,5.0,39.0,1.0,285.0,0.0,0.0,0.0,0.0,0.0,0.0,2,0,0.0,0.0,0.0,104.65,29.007692307692306,-27.96,5.0,1,1,0,0,0,1,0,0
1,0,1,0,10.0,1,0,0,0,0,0,0,0,1,70.3,0.0,0.0,0.0,365.0,1.0,15.8,15.8,1.0,0.0,1.0,1,1,1.0,25.81,25.81,112.31,73.82000000000001,-21.24,0.0,0,3,0,1,0,0,1,0
0,0,1,1,14.0,1,1,0,1,0,1,1,1,0,80.45,0.0,0.0,0.0,365.0,0.0,0.0,0.0,0.0,0.0,0.0,3,1,0.33,2.92,8.75,44.9,81.21785714285714,22.39,0.0,4,2,0,0,0,1,0,0
0,0,0,0,1.0,1,1,0,1,0,0,0,0,1,80.2,0.0,0.0,0.0,365.0,1.0,20.2,20.2,0.0,1.0,0.0,2,1,0.5,6.36,12.73,69.71,80.2,-11.34,0.0,1,3,0,1,0,0,0,1
0,0,1,1,67.0,1,1,1,0,0,1,0,1,1,94.35,12.0,197.5,2.0,195.0,0.0,0.0,0.0,0.0,0.0,0.0,2,0,0.0,0.0,0.0,55.6,94.64850746268657,2.81,6.0,3,0,1,1,0,1,0,0
0,0,0,0,72.0,1,1,1,1,1,1,1,1,1,91.35,0.0,0.0,0.0,365.0,0.0,0.0,0.0,0.0,0.0,0.0,3,0,0.0,0.0,0.0,50.3,93.01666666666667,33.29,0.0,6,0,2,0,0,0,0,0
1,0,1,1,6.0,1,0,0,0,0,0,0,0,1,44.6,7.0,138.0,1.0,215.0,0.0,0.0,0.0,0.0,0.0,0.0,2,1,0.5,7.49,14.98,65.59,43.46666666666667,-13.46,7.0,0,3,0,0,0,0,0,0
0,0,0,0,1.0,1,0,0,0,0,0,0,0,1,19.6,0.0,0.0,0.0,365.0,0.0,0.0,0.0,0.0,0.0,0.0,1,0,0.0,0.0,0.0,63.65,19.6,-1.47,0.0,0,2,0,0,1,0,0,1
1,0,1,1,25.0,1,0,0,0,0,0,0,0,0,19.9,0.0,0.0,0.0,365.0,0.0,0.0,0.0,0.0,0.0,0.0,2,0,0.0,0.0,0.0,71.18,20.218,-1.17,0.0,0,0,1,0,1,0,1,0
0,1,0,0,33.0,1,1,0,1,1,1,1,1,1,110.45,0.0,0.0,0.0,365.0,0.0,0.0,0.0,0.0,0.0,0.0,2,0,0.0,0.0,0.0,32.17,110.77121212121212,18.91,0.0,5,1,0,1,0,0,1,0
1,0,0,0,18.0,1,0,1,0,1,1,1,0,1,68.35,0.0,0.0,0.0,365.0,0.0,0.0,0.0,0.0,0.0,0.0,2,0,0.0,0.0,0.0,72.46,72.21111111111111,10.29,0.0,4,1,0,0,0,0,1,0
1,0,1,0,71.0,1,0,0,1,1,1,1,1,1,79.1,3.0,144.0,1.0,144.0,0.0,0.0,0.0,0.0,0.0,0.0,1,0,0.0,0.0,0.0,75.13,78.3781690140845,21.04,3.0,5,0,2,0,0,1,0,0
1,1,1,1,44.0,1,1,0,0,0,0,0,0,1,51.0,0.0,0.0,0.0,365.0,1.0,23.4,23.4,1.0,0.0,1.0,2,0,0.0,0.0,0.0,36.82,31.404545454545453,-7.06,0.0,0,0,1,0,0,0,1,0
0,0,0,1,2.0,1,1,1,0,0,0,0,0,0,80.55,0.0,0.0,0.0,365.0,0.0,0.0,0.0,0.0,0.0,0.0,1,0,0.0,0.0,0.0,63.37,94.05,-10.99,0.0,1,2,0,1,0,1,0,0
1,0,1,1,17.0,1,1,0,1,1,1,0,0,1,66.7,0.0,0.0,0.0,365.0,0.0,0.0,0.0,0.0,0.0,0.0,3,0,0.0,0.0,0.0,40.03,63.35588235294117,8.64,0.0,3,1,0,0,0,0,0,1
1,0,0,0,56.0,1,1,1,1,0,0,0,0,1,86.4,7.0,40.0,1.0,170.0,0.0,0.0,0.0,0.0,0.0,0.0,2,0,0.0,0.0,0.0,88.17,87.89999999999999,-5.14,7.0,2,1,0,1,0,0,1,0
0,0,1,0,60.0,0,0,1,1,1,0,0,1,0,50.05,0.0,0.0,0.0,365.0,0.0,0.0,0.0,0.0,0.0,0.0,1,0,0.0,0.0,0.0,99.61,48.525,-8.01,0.0,4,0,1,0,0,0,1,0
0,0,0,0,33.0,1,1,0,0,0,0,0,0,0,25.7,0.0,0.0,0.0,365.0,0.0,0.0,0.0,0.0,0.0,0.0,3,1,0.33,8.57,25.71,84.64,25.033333333333335,4.63,0.0,0,1,2,0,1,1,0,0
0,0,0,0,1.0,1,0,1,1,0,1,0,0,1,83.4,0.0,0.0,0.0,365.0,0.0,0.0,0.0,0.0,0.0,0.0,3,1,0.33,2.57,7.72,57.94,83.4,-8.14,0.0,3,3,0,1,0,0,0,1
1,0,0,0,2.0,1,0,0,0,0,0,0,0,0,91.75,0.0,0.0,0.0,365.0,1.0,33.5,33.5,1.0,0.0,1.0,3,1,0.33,16.81,50.42,78.2,70.35,0.21,0.0,0,3,0,1,0,1,0,0
1,0,1,0,63.0,1,1,1,0,0,1,0,0,1,84.65,0.0,0.0,0.0,365.0,0.0,0.0,0.0,0.0,0.0,0.0,1,0,0.0,0.0,0.0,107.36,85.36190476190477,-6.89,0.0,2,0,2,1,0,1,0,0
1,1,1,0,7.0,1,1,0,0,1,0,1,1,1,99.25,0.0,0.0,0.0,365.0,0.0,0.0,0.0,0.0,0.0,0.0,1,0,0.0,0.0,0.0,79.66,95.06428571428572,7.71,0.0,3,2,0,1,0,0,1,0
0,0,0,0,55.0,1,0,0,1,1,0,0,1,1,64.75,5.0,7.0,1.0,74.0,1.0,6.7,6.7,1.0,0.0,1.0,1,0,0.0,0.0,0.0,108.43,65.76545454545455,6.69,5.0,3,0,2,0,0,0,0,1
0,0,1,0,65.0,1,1,1,1,0,1,1,0,1,100.15,0.0,0.0,0.0,365.0,0.0,0.0,0.0,0.0,0.0,0.0,1,1,1.0,28.69,28.69,66.98,102.20769230769231,8.61,0.0,4,1,1,1,0,0,0,0
1,0,1,0,1.0,1,0,0,0,0,1,1,0,1,84.8,2.0,268.0,1.0,27.0,0.0,0.0,0.0,0.0,0.0,0.0,1,0,0.0,0.0,0.0,32.46,84.8,-6.74,2.0,2,2,0,1,0,0,1,0
1,0,0,0,63.0,1,1,0,0,0,0,0,0,0,25.25,0.0,0.0,0.0,365.0,1.0,5.3,5.3,0.0,0.0,0.0,3,0,0.0,0.0,0.0,55.46,24.75079365079365,4.18,0.0,0,0,2,0,1,0,0,1
0,1,1,0,70.0,1,1,1,1,1,1,1,1,1,113.0,0.0,0.0,0.0,365.0,0.0,0.0,0.0,0.0,0.0,0.0,2,0,0.0,0.0,0.0,101.66,114.10857142857144,21.46,0.0,6,0,2,1,0,1,0,0
0,0,1,1,36.0,0,0,1,0,1,1,0,0,0,40.65,0.0,0.0,0.0,365.0,0.0,0.0,0.0,0.0,0.0,0.0,3,2,0.67,6.93,11.74,32.83,42.981944444444444,-17.41,0.0,3,1,2,0,0,1,0,0
1,0,0,0,44.0,1,0,0,1,1,1,1,1,1,105.0,7.0,179.0,1.0,65.0,0.0,0.0,0.0,0.0,0.0,0.0,1,0,0.0,0.0,0.0,94.21,123.3375,13.46,7.0,5,0,1,1,0,0,0,0
1,0,0,0,22.0,1,1,1,0,0,0,0,0,1,54.45,0.0,0.0,0.0,365.0,0.0,0.0,0.0,0.0,0.0,0.0,1,0,0.0,0.0,0.0,95.21,51.24318181818182,-3.61,0.0,1,1,0,0,0,0,1,0
1,0,0,0,22.0,1,0,0,1,1,1,0,1,1,94.95,0.0,0.0,0.0,365.0,0.0,0.0,0.0,0.0,0.0,0.0,2,0,0.0,0.0,0.0,56.34,97.4,3.41,0.0,4,1,0,1,0,0,0,0
0,1,0,0,5.0,1,0,1,1,0,1,0,0,0,59.9,0.0,0.0,0.0,365.0,0.0,0.0,0.0,0.0,0.0,0.0,3,0,0.0,0.0,0.0,75.47,57.57000000000001,1.84,0.0,3,2,0,0,0,1,0,0
0,0,1,0,47.0,1,0,0,0,1,0,0,1,1,85.3,0.0,0.0,0.0,365.0,0.0,0.0,0.0,0.0,0.0,0.0,3,0,0.0,0.0,0.0,64.23,86.07765957446809,-6.24,0.0,2,1,0,1,0,0,1,0
0,0,0,0,33.0,1,1,0,0,0,0,0,1,1,83.35,0.0,0.0,0.0,365.0,0.0,0.0,0.0,0.0,0.0,0.0,1,1,1.0,38.01,38.01,85.22,83.57121212121211,-8.19,0.0,1,2,0,1,0,0,1,0
1,0,0,0,18.0,0,0,0,1,1,0,0,0,1,33.5,0.0,0.0,0.0,365.0,0.0,0.0,0.0,0.0,0.0,0.0,3,0,0.0,0.0,0.0,39.17,33.333333333333336,-24.56,0.0,2,1,0,0,0,1,0,0
0,0,0,0,1.0,1,0,0,0,0,0,0,0,0,19.8,5.0,89.0,1.0,223.0,0.0,0.0,0.0,0.0,0.0,0.0,2,0,0.0,0.0,0.0,71.98,19.8,-1.27,5.0,0,2,0,0,1,1,0,0
1,0,0,0,56.0,1,0,0,1,1,1,1,1,1,81.8,8.0,273.0,1.0,83.0,0.0,0.0,0.0,0.0,0.0,0.0,1,0,0.0,0.0,0.0,57.09,80.97232142857142,23.74,8.0,5,0,2,0,0,1,0,0
0,0,0,0,2.0,1,0,0,0,0,0,0,0,1,20.0,0.0,0.0,0.0,365.0,0.0,0.0,0.0,0.0,0.0,0.0,3,1,0.33,2.85,8.56,55.3,20.45,-1.07,0.0,0,3,0,0,1,0,0,1
1,0,0,0,35.0,1,1,1,0,1,0,0,0,1,59.6,0.0,0.0,0.0,365.0,0.0,0.0,0.0,0.0,0.0,0.0,2,0,0.0,0.0,0.0,69.34,59.854285714285716,1.54,0.0,2,1,0,0,0,0,1,0
0,0,1,0,64.0,1,1,0,0,0,0,0,0,0,25.0,4.0,295.0,1.0,82.0,0.0,0.0,0.0,0.0,0.0,0.0,1,0,0.0,0.0,0.0,104.29,24.7625,3.93,4.0,0,0,2,0,1,1,0,0
0,0,0,0,15.0,1,1,1,0,1,0,0,0,1,84.35,0.0,0.0,0.0,365.0,0.0,0.0,0.0,0.0,0.0,0.0,2,0,0.0,0.0,0.0,57.53,86.84333333333333,-7.19,0.0,2,1,0,1,0,1,0,0
1,0,0,0,24.0,1,0,0,0,0,0,1,1,1,90.35,0.0,0.0,0.0,365.0,2.0,9.85,15.5,2.0,0.0,1.0,3,0,0.0,0.0,0.0,45.7,93.27083333333333,-1.19,0.0,2,1,0,1,0,0,1,0
1,0,0,0,1.0,1,0,0,0,0,0,0,1,0,55.55,0.0,0.0,0.0,365.0,0.0,0.0,0.0,0.0,0.0,0.0,1,0,0.0,0.0,0.0,46.19,55.55,-2.51,0.0,1,2,0,0,0,0,0,1
0,0,1,1,64.0,1,0,1,0,0,1,1,1,0,75.35,0.0,0.0,0.0,365.0,0.0,0.0,0.0,0.0,0.0,0.0,3,1,0.33,2.18,6.53,62.77,84.96484375,17.29,0.0,4,1,2,0,0,1,0,0
1,0,1,0,12.0,1,0,0,0,0,0,1,1,1,90.75,0.0,0.0,0.0,365.0,0.0,0.0,0.0,0.0,0.0,0.0,2,0,0.0,0.0,0.0,61.47,7.5625,-0.79,0.0,2,1,0,1,0,0,1,0
0,0,0,1,4.0,1,1,0,1,0,0,1,0,0,89.6,5.0,152.5,2.0,118.0,1.0,2.8,2.8,0.0,0.0,0.0,3,0,0.0,0.0,0.0,86.45,91.4125,-1.94,2.5,2,2,0,1,0,0,0,1
0,0,0,0,39.0,1,0,0,0,0,1,0,1,0,59.3,0.0,0.0,0.0,365.0,1.0,6.0,6.0,1.0,0.0,1.0,2,1,0.5,2.17,4.35,33.4,56.6448717948718,1.24,0.0,2,1,1,0,0,0,1,0
0,0,0,0,29.0,1,1,1,0,0,0,0,1,1,66.1,5.0,137.0,1.0,70.0,0.0,0.0,0.0,0.0,0.0,0.0,1,0,0.0,0.0,0.0,106.91,65.93620689655172,8.04,5.0,2,1,0,0,0,0,1,0
0,0,1,1,14.0,1,0,0,0,0,0,0,0,0,18.8,0.0,0.0,0.0,365.0,0.0,0.0,0.0,0.0,0.0,0.0,1,0,0.0,0.0,0.0,102.19,18.25357142857143,-2.27,0.0,0,0,2,0,1,0,0,1
0,0,0,0,61.0,1,1,1,0,1,1,1,1,0,86.45,2.0,109.0,1.0,257.0,0.0,0.0,0.0,0.0,0.0,0.0,3,0,0.0,0.0,0.0,58.83,84.84098360655739,28.39,2.0,5,0,2,0,0,1,0,0
1,0,0,1,13.0,1,0,1,0,0,0,0,0,1,56.15,0.0,0.0,0.0,365.0,0.0,0.0,0.0,0.0,0.0,0.0,2,0,0.0,0.0,0.0,36.46,51.58846153846154,-1.91,0.0,1,1,0,0,0,1,0,0
0,0,0,0,66.0,0,0,1,1,1,1,0,0,1,47.4,0.0,0.0,0.0,365.0,0.0,0.0,0.0,0.0,0.0,0.0,2,0,0.0,0.0,0.0,79.18,48.140151515151516,-10.66,0.0,4,0,2,0,0,0,0,1
1,0,0,0,2.0,0,0,0,0,1,0,1,1,1,49.25,0.0,0.0,0.0,365.0,0.0,0.0,0.0,0.0,0.0,0.0,3,0,0.0,0.0,0.0,89.74,45.175,-8.81,0.0,3,2,0,0,0,0,1,0
0,0,1,0,59.0,1,1,1,1,1,0,1,1,1,109.15,0.0,0.0,0.0,365.0,0.0,0.0,0.0,0.0,0.0,0.0,3,0,0.0,0.0,0.0,106.38,111.14830508474576,17.61,0.0,5,0,1,1,0,1,0,0
1,0,1,1,62.0,1,1,1,1,0,0,1,0,1,94.95,0.0,0.0,0.0,365.0,0.0,0.0,0.0,0.0,0.0,0.0,3,0,0.0,0.0,0.0,82.14,93.41693548387097,3.41,0.0,3,0,1,1,0,1,0,0
1,1,1,0,33.0,1,0,1,1,0,1,0,1,1,93.55,0.0,0.0,0.0,365.0,0.0,0.0,0.0,0.0,0.0,0.0,3,0,0.0,0.0,0.0,94.61,92.5909090909091,2.01,0.0,4,0,1,1,0,0,1,0
1,0,0,1,66.0,1,0,0,1,1,1,1,1,1,79.5,0.0,0.0,0.0,365.0,0.0,0.0,0.0,0.0,0.0,0.0,1,0,0.0,0.0,0.0,33.76,78.72878787878788,21.44,0.0,5,0,2,0,0,1,0,0
0,0,0,0,72.0,1,1,1,1,1,1,1,1,0,115.05,0.0,0.0,0.0,365.0,0.0,0.0,0.0,0.0,0.0,0.0,3,0,0.0,0.0,0.0,46.11,116.73611111111111,23.51,0.0,6,0,2,1,0,1,0,0
1,0,0,1,1.0,1,0,0,0,0,0,0,0,0,19.75,0.0,0.0,0.0,365.0,2.0,21.8,34.8,1.0,1.0,0.5,1,0,0.0,0.0,0.0,86.99,19.75,-1.32,0.0,0,2,0,0,1,0,0,1
0,0,0,0,19.0,1,1,1,1,0,0,0,1,1,95.15,5.0,37.0,1.0,318.0,0.0,0.0,0.0,0.0,0.0,0.0,3,0,0.0,0.0,0.0,79.97,94.17105263157895,3.61,5.0,3,1,0,1,0,0,1,0
0,0,1,1,51.0,1,1,1,0,0,1,1,0,1,95.15,5.0,151.0,1.0,139.0,0.0,0.0,0.0,0.0,0.0,0.0,2,0,0.0,0.0,0.0,70.02,98.04019607843138,3.61,5.0,3,0,1,1,0,0,0,1
1,0,0,0,63.0,1,1,0,1,0,1,1,1,0,105.4,0.0,0.0,0.0,365.0,0.0,0.0,0.0,0.0,0.0,0.0,3,1,0.33,1.25,3.76,83.21,106.55873015873016,13.86,0.0,4,2,0,1,0,0,1,0
1,0,0,0,27.0,1,0,0,0,0,0,0,0,0,20.1,0.0,0.0,0.0,365.0,1.0,10.2,10.2,1.0,0.0,1.0,2,1,0.5,14.65,29.3,74.87,20.83703703703704,-0.97,0.0,0,1,1,0,1,0,0,0
1,0,0,0,22.0,1,1,1,0,0,0,1,1,1,101.35,0.0,0.0,0.0,365.0,0.0,0.0,0.0,0.0,0.0,0.0,1,0,0.0,0.0,0.0,20.26,105.32272727272726,9.81,0.0,3,1,0,1,0,0,0,0
0,1,0,0,4.0,1,0,0,0,0,0,0,0,0,20.05,0.0,0.0,0.0,365.0,0.0,0.0,0.0,0.0,0.0,0.0,3,0,0.0,0.0,0.0,76.62,22.8625,-1.02,0.0,0,2,0,0,1,0,0,1
1,0,1,1,42.0,1,0,0,0,0,0,0,0,0,20.7,0.0,0.0,0.0,365.0,0.0,0.0,0.0,0.0,0.0,0.0,3,0,0.0,0.0,0.0,72.7,19.73452380952381,-0.37,0.0,0,0,2,0,1,0,0,1
0,0,0,0,44.0,1,0,0,0,0,0,0,0,0,20.35,0.0,0.0,0.0,365.0,0.0,0.0,0.0,0.0,0.0,0.0,3,0,0.0,0.0,0.0,58.58,14.030681818181819,-0.72,0.0,0,0,1,0,1,0,0,1
0,0,0,0,4.0,1,0,0,0,0,0,0,0,1,70.05,0.0,0.0,0.0,365.0,0.0,0.0,0.0,0.0,0.0,0.0,3,0,0.0,0.0,0.0,84.2,66.725,-21.49,0.0,0,2,0,1,0,1,0,0
1,0,0,0,44.0,1,0,0,0,0,0,0,0,0,19.7,4.0,62.0,1.0,196.0,0.0,0.0,0.0,0.0,0.0,0.0,2,0,0.0,0.0,0.0,83.41,14.205681818181818,-1.37,4.0,0,0,1,0,1,0,0,1
1,0,1,0,4.0,1,1,0,0,0,0,0,0,1,74.65,10.0,285.0,1.0,219.0,0.0,0.0,0.0,0.0,0.0,0.0,3,1,0.33,3.26,9.77,90.79,75.35,-16.89,10.0,0,3,0,1,0,0,1,0
1,0,1,1,71.0,1,0,1,1,1,1,1,1,0,85.45,0.0,0.0,0.0,365.0,0.0,0.0,0.0,0.0,0.0,0.0,3,0,0.0,0.0,0.0,52.41,84.9281690140845,27.39,0.0,6,0,2,0,0,0,0,0
1,0,1,0,46.0,0,0,1,0,1,1,0,0,0,40.4,0.0,0.0,0.0,365.0,0.0,0.0,0.0,0.0,0.0,0.0,2,1,0.5,21.14,42.27,92.5,40.05869565217392,-17.66,0.0,3,1,2,0,0,1,0,0
1,0,0,0,4.0,1,1,0,0,0,0,0,0,0,50.4,0.0,0.0,0.0,365.0,0.0,0.0,0.0,0.0,0.0,0.0,3,0,0.0,0.0,0.0,110.42,51.65,-7.66,0.0,0,2,0,0,0,0,0,1
0,0,0,0,12.0,1,1,1,0,0,0,0,0,1,79.65,0.0,0.0,0.0,365.0,1.0,59.6,59.6,0.0,0.0,0.0,1,0,0.0,0.0,0.0,70.54,50.39166666666667,-11.89,0.0,1,1,0,1,0,0,0,1
1,0,0,0,69.0,1,1,0,1,0,1,1,1,1,105.2,4.0,298.0,1.0,85.0,0.0,0.0,0.0,0.0,0.0,0.0,3,0,0.0,0.0,0.0,55.77,107.04420289855072,13.66,4.0,4,0,1,1,0,0,0,0
0,0,1,0,72.0,1,1,1,1,1,0,1,0,0,100.65,0.0,0.0,0.0,365.0,0.0,0.0,0.0,0.0,0.0,0.0,1,0,0.0,0.0,0.0,106.94,101.86180555555556,9.11,0.0,4,0,2,1,0,0,0,0
1,1,0,0,19.0,1,1,0,0,1,0,0,0,1,79.85,0.0,0.0,0.0,365.0,0.0,0.0,0.0,0.0,0.0,0.0,3,0,0.0,0.0,0.0,64.71,77.46052631578948,-11.69,0.0,1,1,0,1,0,0,1,0
1,0,0,0,28.0,1,0,0,0,1,1,0,1,0,91.0,3.0,146.0,1.0,346.0,0.0,0.0,0.0,0.0,0.0,0.0,1,0,0.0,0.0,0.0,25.53,93.79107142857143,-0.54,3.0,3,1,0,1,0,0,1,0
1,0,1,0,5.0,1,1,0,1,0,0,0,0,1,78.75,0.0,0.0,0.0,365.0,0.0,0.0,0.0,0.0,0.0,0.0,3,1,0.33,2.58,7.75,43.52,82.42,-12.79,0.0,1,3,0,1,0,0,1,0
0,1,1,0,72.0,1,1,1,1,1,1,1,1,1,116.75,2.0,220.0,1.0,47.0,0.0,0.0,0.0,0.0,0.0,0.0,2,0,0.0,0.0,0.0,92.9,114.95902777777776,25.21,2.0,6,0,2,1,0,1,0,0
1,1,1,1,8.0,1,0,0,0,0,0,1,0,1,80.45,0.0,0.0,0.0,365.0,0.0,0.0,0.0,0.0,0.0,0.0,3,1,0.33,12.8,38.39,86.26,72.93125,-11.09,0.0,1,3,0,1,0,1,0,0
0,0,0,0,44.0,1,0,1,0,0,0,0,1,1,59.1,0.0,0.0,0.0,365.0,0.0,0.0,0.0,0.0,0.0,0.0,3,0,0.0,0.0,0.0,66.88,8.392045454545455,1.04,0.0,2,0,1,0,0,0,1,0
0,0,0,0,12.0,1,0,1,0,0,0,0,0,1,49.8,18.0,132.5,2.0,122.0,0.0,0.0,0.0,0.0,0.0,0.0,2,0,0.0,0.0,0.0,73.84,87.42083333333333,-8.26,9.0,1,1,0,0,0,0,1,0
1,0,0,0,72.0,1,0,0,0,0,0,0,0,0,19.3,4.0,233.0,1.0,116.0,0.0,0.0,0.0,0.0,0.0,0.0,1,0,0.0,0.0,0.0,79.83,19.65,-1.77,4.0,0,0,2,0,1,0,0,0
1,0,1,1,8.0,1,0,0,0,0,0,0,0,0,19.65,0.0,0.0,0.0,365.0,0.0,0.0,0.0,0.0,0.0,0.0,1,0,0.0,0.0,0.0,67.44,21.21875,-1.42,0.0,0,2,0,0,1,1,0,0
1,0,1,0,52.0,1,1,1,1,1,1,0,1,1,81.4,0.0,0.0,0.0,365.0,0.0,0.0,0.0,0.0,0.0,0.0,1,1,1.0,7.58,7.58,119.51,83.73942307692307,23.34,0.0,5,1,1,0,0,1,0,0
0,0,0,0,68.0,0,0,1,0,1,1,0,0,0,38.9,0.0,0.0,0.0,365.0,0.0,0.0,0.0,0.0,0.0,0.0,2,0,0.0,0.0,0.0,61.23,39.98823529411764,-19.16,0.0,3,0,2,0,0,0,0,1
0,0,1,0,71.0,1,1,1,1,1,1,1,1,0,87.95,0.0,0.0,0.0,365.0,1.0,14.0,14.0,1.0,0.0,1.0,3,0,0.0,0.0,0.0,67.22,89.65281690140846,29.89,0.0,6,0,2,0,0,0,0,0
1,0,0,0,2.0,1,0,0,0,0,0,0,0,0,19.85,4.0,70.0,1.0,324.0,0.0,0.0,0.0,0.0,0.0,0.0,3,0,0.0,0.0,0.0,93.06,25.8,-1.22,4.0,0,2,0,0,1,0,0,1
0,1,0,0,34.0,1,1,0,1,0,1,1,0,1,96.35,0.0,0.0,0.0,365.0,0.0,0.0,0.0,0.0,0.0,0.0,1,0,0.0,0.0,0.0,111.86,93.83088235294117,4.81,0.0,3,1,0,1,0,0,1,0
0,0,0,0,35.0,0,0,0,0,0,0,0,0,0,24.15,0.0,0.0,0.0,365.0,0.0,0.0,0.0,0.0,0.0,0.0,2,0,0.0,0.0,0.0,90.79,23.214285714285715,-33.91,0.0,0,1,0,0,0,0,1,0
0,0,1,1,61.0,1,0,0,0,0,0,0,0,0,19.1,0.0,0.0,0.0,365.0,0.0,0.0,0.0,0.0,0.0,0.0,2,0,0.0,0.0,0.0,55.64,18.750819672131147,-1.97,0.0,0,0,1,0,1,1,0,0
1,0,0,0,1.0,1,0,0,0,0,0,0,0,0,44.0,6.0,19.0,1.0,288.0,1.0,26.6,26.6,1.0,0.0,1.0,3,0,0.0,0.0,0.0,93.93,44.0,-14.06,6.0,0,2,0,0,0,0,1,0
0,0,0,0,1.0,1,1,0,0,0,0,0,0,1,50.1,4.0,231.0,1.0,21.0,0.0,0.0,0.0,0.0,0.0,0.0,2,0,0.0,0.0,0.0,113.72,50.1,-7.96,4.0,0,2,0,0,0,0,0,1
0,0,1,1,44.0,1,0,0,0,1,0,0,1,0,60.6,1.0,82.0,1.0,300.0,0.0,0.0,0.0,0.0,0.0,0.0,3,0,0.0,0.0,0.0,43.59,74.93181818181819,2.54,1.0,2,0,1,0,0,1,0,0
0,0,1,0,72.0,1,1,0,0,0,0,0,0,0,25.65,0.0,0.0,0.0,365.0,0.0,0.0,0.0,0.0,0.0,0.0,3,0,0.0,0.0,0.0,60.47,26.208333333333332,4.58,0.0,0,0,2,0,1,0,0,0
1,0,1,0,2.0,1,0,0,0,1,0,0,0,0,76.4,0.0,0.0,0.0,365.0,0.0,0.0,0.0,0.0,0.0,0.0,2,1,0.5,3.76,7.52,69.62,75.9,-15.14,0.0,1,3,0,1,0,0,1,0
1,0,0,0,3.0,1,0,0,0,1,1,1,1,1,98.7,4.0,183.0,1.0,151.0,0.0,0.0,0.0,0.0,0.0,0.0,3,0,0.0,0.0,0.0,86.06,97.88333333333333,7.16,4.0,4,2,0,1,0,0,1,0
0,1,0,0,13.0,1,1,1,0,0,0,1,1,1,100.8,0.0,0.0,0.0,365.0,0.0,0.0,0.0,0.0,0.0,0.0,3,0,0.0,0.0,0.0,76.4,100.62307692307692,9.26,0.0,3,1,0,1,0,0,1,0
1,1,1,0,41.0,0,0,0,1,1,0,1,1,1,53.95,0.0,0.0,0.0,365.0,0.0,0.0,0.0,0.0,0.0,0.0,1,0,0.0,0.0,0.0,91.89,54.03414634146342,-4.11,0.0,4,1,0,0,0,0,1,0
0,0,1,0,24.0,1,0,0,0,0,0,0,0,0,20.4,4.0,113.0,1.0,273.0,0.0,0.0,0.0,0.0,0.0,0.0,2,1,0.5,18.55,37.1,82.05,20.116666666666667,-0.67,4.0,0,1,1,0,1,1,0,0
0,0,1,1,28.0,1,0,0,0,0,0,1,1,1,90.1,0.0,0.0,0.0,365.0,0.0,0.0,0.0,0.0,0.0,0.0,2,0,0.0,0.0,0.0,73.28,92.81964285714285,-1.44,0.0,2,0,1,1,0,0,0,0
1,0,0,0,8.0,0,0,1,0,0,0,0,0,0,29.35,0.0,0.0,0.0,365.0,0.0,0.0,0.0,0.0,0.0,0.0,2,0,0.0,0.0,0.0,104.16,27.05625,-28.71,0.0,1,2,0,0,0,0,0,1
1,0,0,0,1.0,1,0,0,0,0,0,0,0,1,20.45,0.0,0.0,0.0,365.0,0.0,0.0,0.0,0.0,0.0,0.0,1,0,0.0,0.0,0.0,31.07,20.45,-0.62,0.0,0,2,0,0,1,0,0,1
0,0,0,0,54.0,1,1,0,0,1,1,0,1,1,95.1,0.0,0.0,0.0,365.0,0.0,0.0,0.0,0.0,0.0,0.0,1,0,0.0,0.0,0.0,109.6,93.79351851851852,3.56,0.0,3,0,2,1,0,0,0,0
1,0,0,0,12.0,1,1,0,0,0,0,0,0,1,25.25,0.0,0.0,0.0,365.0,0.0,0.0,0.0,0.0,0.0,0.0,3,1,0.33,16.97,50.9,75.98,83.03750000000001,4.18,0.0,0,2,0,0,1,0,0,0
0,0,1,0,19.0,1,0,0,0,0,0,0,0,0,44.9,0.0,0.0,0.0,365.0,0.0,0.0,0.0,0.0,0.0,0.0,2,0,0.0,0.0,0.0,53.96,44.19210526315789,-13.16,0.0,0,1,0,0,0,0,0,1
0,0,1,1,72.0,1,1,1,1,1,1,1,1,0,92.65,4.0,128.0,1.0,66.0,1.0,9.4,9.4,1.0,0.0,1.0,3,0,0.0,0.0,0.0,89.18,93.51388888888889,34.59,4.0,6,0,2,0,0,0,0,0
1,0,0,0,62.0,0,0,1,1,1,1,0,0,1,43.7,0.0,0.0,0.0,365.0,0.0,0.0,0.0,0.0,0.0,0.0,2,1,0.5,1.4,2.79,61.41,42.230645161290326,-14.36,0.0,4,1,2,0,0,0,0,0
0,1,1,1,56.0,1,0,1,0,0,1,1,1,1,56.15,0.0,0.0,0.0,365.0,0.0,0.0,0.0,0.0,0.0,0.0,1,0,0.0,0.0,0.0,72.19,72.93482142857142,-1.91,0.0,4,0,2,0,0,1,0,0
1,0,0,0,15.0,1,1,0,0,0,0,0,0,0,51.55,8.0,181.0,1.0,201.0,1.0,43.7,43.7,0.0,1.0,0.0,1,0,0.0,0.0,0.0,85.28,51.03333333333333,-6.51,8.0,0,1,0,0,0,0,1,0
1,1,0,0,10.0,1,0,0,0,0,0,0,1,1,79.25,0.0,0.0,0.0,365.0,0.0,0.0,0.0,0.0,0.0,0.0,2,0,0.0,0.0,0.0,62.83,79.35499999999999,-12.29,0.0,1,2,0,1,0,0,1,0
1,0,1,1,32.0,1,0,0,0,0,0,0,0,0,18.95,3.0,47.0,1.0,66.0,0.0,0.0,0.0,0.0,0.0,0.0,3,0,0.0,0.0,0.0,90.85,19.1859375,-2.12,3.0,0,0,2,0,1,0,0,1
1,0,0,0,21.0,1,0,0,0,0,0,0,0,0,20.5,0.0,0.0,0.0,365.0,0.0,0.0,0.0,0.0,0.0,0.0,2,1,0.5,8.64,17.27,71.4,19.183333333333334,-0.57,0.0,0,2,0,0,1,1,0,0
1,0,1,1,62.0,1,0,0,0,0,0,0,0,0,19.95,0.0,0.0,0.0,365.0,0.0,0.0,0.0,0.0,0.0,0.0,3,0,0.0,0.0,0.0,83.08,20.07741935483871,-1.12,0.0,0,0,1,0,1,0,0,0
0,0,0,0,2.0,0,0,0,0,0,0,0,0,0,24.5,0.0,0.0,0.0,365.0,0.0,0.0,0.0,0.0,0.0,0.0,3,0,0.0,0.0,0.0,58.97,23.2,-33.56,0.0,0,2,0,0,0,0,1,0
1,0,0,1,64.0,1,0,0,0,0,0,0,0,0,20.6,0.0,0.0,0.0,365.0,0.0,0.0,0.0,0.0,0.0,0.0,2,0,0.0,0.0,0.0,109.12,9.09140625,-0.47,0.0,0,0,2,0,1,0,0,1
1,0,0,0,5.0,1,1,0,0,0,0,1,1,1,94.85,3.0,274.0,1.0,183.0,0.0,0.0,0.0,0.0,0.0,0.0,1,0,0.0,0.0,0.0,39.25,92.56,3.31,3.0,2,2,0,1,0,0,0,0
0,0,0,0,25.0,0,0,1,1,1,0,1,1,0,61.05,3.0,142.0,1.0,321.0,0.0,0.0,0.0,0.0,0.0,0.0,3,1,0.33,9.22,27.66,84.71,61.608000000000004,2.99,3.0,5,1,1,0,0,0,1,0
0,0,0,0,2.0,1,1,0,0,0,0,0,1,1,85.7,0.0,0.0,0.0,365.0,1.0,5.2,5.2,0.0,0.0,0.0,2,1,0.5,11.08,22.17,108.42,84.9,-5.84,0.0,1,3,0,1,0,0,1,0
1,0,0,0,49.0,1,1,0,1,0,1,1,1,1,106.65,0.0,0.0,0.0,365.0,0.0,0.0,0.0,0.0,0.0,0.0,2,0,0.0,0.0,0.0,78.63,105.47142857142858,15.11,0.0,4,0,1,1,0,0,0,0
0,0,0,0,63.0,1,1,1,1,1,0,1,1,0,108.25,4.0,33.0,1.0,178.0,0.0,0.0,0.0,0.0,0.0,0.0,1,0,0.0,0.0,0.0,29.34,107.62063492063493,16.71,4.0,5,1,0,1,0,1,0,0
0,0,0,1,4.0,1,0,0,0,0,0,0,0,0,20.4,7.0,157.5,2.0,101.0,0.0,0.0,0.0,0.0,0.0,0.0,3,0,0.0,0.0,0.0,45.67,23.625,-0.67,3.5,0,2,0,0,1,1,0,0
0,0,1,0,1.0,1,0,0,0,0,0,1,0,1,55.3,6.0,260.0,1.0,182.0,1.0,22.0,22.0,1.0,0.0,1.0,3,1,0.33,2.93,8.8,80.28,55.3,-2.76,6.0,1,3,0,0,0,0,0,1
1,0,0,0,11.0,1,0,0,0,0,0,0,0,0,20.25,0.0,0.0,0.0,365.0,0.0,0.0,0.0,0.0,0.0,0.0,1,0,0.0,0.0,0.0,38.32,18.90909090909091,-0.82,0.0,0,2,0,0,1,0,0,1
1,1,0,0,52.0,1,1,0,0,0,0,0,0,1,72.95,0.0,0.0,0.0,365.0,0.0,0.0,0.0,0.0,0.0,0.0,1,0,0.0,0.0,0.0,66.76,73.64903846153847,-18.59,0.0,0,1,0,1,0,0,0,0
0,1,1,0,60.0,1,1,0,1,0,0,0,1,0,89.45,3.0,108.0,1.0,52.0,0.0,0.0,0.0,0.0,0.0,0.0,2,0,0.0,0.0,0.0,61.84,88.24333333333334,-2.09,3.0,2,1,0,1,0,0,1,0
1,0,0,0,64.0,1,1,0,0,1,1,1,1,1,104.65,6.0,88.0,1.0,228.0,0.0,0.0,0.0,0.0,0.0,0.0,1,0,0.0,0.0,0.0,90.38,107.653125,13.11,6.0,4,0,1,1,0,1,0,0
0,0,1,1,43.0,1,0,1,0,1,0,1,1,0,75.2,4.0,267.0,1.0,160.0,0.0,0.0,0.0,0.0,0.0,0.0,2,0,0.0,0.0,0.0,49.63,75.68255813953488,17.14,4.0,4,0,2,0,0,0,0,0
0,0,1,0,61.0,1,1,0,0,0,1,1,1,0,101.15,1.0,167.0,1.0,28.0,0.0,0.0,0.0,0.0,0.0,0.0,2,0,0.0,0.0,0.0,44.88,104.65409836065574,9.61,1.0,3,0,1,1,0,0,0,0
0,0,0,0,1.0,1,0,0,0,0,0,0,0,0,44.4,0.0,0.0,0.0,365.0,0.0,0.0,0.0,0.0,0.0,0.0,2,0,0.0,0.0,0.0,82.43,44.4,-13.66,0.0,0,2,0,0,0,0,0,1
1,1,0,0,12.0,1,0,0,0,0,0,1,1,1,89.5,0.0,0.0,0.0,365.0,0.0,0.0,0.0,0.0,0.0,0.0,3,1,0.33,2.3,6.9,40.03,39.80833333333333,-2.04,0.0,2,2,0,1,0,0,1,0
1,0,0,0,64.0,1,1,1,1,1,1,0,0,0,68.75,0.0,0.0,0.0,365.0,0.0,0.0,0.0,0.0,0.0,0.0,2,0,0.0,0.0,0.0,52.03,69.49296875,10.69,0.0,4,0,2,0,0,0,0,0
1,0,1,0,67.0,1,0,1,1,1,1,1,1,1,111.05,11.0,114.5,2.0,50.0,0.0,0.0,0.0,0.0,0.0,0.0,2,0,0.0,0.0,0.0,87.68,109.26940298507463,19.51,5.5,6,0,2,1,0,0,1,0
0,0,1,0,42.0,1,0,0,0,1,1,1,1,1,99.0,0.0,0.0,0.0,365.0,0.0,0.0,0.0,0.0,0.0,0.0,3,0,0.0,0.0,0.0,73.87,98.45238095238095,7.46,0.0,4,0,2,1,0,1,0,0
1,1,1,0,1.0,1,1,0,0,0,0,1,0,1,86.05,10.0,204.0,2.0,118.0,0.0,0.0,0.0,0.0,0.0,0.0,3,0,0.0,0.0,0.0,82.0,86.05,-5.49,5.0,1,2,0,1,0,0,1,0
0,0,1,1,64.0,1,0,0,0,0,0,0,0,0,21.0,0.0,0.0,0.0,365.0,0.0,0.0,0.0,0.0,0.0,0.0,3,0,0.0,0.0,0.0,36.99,10.9015625,-0.07,0.0,0,0,2,0,1,0,0,1
1,0,0,0,7.0,1,0,0,0,0,0,0,0,1,19.4,10.0,138.5,2.0,308.0,0.0,0.0,0.0,0.0,0.0,0.0,3,0,0.0,0.0,0.0,67.58,24.092857142857145,-1.67,5.0,0,2,0,0,1,0,0,1
1,0,0,0,4.0,0,0,0,0,0,0,1,1,1,44.55,0.0,0.0,0.0,365.0,0.0,0.0,0.0,0.0,0.0,0.0,3,0,0.0,0.0,0.0,55.9,43.575,-13.51,0.0,2,2,0,0,0,0,1,0
1,0,1,1,34.0,1,1,0,0,1,0,1,1,0,77.2,0.0,0.0,0.0,365.0,0.0,0.0,0.0,0.0,0.0,0.0,3,1,0.33,3.23,9.68,47.3,80.99411764705883,19.14,0.0,3,1,1,0,0,0,0,0
1,0,0,0,3.0,1,0,0,0,0,0,0,0,1,19.45,6.0,197.0,1.0,90.0,0.0,0.0,0.0,0.0,0.0,0.0,3,0,0.0,0.0,0.0,50.46,23.083333333333332,-1.62,6.0,0,1,1,0,1,0,0,1
0,0,1,1,19.0,0,0,0,0,0,0,0,0,1,24.85,3.0,288.0,1.0,122.0,1.0,23.1,23.1,1.0,0.0,1.0,3,1,0.33,3.16,9.49,70.36,22.88421052631579,-33.21,3.0,0,2,0,0,0,0,0,1
1,0,1,1,31.0,0,0,1,0,0,1,0,0,0,35.4,0.0,0.0,0.0,365.0,0.0,0.0,0.0,0.0,0.0,0.0,3,0,0.0,0.0,0.0,48.89,34.75806451612903,-22.66,0.0,2,1,0,0,0,0,0,0
0,0,0,0,1.0,1,1,0,0,0,0,1,1,0,95.65,0.0,0.0,0.0,365.0,0.0,0.0,0.0,0.0,0.0,0.0,3,1,0.33,9.78,29.33,76.8,95.65,4.11,0.0,2,3,0,1,0,0,0,1
1,0,0,0,3.0,0,0,1,0,1,1,0,0,0,41.35,0.0,0.0,0.0,365.0,0.0,0.0,0.0,0.0,0.0,0.0,2,1,0.5,2.59,5.18,59.6,35.75,-16.71,0.0,3,3,0,0,0,0,0,1
1,0,1,0,46.0,1,0,0,0,0,0,0,0,0,19.6,0.0,0.0,0.0,365.0,1.0,1.2,1.2,0.0,0.0,0.0,1,1,1.0,48.32,48.32,97.75,18.504347826086956,-1.47,0.0,0,2,0,0,1,0,1,0
0,0,0,0,1.0,1,0,0,0,0,0,0,0,0,20.95,0.0,0.0,0.0,365.0,0.0,0.0,0.0,0.0,0.0,0.0,3,1,0.33,3.08,9.25,58.09,20.95,-0.12,0.0,0,3,0,0,1,0,0,1
0,0,1,1,69.0,1,1,1,0,1,0,0,0,0,84.45,0.0,0.0,0.0,365.0,0.0,0.0,0.0,0.0,0.0,0.0,1,0,0.0,0.0,0.0,26.1,84.76231884057971,-7.09,0.0,2,0,1,1,0,0,0,0
1,0,0,0,12.0,1,0,0,0,0,0,0,0,0,20.25,0.0,0.0,0.0,365.0,0.0,0.0,0.0,0.0,0.0,0.0,3,0,0.0,0.0,0.0,68.01,9.15,-0.82,0.0,0,1,0,0,1,0,0,1
1,0,0,0,1.0,1,0,0,0,0,0,0,0,0,19.65,0.0,0.0,0.0,365.0,0.0,0.0,0.0,0.0,0.0,0.0,3,1,0.33,2.01,6.03,74.97,19.65,-1.42,0.0,0,3,0,0,1,0,0,0
1,0,0,0,26.0,1,0,0,0,0,0,0,0,1,20.65,0.0,0.0,0.0,365.0,0.0,0.0,0.0,0.0,0.0,0.0,1,0,0.0,0.0,0.0,37.85,22.903846153846153,-0.42,0.0,0,0,1,0,1,1,0,0
0,1,0,0,10.0,0,0,0,0,0,0,0,1,1,34.7,0.0,0.0,0.0,365.0,0.0,0.0,0.0,0.0,0.0,0.0,1,0,0.0,0.0,0.0,32.41,32.980000000000004,-23.36,0.0,1,2,0,0,0,0,1,0
1,0,0,0,25.0,1,0,0,0,1,1,1,1,0,99.3,0.0,0.0,0.0,365.0,0.0,0.0,0.0,0.0,0.0,0.0,3,0,0.0,0.0,0.0,45.39,100.54,7.76,0.0,4,0,2,1,0,0,0,0
1,0,1,1,64.0,1,0,1,1,0,0,0,0,0,81.05,0.0,0.0,0.0,365.0,0.0,0.0,0.0,0.0,0.0,0.0,3,1,0.33,11.51,34.52,80.38,80.23984375,-10.49,0.0,2,2,0,1,0,0,1,0
1,0,1,1,30.0,1,1,1,1,1,1,0,0,0,67.6,0.0,0.0,0.0,365.0,0.0,0.0,0.0,0.0,0.0,0.0,1,0,0.0,0.0,0.0,56.27,66.67333333333333,9.54,0.0,4,1,0,0,0,0,1,0
1,0,0,0,13.0,1,0,0,0,0,0,0,0,1,70.15,5.0,40.0,1.0,190.0,0.0,0.0,0.0,0.0,0.0,0.0,2,0,0.0,0.0,0.0,113.92,71.67307692307692,-21.39,5.0,0,1,0,1,0,0,1,0
0,0,1,0,64.0,1,1,1,1,1,1,1,1,1,115.0,8.0,175.5,2.0,135.0,0.0,0.0,0.0,0.0,0.0,0.0,3,1,0.33,8.44,25.31,79.42,115.56484375,23.46,4.0,6,1,1,1,0,0,1,0
0,0,0,1,46.0,1,1,0,0,1,1,0,0,1,84.8,0.0,0.0,0.0,365.0,0.0,0.0,0.0,0.0,0.0,0.0,2,0,0.0,0.0,0.0,70.72,86.06195652173913,-6.74,0.0,2,1,0,1,0,0,0,0
0,0,0,0,12.0,1,0,0,0,0,0,0,0,0,19.7,6.0,145.0,1.0,219.0,0.0,0.0,0.0,0.0,0.0,0.0,1,0,0.0,0.0,0.0,79.66,21.741666666666664,-1.37,6.0,0,0,1,0,1,0,0,1
0,0,0,0,15.0,1,0,0,0,0,0,0,0,0,19.75,0.0,0.0,0.0,365.0,1.0,16.2,16.2,0.0,1.0,0.0,3,0,0.0,0.0,0.0,68.24,19.82,-1.32,0.0,0,1,0,0,1,0,0,0
1,0,1,1,17.0,1,1,0,0,0,0,1,1,1,92.55,0.0,0.0,0.0,365.0,0.0,0.0,0.0,0.0,0.0,0.0,1,1,1.0,7.31,7.31,44.6,89.12352941176471,1.01,0.0,2,2,0,1,0,0,1,0
0,0,1,1,13.0,1,0,1,0,1,0,0,1,1,56.15,6.0,44.0,1.0,335.0,0.0,0.0,0.0,0.0,0.0,0.0,1,0,0.0,0.0,0.0,92.06,62.83076923076923,-1.91,6.0,3,1,0,0,0,0,0,1
0,0,1,1,67.0,1,1,1,1,0,1,1,0,0,74.0,0.0,0.0,0.0,365.0,0.0,0.0,0.0,0.0,0.0,0.0,2,1,0.5,7.76,15.52,100.5,72.66268656716417,15.94,0.0,4,1,2,0,0,1,0,0
1,0,1,0,24.0,0,0,0,0,1,0,0,0,0,29.1,0.0,0.0,0.0,365.0,0.0,0.0,0.0,0.0,0.0,0.0,1,0,0.0,0.0,0.0,34.74,28.666666666666668,-28.96,0.0,1,1,0,0,0,0,1,0
1,0,0,0,6.0,1,0,0,0,0,1,0,0,0,50.05,12.0,59.0,2.0,136.0,0.0,0.0,0.0,0.0,0.0,0.0,2,1,0.5,23.75,47.5,108.34,48.05833333333334,-8.01,6.0,1,3,0,0,0,0,0,1
1,1,1,0,53.0,1,1,1,0,0,1,0,0,1,60.05,0.0,0.0,0.0,365.0,0.0,0.0,0.0,0.0,0.0,0.0,3,0,0.0,0.0,0.0,82.46,60.93679245283019,1.99,0.0,2,0,1,0,0,0,1,0
1,1,1,0,16.0,1,0,0,1,0,0,0,0,1,74.3,0.0,0.0,0.0,365.0,0.0,0.0,0.0,0.0,0.0,0.0,2,0,0.0,0.0,0.0,82.9,73.640625,-17.24,0.0,1,1,0,1,0,1,0,0
1,0,0,0,10.0,1,0,0,0,0,0,0,0,0,20.0,6.0,282.0,1.0,193.0,0.0,0.0,0.0,0.0,0.0,0.0,3,1,0.33,2.71,8.13,74.84,18.54,-1.07,6.0,0,3,0,0,1,0,1,0
0,0,0,0,13.0,1,0,0,1,0,0,0,0,1,74.65,0.0,0.0,0.0,365.0,2.0,36.1,63.6,0.0,1.0,0.0,2,0,0.0,0.0,0.0,60.86,74.32692307692308,-16.89,0.0,1,0,1,1,0,0,0,1
1,0,0,0,9.0,1,1,0,0,0,0,1,0,1,85.35,2.0,128.0,1.0,247.0,1.0,94.6,94.6,1.0,0.0,1.0,1,0,0.0,0.0,0.0,94.08,84.28888888888889,-6.19,2.0,1,2,0,1,0,0,1,0
0,0,0,0,25.0,1,0,1,1,1,1,1,0,0,74.3,2.0,10.0,1.0,260.0,0.0,0.0,0.0,0.0,0.0,0.0,3,2,0.67,23.86,39.97,75.67,74.55199999999999,16.24,2.0,5,1,1,0,0,0,0,1
1,1,0,0,7.0,0,0,0,1,0,1,0,1,1,44.4,7.0,144.0,2.0,42.0,0.0,0.0,0.0,0.0,0.0,0.0,1,0,0.0,0.0,0.0,40.85,37.971428571428575,-13.66,3.5,3,2,0,0,0,0,1,0
1,0,1,1,38.0,1,1,1,0,1,1,1,1,1,85.4,18.0,106.5,2.0,145.0,0.0,0.0,0.0,0.0,0.0,0.0,1,0,0.0,0.0,0.0,83.86,86.76315789473684,27.34,9.0,5,0,2,0,0,0,0,0
0,0,1,0,43.0,1,1,1,1,0,0,0,1,1,94.1,0.0,0.0,0.0,365.0,0.0,0.0,0.0,0.0,0.0,0.0,1,0,0.0,0.0,0.0,54.91,95.51860465116279,2.56,0.0,3,1,0,1,0,0,1,0
0,0,0,1,4.0,1,0,0,0,1,1,1,1,1,98.1,0.0,0.0,0.0,365.0,0.0,0.0,0.0,0.0,0.0,0.0,2,0,0.0,0.0,0.0,63.08,99.075,6.56,0.0,4,2,0,1,0,0,0,0
0,0,0,0,25.0,1,1,0,1,1,1,1,1,0,108.9,0.0,0.0,0.0,365.0,1.0,20.8,20.8,1.0,0.0,1.0,2,0,0.0,0.0,0.0,80.97,112.36200000000001,17.36,0.0,5,0,2,1,0,0,1,0
1,0,0,1,27.0,1,0,1,1,0,0,0,0,0,56.2,3.0,35.0,1.0,362.0,0.0,0.0,0.0,0.0,0.0,0.0,2,1,0.5,3.44,6.87,69.94,58.0574074074074,-1.86,3.0,2,1,1,0,0,0,0,1
1,0,1,1,72.0,1,1,0,0,0,0,0,0,0,26.1,0.0,0.0,0.0,365.0,0.0,0.0,0.0,0.0,0.0,0.0,2,2,1.0,33.82,52.64,81.46,25.714583333333334,5.03,0.0,0,1,2,0,1,0,0,1
1,0,0,1,71.0,1,1,1,1,0,0,0,0,1,85.45,0.0,0.0,0.0,365.0,0.0,0.0,0.0,0.0,0.0,0.0,3,0,0.0,0.0,0.0,81.98,84.91478873239437,-6.09,0.0,2,0,1,1,0,1,0,0
0,0,0,0,24.0,1,1,0,0,1,0,1,0,1,88.95,7.0,128.0,1.0,197.0,0.0,0.0,0.0,0.0,0.0,0.0,3,0,0.0,0.0,0.0,96.77,86.36458333333333,-2.59,7.0,2,1,0,1,0,1,0,0
0,0,0,0,50.0,1,1,1,1,0,1,1,1,1,109.65,0.0,0.0,0.0,365.0,0.0,0.0,0.0,0.0,0.0,0.0,2,1,0.5,11.18,22.36,85.53,111.023,18.11,0.0,5,1,2,1,0,0,1,0
1,0,0,0,57.0,1,0,1,0,1,0,1,1,1,74.35,8.0,260.0,1.0,360.0,0.0,0.0,0.0,0.0,0.0,0.0,2,0,0.0,0.0,0.0,59.27,75.74298245614035,16.29,8.0,4,0,2,0,0,0,0,0
0,0,0,0,15.0,1,0,0,1,0,0,0,0,0,48.85,0.0,0.0,0.0,365.0,0.0,0.0,0.0,0.0,0.0,0.0,1,1,1.0,9.14,9.14,93.53,49.12,-9.21,0.0,1,2,0,0,0,0,1,0
1,0,0,0,4.0,1,1,1,0,0,0,0,0,1,80.1,5.0,229.0,1.0,75.0,0.0,0.0,0.0,0.0,0.0,0.0,1,0,0.0,0.0,0.0,22.15,84.0375,-11.44,5.0,1,2,0,1,0,0,1,0
0,0,0,0,28.0,1,0,1,1,0,0,0,0,0,56.05,0.0,0.0,0.0,365.0,0.0,0.0,0.0,0.0,0.0,0.0,1,0,0.0,0.0,0.0,91.1,54.38035714285714,-2.01,0.0,2,1,0,0,0,0,1,0
0,1,0,0,9.0,1,1,0,0,0,0,0,0,1,74.55,0.0,0.0,0.0,365.0,0.0,0.0,0.0,0.0,0.0,0.0,2,1,0.5,24.28,48.55,100.7,69.21111111111111,-16.99,0.0,0,3,0,1,0,0,1,0
0,0,1,0,55.0,1,1,1,0,0,0,1,0,1,89.8,6.0,102.0,1.0,153.0,0.0,0.0,0.0,0.0,0.0,0.0,1,0,0.0,0.0,0.0,43.68,90.17454545454547,-1.74,6.0,2,1,0,1,0,0,0,0
1,0,0,0,3.0,1,1,0,0,1,0,1,1,1,100.95,0.0,0.0,0.0,365.0,0.0,0.0,0.0,0.0,0.0,0.0,2,0,0.0,0.0,0.0,59.0,109.98333333333333,9.41,0.0,3,2,0,1,0,0,1,0
1,0,0,0,10.0,1,0,0,0,1,0,1,1,1,94.9,0.0,0.0,0.0,365.0,0.0,0.0,0.0,0.0,0.0,0.0,2,0,0.0,0.0,0.0,62.13,104.88499999999999,3.36,0.0,3,2,0,1,0,0,1,0
1,0,0,1,55.0,1,0,0,0,0,0,0,0,0,19.1,7.0,177.0,1.0,329.0,0.0,0.0,0.0,0.0,0.0,0.0,3,1,0.33,6.41,19.22,80.21,18.20909090909091,-1.97,7.0,0,1,1,0,1,0,0,0
0,0,1,1,20.0,1,0,0,0,0,0,0,0,0,20.35,0.0,0.0,0.0,365.0,1.0,10.7,10.7,0.0,1.0,0.0,1,0,0.0,0.0,0.0,88.59,22.130000000000003,-0.72,0.0,0,1,0,0,1,0,0,1
0,0,1,1,62.0,1,1,0,1,0,1,1,1,1,106.05,0.0,0.0,0.0,365.0,0.0,0.0,0.0,0.0,0.0,0.0,1,0,0.0,0.0,0.0,73.08,108.12096774193549,14.51,0.0,4,0,1,1,0,1,0,0
1,1,1,0,32.0,1,1,0,0,1,1,1,1,1,104.9,0.0,0.0,0.0,365.0,0.0,0.0,0.0,0.0,0.0,0.0,1,0,0.0,0.0,0.0,73.67,104.7359375,13.36,0.0,4,1,0,1,0,0,1,0
0,0,0,0,43.0,1,0,0,0,0,0,0,0,1,19.65,0.0,0.0,0.0,365.0,0.0,0.0,0.0,0.0,0.0,0.0,1,0,0.0,0.0,0.0,67.25,18.122093023255815,-1.42,0.0,0,0,2,0,1,0,0,0
1,0,1,0,9.0,0,0,0,0,0,0,0,0,0,24.1,0.0,0.0,0.0,365.0,0.0,0.0,0.0,0.0,0.0,0.0,1,0,0.0,0.0,0.0,26.37,28.866666666666667,-33.96,0.0,0,1,1,0,0,0,0,0
0,0,1,0,60.0,1,0,1,1,0,1,0,0,0,59.85,0.0,0.0,0.0,365.0,0.0,0.0,0.0,0.0,0.0,0.0,1,1,1.0,11.17,11.17,67.32,58.0575,1.79,0.0,3,1,2,0,0,0,0,0
1,0,1,0,58.0,1,1,1,1,1,0,1,1,1,86.1,6.0,138.0,1.0,304.0,0.0,0.0,0.0,0.0,0.0,0.0,1,0,0.0,0.0,0.0,95.83,84.31896551724138,28.04,6.0,5,0,2,0,0,0,1,0
1,0,0,1,7.0,1,0,0,0,0,0,0,0,0,19.45,0.0,0.0,0.0,365.0,0.0,0.0,0.0,0.0,0.0,0.0,1,0,0.0,0.0,0.0,52.5,19.535714285714285,-1.62,0.0,0,1,1,0,1,0,0,1
1,0,1,1,2.0,1,0,1,0,0,0,1,1,0,97.1,0.0,0.0,0.0,365.0,0.0,0.0,0.0,0.0,0.0,0.0,1,0,0.0,0.0,0.0,88.22,92.075,5.56,0.0,3,2,0,1,0,0,1,0
1,1,0,0,37.0,0,0,0,1,1,0,0,0,0,36.65,9.0,207.0,2.0,24.0,0.0,0.0,0.0,0.0,0.0,0.0,2,0,0.0,0.0,0.0,33.22,35.54054054054054,-21.41,4.5,2,1,0,0,0,0,1,0
0,1,1,1,65.0,1,1,0,0,1,1,1,1,1,103.9,0.0,0.0,0.0,365.0,0.0,0.0,0.0,0.0,0.0,0.0,3,0,0.0,0.0,0.0,94.87,104.10923076923078,12.36,0.0,4,0,1,1,0,0,0,0
0,0,1,1,39.0,1,0,0,0,0,0,0,0,0,19.75,0.0,0.0,0.0,365.0,0.0,0.0,0.0,0.0,0.0,0.0,1,0,0.0,0.0,0.0,48.21,19.434615384615388,-1.32,0.0,0,0,2,0,1,0,0,1
1,0,1,0,66.0,1,1,0,1,0,1,1,1,1,104.05,7.0,173.0,2.0,288.0,0.0,0.0,0.0,0.0,0.0,0.0,2,0,0.0,0.0,0.0,83.66,104.39393939393939,12.51,3.5,4,0,1,1,0,0,1,0
1,0,0,0,68.0,1,1,0,0,0,0,0,0,0,24.55,0.0,0.0,0.0,365.0,0.0,0.0,0.0,0.0,0.0,0.0,3,0,0.0,0.0,0.0,80.48,24.373529411764707,3.48,0.0,0,0,2,0,1,0,0,1
0,0,1,1,62.0,0,0,1,1,0,1,1,0,0,48.7,0.0,0.0,0.0,365.0,0.0,0.0,0.0,0.0,0.0,0.0,2,0,0.0,0.0,0.0,70.59,48.525000000000006,-9.36,0.0,4,0,2,0,0,0,0,0
1,0,0,0,3.0,1,0,0,0,1,1,1,0,1,88.35,7.0,21.0,1.0,81.0,0.0,0.0,0.0,0.0,0.0,0.0,2,0,0.0,0.0,0.0,39.62,87.35000000000001,-3.19,7.0,3,2,0,1,0,0,0,1
0,0,1,0,72.0,1,1,1,1,1,0,1,1,1,109.55,0.0,0.0,0.0,365.0,0.0,0.0,0.0,0.0,0.0,0.0,1,0,0.0,0.0,0.0,22.9,113.40416666666667,18.01,0.0,5,0,2,1,0,0,1,0
0,0,1,0,41.0,1,0,0,0,0,0,0,0,0,20.65,0.0,0.0,0.0,365.0,0.0,0.0,0.0,0.0,0.0,0.0,2,1,0.5,2.54,5.08,71.35,21.35487804878049,-0.42,0.0,0,1,2,0,1,1,0,0
1,0,1,1,29.0,1,0,1,0,0,0,1,1,0,94.65,0.0,0.0,0.0,365.0,1.0,0.6,0.6,1.0,0.0,1.0,1,0,0.0,0.0,0.0,95.45,91.35000000000001,3.11,0.0,3,1,0,1,0,1,0,0
0,0,0,0,4.0,1,0,1,1,0,0,0,0,0,55.2,0.0,0.0,0.0,365.0,0.0,0.0,0.0,0.0,0.0,0.0,1,0,0.0,0.0,0.0,56.88,55.1625,-2.86,0.0,2,2,0,0,0,0,1,0
1,0,0,0,53.0,1,1,0,0,0,0,0,0,0,24.05,0.0,0.0,0.0,365.0,0.0,0.0,0.0,0.0,0.0,0.0,3,0,0.0,0.0,0.0,88.1,24.56415094339623,2.98,0.0,0,0,1,0,1,0,0,0
1,1,1,0,1.0,1,1,0,0,0,0,0,0,1,74.4,0.0,0.0,0.0,365.0,0.0,0.0,0.0,0.0,0.0,0.0,3,0,0.0,0.0,0.0,73.38,74.4,-17.14,0.0,0,2,0,1,0,0,1,0
0,0,1,1,41.0,1,1,1,1,1,1,0,1,0,79.9,0.0,0.0,0.0,365.0,0.0,0.0,0.0,0.0,0.0,0.0,2,1,0.5,17.92,35.85,67.28,81.12682926829268,21.84,0.0,5,2,0,0,0,1,0,0
1,0,1,0,39.0,1,0,0,0,0,0,0,0,1,20.45,0.0,0.0,0.0,365.0,0.0,0.0,0.0,0.0,0.0,0.0,2,0,0.0,0.0,0.0,94.94,20.256410256410255,-0.62,0.0,0,0,2,0,1,0,0,0
1,0,1,0,63.0,1,0,0,0,0,0,0,0,0,19.25,0.0,0.0,0.0,365.0,0.0,0.0,0.0,0.0,0.0,0.0,3,0,0.0,0.0,0.0,46.83,19.645238095238096,-1.82,0.0,0,0,2,0,1,0,0,1
1,0,0,0,15.0,1,1,0,0,0,0,0,0,1,26.35,6.0,151.0,1.0,246.0,0.0,0.0,0.0,0.0,0.0,0.0,3,0,0.0,0.0,0.0,80.67,25.240000000000002,5.28,6.0,0,1,0,0,1,0,1,0
0,0,1,0,13.0,1,0,0,0,0,0,0,0,0,43.8,9.0,222.0,1.0,13.0,0.0,0.0,0.0,0.0,0.0,0.0,1,0,0.0,0.0,0.0,29.72,45.58846153846154,-14.26,9.0,0,0,1,0,0,0,1,0
1,0,0,0,1.0,1,0,0,1,0,0,0,0,1,50.15,0.0,0.0,0.0,365.0,0.0,0.0,0.0,0.0,0.0,0.0,2,0,0.0,0.0,0.0,71.85,50.15,-7.91,0.0,1,2,0,0,0,0,0,1
1,0,0,0,1.0,1,0,0,0,0,0,0,0,0,20.15,0.0,0.0,0.0,365.0,2.0,11.35,19.2,1.0,1.0,0.5,2,1,0.5,7.17,14.34,50.46,20.45,-0.92,0.0,0,2,2,0,1,0,0,1
1,1,0,0,8.0,1,0,0,0,0,0,0,0,1,69.7,6.0,160.0,1.0,338.0,0.0,0.0,0.0,0.0,0.0,0.0,3,2,0.67,13.13,26.39,53.91,70.10625,-21.84,6.0,0,3,0,1,0,0,1,0
1,0,0,0,60.0,1,0,1,1,1,0,0,0,0,61.4,0.0,0.0,0.0,365.0,0.0,0.0,0.0,0.0,0.0,0.0,2,0,0.0,0.0,0.0,59.9,60.6375,3.34,0.0,3,0,2,0,0,0,1,0
0,1,1,0,12.0,1,1,0,1,1,0,1,0,1,98.1,0.0,0.0,0.0,365.0,0.0,0.0,0.0,0.0,0.0,0.0,1,0,0.0,0.0,0.0,92.04,88.35000000000001,6.56,0.0,3,1,0,1,0,0,1,0
1,0,1,0,40.0,1,1,0,1,0,1,1,0,0,70.75,3.0,231.0,1.0,43.0,1.0,0.8,0.8,1.0,0.0,1.0,1,1,1.0,9.72,9.72,58.22,73.04375,12.69,3.0,3,1,1,0,0,1,0,0
0,0,0,0,66.0,1,0,1,1,1,0,0,0,1,61.15,0.0,0.0,0.0,365.0,0.0,0.0,0.0,0.0,0.0,0.0,3,1,0.33,5.15,15.45,41.35,60.87045454545454,3.09,0.0,3,1,2,0,0,0,0,0
1,0,1,1,42.0,1,0,0,0,0,0,0,0,0,20.25,0.0,0.0,0.0,365.0,0.0,0.0,0.0,0.0,0.0,0.0,2,0,0.0,0.0,0.0,81.45,20.354761904761904,-0.82,0.0,0,0,1,0,1,0,0,1
0,1,0,0,66.0,1,1,1,1,0,1,0,0,1,63.85,4.0,147.0,1.0,345.0,1.0,5.6,5.6,1.0,0.0,1.0,1,0,0.0,0.0,0.0,102.96,63.247727272727275,5.79,4.0,3,0,1,0,0,1,0,0
1,0,0,0,49.0,1,1,0,1,0,0,1,1,0,98.7,0.0,0.0,0.0,365.0,2.0,12.0,19.6,2.0,0.0,1.0,2,0,0.0,0.0,0.0,99.92,100.41938775510205,7.16,0.0,3,1,0,1,0,0,1,0
0,0,0,0,1.0,1,0,0,0,0,0,0,0,0,20.5,0.0,0.0,0.0,365.0,0.0,0.0,0.0,0.0,0.0,0.0,2,0,0.0,0.0,0.0,60.86,20.5,-0.57,0.0,0,2,0,0,1,0,0,1
0,0,0,0,41.0,1,0,0,0,0,0,0,0,0,20.0,11.0,49.0,1.0,353.0,0.0,0.0,0.0,0.0,0.0,0.0,3,0,0.0,0.0,0.0,53.0,19.76341463414634,-1.07,11.0,0,0,2,0,1,0,0,1
0,0,1,1,41.0,1,0,0,0,0,0,0,0,0,20.15,0.0,0.0,0.0,365.0,0.0,0.0,0.0,0.0,0.0,0.0,2,1,0.5,2.56,5.13,69.95,18.839024390243903,-0.92,0.0,0,1,2,0,1,0,0,0
0,0,1,1,23.0,1,0,1,1,0,1,0,0,0,84.4,0.0,0.0,0.0,365.0,0.0,0.0,0.0,0.0,0.0,0.0,1,0,0.0,0.0,0.0,66.57,84.2108695652174,-7.14,0.0,3,1,0,1,0,0,0,1
1,0,0,0,3.0,0,0,0,0,0,0,0,0,0,25.1,5.0,24.0,1.0,21.0,0.0,0.0,0.0,0.0,0.0,0.0,2,0,0.0,0.0,0.0,87.48,26.599999999999998,-32.96,5.0,0,2,0,0,0,0,1,0
0,0,0,0,4.0,0,0,1,0,1,1,0,1,0,48.25,0.0,0.0,0.0,365.0,0.0,0.0,0.0,0.0,0.0,0.0,2,0,0.0,0.0,0.0,42.17,50.5625,-9.81,0.0,4,2,0,0,0,0,0,1
0,0,1,1,52.0,1,0,0,0,0,0,0,0,0,19.85,0.0,0.0,0.0,365.0,0.0,0.0,0.0,0.0,0.0,0.0,2,0,0.0,0.0,0.0,103.28,20.58653846153846,-1.22,0.0,0,0,2,0,1,0,0,1
0,1,1,0,4.0,1,1,1,0,0,0,1,1,1,99.6,10.0,227.0,2.0,72.0,0.0,0.0,0.0,0.0,0.0,0.0,1,0,0.0,0.0,0.0,105.0,86.9125,8.06,5.0,3,2,0,1,0,0,1,0
0,0,0,0,11.0,1,0,0,1,1,1,0,1,1,94.2,0.0,0.0,0.0,365.0,0.0,0.0,0.0,0.0,0.0,0.0,2,0,0.0,0.0,0.0,101.46,90.89999999999999,2.66,0.0,4,2,0,1,0,0,1,0
0,0,1,0,2.0,1,0,1,0,0,0,0,1,1,62.15,0.0,0.0,0.0,365.0,0.0,0.0,0.0,0.0,0.0,0.0,1,1,1.0,29.93,29.93,77.88,56.55,4.09,0.0,2,3,0,0,0,0,0,1
0,0,1,0,26.0,1,1,0,1,0,0,0,0,0,79.3,7.0,92.0,1.0,114.0,0.0,0.0,0.0,0.0,0.0,0.0,2,0,0.0,0.0,0.0,87.19,77.53076923076922,-12.24,7.0,1,1,0,1,0,0,0,0
1,0,1,1,24.0,1,0,1,0,1,0,0,0,1,56.25,0.0,0.0,0.0,365.0,0.0,0.0,0.0,0.0,0.0,0.0,3,2,0.67,20.05,31.49,55.91,60.59375,-1.81,0.0,2,1,1,0,0,1,0,0
0,0,0,0,12.0,1,0,0,0,0,0,0,0,0,20.3,5.0,297.0,1.0,133.0,0.0,0.0,0.0,0.0,0.0,0.0,1,1,1.0,6.1,6.1,96.68,20.558333333333334,-0.77,5.0,0,2,0,0,1,0,0,1
1,1,1,0,60.0,1,1,0,0,0,1,1,1,1,99.0,0.0,0.0,0.0,365.0,0.0,0.0,0.0,0.0,0.0,0.0,2,0,0.0,0.0,0.0,111.66,100.29833333333333,7.46,0.0,3,1,0,1,0,0,1,0
0,0,1,1,64.0,1,1,1,1,1,1,1,1,1,90.6,0.0,0.0,0.0,365.0,0.0,0.0,0.0,0.0,0.0,0.0,1,0,0.0,0.0,0.0,26.36,90.89765625,32.54,0.0,6,0,2,0,0,0,0,1
1,0,1,0,66.0,1,0,1,1,1,1,1,1,1,85.9,5.0,264.0,1.0,39.0,0.0,0.0,0.0,0.0,0.0,0.0,1,1,1.0,20.52,20.52,41.25,84.77727272727273,27.84,5.0,6,1,2,0,0,0,0,0
0,0,0,0,60.0,1,1,0,0,1,0,0,0,1,79.2,22.0,123.0,3.0,205.0,0.0,0.0,0.0,0.0,0.0,0.0,2,0,0.0,0.0,0.0,59.26,79.41666666666667,-12.34,7.333,1,0,1,1,0,0,0,0
1,0,1,1,17.0,1,1,1,0,1,0,1,0,1,70.35,0.0,0.0,0.0,365.0,0.0,0.0,0.0,0.0,0.0,0.0,2,1,0.5,15.32,30.65,87.97,70.68529411764706,12.29,0.0,3,1,1,0,0,0,0,0
1,0,1,1,42.0,1,0,0,0,0,0,0,0,0,19.35,3.0,289.0,1.0,90.0,0.0,0.0,0.0,0.0,0.0,0.0,2,0,0.0,0.0,0.0,74.38,20.65,-1.72,3.0,0,0,2,0,1,0,0,1
1,0,0,0,1.0,1,1,0,0,0,0,0,0,1,50.15,0.0,0.0,0.0,365.0,0.0,0.0,0.0,0.0,0.0,0.0,3,1,0.33,3.36,10.09,56.27,50.15,-7.91,0.0,0,3,0,0,0,0,1,0
0,0,1,1,47.0,1,0,0,1,0,1,0,1,0,63.8,0.0,0.0,0.0,365.0,1.0,19.8,19.8,1.0,0.0,1.0,1,0,0.0,0.0,0.0,61.75,63.984042553191486,5.74,0.0,3,0,2,0,0,0,0,0
0,0,1,0,10.0,1,0,0,0,0,0,0,0,1,20.55,0.0,0.0,0.0,365.0,0.0,0.0,0.0,0.0,0.0,0.0,3,0,0.0,0.0,0.0,66.38,25.275,-0.52,0.0,0,2,0,0,1,0,0,1
1,1,1,0,70.0,1,1,1,1,1,1,1,1,1,88.55,6.0,298.0,1.0,363.0,0.0,0.0,0.0,0.0,0.0,0.0,2,0,0.0,0.0,0.0,45.28,90.09285714285714,30.49,6.0,6,0,2,0,0,1,0,0
1,1,0,0,67.0,1,1,0,0,1,0,1,1,1,101.4,0.0,0.0,0.0,365.0,0.0,0.0,0.0,0.0,0.0,0.0,1,0,0.0,0.0,0.0,109.11,102.10522388059702,9.86,0.0,3,1,0,1,0,1,0,0
0,0,0,0,1.0,1,0,0,0,0,0,0,1,1,81.95,0.0,0.0,0.0,365.0,0.0,0.0,0.0,0.0,0.0,0.0,1,1,1.0,41.69,41.69,90.3,81.95,-9.59,0.0,1,3,0,1,0,0,1,0
1,0,1,0,7.0,1,0,0,0,0,0,0,0,1,69.35,3.0,165.0,1.0,342.0,0.0,0.0,0.0,0.0,0.0,0.0,2,1,0.5,3.94,7.88,61.64,64.44285714285715,-22.19,3.0,0,3,0,1,0,0,1,0
1,0,0,0,1.0,1,0,0,0,0,0,0,0,0,44.6,7.0,168.0,1.0,113.0,0.0,0.0,0.0,0.0,0.0,0.0,2,2,1.0,24.9,27.97,62.93,44.6,-13.46,7.0,0,3,0,0,0,0,0,1
1,0,0,0,4.0,1,0,0,1,0,1,1,0,1,63.75,0.0,0.0,0.0,365.0,0.0,0.0,0.0,0.0,0.0,0.0,2,2,1.0,17.9,25.61,94.35,56.55,5.69,0.0,3,3,0,0,0,0,0,0
0,0,1,1,66.0,1,1,1,1,1,0,1,1,0,109.25,8.0,51.0,1.0,80.0,0.0,0.0,0.0,0.0,0.0,0.0,3,0,0.0,0.0,0.0,55.77,107.31060606060606,17.71,8.0,5,0,2,1,0,0,0,0
0,0,0,0,12.0,1,0,0,1,0,0,0,1,1,84.6,4.0,155.0,1.0,172.0,0.0,0.0,0.0,0.0,0.0,0.0,1,0,0.0,0.0,0.0,119.23,84.77916666666667,-6.94,4.0,2,1,0,1,0,0,1,0
0,0,0,0,24.0,1,0,0,0,0,0,0,0,0,20.45,0.0,0.0,0.0,365.0,0.0,0.0,0.0,0.0,0.0,0.0,3,1,0.33,2.86,8.59,84.96,21.972916666666666,-0.62,0.0,0,1,1,0,1,1,0,0
1,0,0,0,26.0,1,0,0,1,0,0,1,0,1,85.75,0.0,0.0,0.0,365.0,0.0,0.0,0.0,0.0,0.0,0.0,1,0,0.0,0.0,0.0,77.65,82.5576923076923,-5.79,0.0,2,1,0,1,0,0,1,0
0,0,0,0,6.0,1,0,0,0,0,0,1,1,1,91.1,0.0,0.0,0.0,365.0,0.0,0.0,0.0,0.0,0.0,0.0,2,1,0.5,1.18,2.36,44.28,75.88333333333334,-0.44,0.0,2,3,0,1,0,0,1,0
1,0,1,0,57.0,1,1,0,0,1,1,1,1,0,107.95,5.0,172.0,1.0,300.0,1.0,1.1,1.1,0.0,1.0,0.0,1,0,0.0,0.0,0.0,53.18,104.73421052631579,16.41,5.0,4,0,2,1,0,0,1,0
1,0,1,0,14.0,1,1,0,0,0,0,1,0,1,86.1,0.0,0.0,0.0,365.0,1.0,74.7,74.7,1.0,0.0,1.0,2,0,0.0,0.0,0.0,65.1,88.25357142857142,-5.44,0.0,1,1,0,1,0,0,1,0
0,0,1,1,42.0,1,1,0,0,0,0,0,0,0,22.95,0.0,0.0,0.0,365.0,0.0,0.0,0.0,0.0,0.0,0.0,1,0,0.0,0.0,0.0,25.95,24.148809523809526,1.88,0.0,0,0,2,0,1,0,1,0
1,0,0,0,12.0,1,1,0,0,0,0,1,1,1,94.7,12.0,167.5,2.0,106.0,1.0,50.7,50.7,0.0,1.0,0.0,1,0,0.0,0.0,0.0,94.75,196.84166666666667,3.16,6.0,2,1,0,1,0,0,0,0
0,0,1,0,64.0,1,0,0,0,0,0,0,0,0,19.45,0.0,0.0,0.0,365.0,0.0,0.0,0.0,0.0,0.0,0.0,1,0,0.0,0.0,0.0,93.99,19.15078125,-1.62,0.0,0,0,2,0,1,1,0,0
1,0,1,0,22.0,1,1,0,0,0,0,0,1,1,85.1,5.0,239.0,1.0,94.0,0.0,0.0,0.0,0.0,0.0,0.0,1,0,0.0,0.0,0.0,102.83,85.16818181818182,-6.44,5.0,1,1,0,1,0,0,1,0
1,0,0,0,19.0,1,0,0,0,0,0,0,0,1,19.7,0.0,0.0,0.0,365.0,0.0,0.0,0.0,0.0,0.0,0.0,2,0,0.0,0.0,0.0,70.77,20.342105263157894,-1.37,0.0,0,0,1,0,1,1,0,0
0,0,1,1,61.0,1,1,0,1,0,0,1,1,1,99.15,0.0,0.0,0.0,365.0,0.0,0.0,0.0,0.0,0.0,0.0,2,1,0.5,7.68,15.36,56.74,98.52540983606558,7.61,0.0,3,2,0,1,0,0,1,0
1,0,1,0,22.0,1,0,0,0,1,0,1,0,1,87.0,0.0,0.0,0.0,365.0,0.0,0.0,0.0,0.0,0.0,0.0,2,0,0.0,0.0,0.0,47.91,84.12045454545455,-4.54,0.0,2,1,0,1,0,0,0,0
1,1,1,0,70.0,1,1,0,1,1,0,1,1,1,102.95,6.0,186.0,1.0,353.0,0.0,0.0,0.0,0.0,0.0,0.0,2,0,0.0,0.0,0.0,65.78,101.45,11.41,6.0,4,1,0,1,0,0,1,0
1,0,0,0,12.0,1,0,0,0,0,0,0,1,1,79.95,2.0,100.0,1.0,142.0,0.0,0.0,0.0,0.0,0.0,0.0,2,0,0.0,0.0,0.0,89.16,86.95,-11.59,2.0,1,1,0,1,0,0,0,0
0,0,1,0,31.0,1,0,1,0,0,1,0,1,1,64.0,5.0,229.0,1.0,255.0,0.0,0.0,0.0,0.0,0.0,0.0,3,1,0.33,4.41,13.23,91.75,61.63709677419355,5.94,5.0,3,1,1,0,0,0,1,0
0,0,0,0,11.0,1,0,0,0,0,0,1,1,1,64.9,0.0,0.0,0.0,365.0,1.0,27.3,27.3,0.0,0.0,0.0,3,0,0.0,0.0,0.0,62.92,65.10000000000001,6.84,0.0,2,2,0,0,0,0,1,0
1,0,1,1,68.0,1,1,0,0,0,0,0,0,0,25.75,0.0,0.0,0.0,365.0,0.0,0.0,0.0,0.0,0.0,0.0,3,1,0.33,3.51,10.54,38.38,24.796323529411765,4.68,0.0,0,1,2,0,1,0,0,1
0,1,1,1,72.0,1,1,1,1,1,1,1,1,1,90.15,0.0,0.0,0.0,365.0,0.0,0.0,0.0,0.0,0.0,0.0,1,1,1.0,5.48,5.48,101.93,93.28402777777778,32.09,0.0,6,1,2,0,0,0,0,0
1,1,0,0,67.0,1,1,1,1,1,1,1,1,1,116.1,0.0,0.0,0.0,365.0,0.0,0.0,0.0,0.0,0.0,0.0,1,0,0.0,0.0,0.0,42.17,117.01268656716418,24.56,0.0,6,0,2,1,0,1,0,0
0,0,0,0,60.0,1,0,1,0,1,1,1,1,1,104.95,0.0,0.0,0.0,365.0,1.0,1.4,1.4,1.0,0.0,1.0,3,0,0.0,0.0,0.0,72.1,103.94583333333334,13.41,0.0,5,1,0,1,0,0,0,0
1,0,0,0,1.0,1,0,0,0,0,0,0,0,1,45.05,5.0,85.0,1.0,50.0,0.0,0.0,0.0,0.0,0.0,0.0,2,0,0.0,0.0,0.0,57.85,45.05,-13.01,5.0,0,2,0,0,0,0,0,1
0,1,0,1,1.0,1,0,0,0,0,0,0,0,1,71.0,3.0,113.0,1.0,189.0,1.0,19.3,19.3,1.0,0.0,1.0,2,0,0.0,0.0,0.0,55.37,71.0,-20.54,3.0,0,2,0,1,0,0,1,0
1,0,1,1,58.0,0,0,1,1,1,0,1,0,0,50.0,0.0,0.0,0.0,365.0,1.0,14.1,14.1,0.0,0.0,0.0,1,1,1.0,17.92,17.92,45.17,50.342241379310344,-8.06,0.0,4,1,1,0,0,0,0,1
0,1,1,1,47.0,1,0,0,0,0,0,0,0,0,70.55,0.0,0.0,0.0,365.0,0.0,0.0,0.0,0.0,0.0,0.0,2,1,0.5,4.54,9.09,26.65,70.40957446808511,-20.99,0.0,0,2,0,1,0,0,0,0
0,0,0,0,1.0,1,0,0,0,0,0,0,1,1,79.7,0.0,0.0,0.0,365.0,1.0,1.5,1.5,0.0,1.0,0.0,1,0,0.0,0.0,0.0,106.68,79.7,-11.84,0.0,1,2,0,1,0,0,1,0
1,0,0,0,12.0,1,0,0,0,0,0,0,0,0,20.45,0.0,0.0,0.0,365.0,0.0,0.0,0.0,0.0,0.0,0.0,1,0,0.0,0.0,0.0,60.27,1.7041666666666666,-0.62,0.0,0,1,0,0,1,0,0,1
1,0,0,0,22.0,1,1,1,1,0,0,0,0,0,59.0,3.0,281.0,1.0,71.0,0.0,0.0,0.0,0.0,0.0,0.0,2,0,0.0,0.0,0.0,75.88,57.03181818181818,0.94,3.0,2,1,0,0,0,0,1,0
0,0,0,0,48.0,1,0,1,0,1,1,0,0,1,60.35,4.0,144.0,1.0,248.0,1.0,36.4,36.4,0.0,1.0,0.0,2,0,0.0,0.0,0.0,42.81,60.34166666666667,2.29,4.0,3,0,1,0,0,1,0,0
0,0,1,0,37.0,1,0,0,0,0,0,0,0,1,19.85,0.0,0.0,0.0,365.0,0.0,0.0,0.0,0.0,0.0,0.0,1,0,0.0,0.0,0.0,48.65,19.39189189189189,-1.22,0.0,0,0,1,0,1,0,0,0
1,0,0,0,13.0,1,0,0,0,0,0,0,0,1,19.95,12.0,173.5,2.0,124.0,0.0,0.0,0.0,0.0,0.0,0.0,3,0,0.0,0.0,0.0,75.6,19.523076923076925,-1.12,6.0,0,0,1,0,1,0,1,0
1,0,0,0,43.0,1,1,0,0,0,0,0,0,0,26.45,3.0,134.0,1.0,160.0,0.0,0.0,0.0,0.0,0.0,0.0,1,0,0.0,0.0,0.0,94.32,25.815116279069766,5.38,3.0,0,0,2,0,1,0,0,0
0,0,0,0,6.0,0,0,1,1,1,1,1,1,1,63.4,0.0,0.0,0.0,365.0,0.0,0.0,0.0,0.0,0.0,0.0,1,0,0.0,0.0,0.0,61.98,58.13333333333333,5.34,0.0,6,1,2,0,0,0,0,1
1,0,0,0,71.0,0,0,1,1,1,1,1,0,0,53.95,0.0,0.0,0.0,365.0,0.0,0.0,0.0,0.0,0.0,0.0,2,0,0.0,0.0,0.0,77.17,54.76971830985916,-4.11,0.0,5,0,2,0,0,0,0,0
0,1,1,1,1.0,1,0,0,0,0,0,0,0,1,69.25,0.0,0.0,0.0,365.0,0.0,0.0,0.0,0.0,0.0,0.0,2,0,0.0,0.0,0.0,72.94,69.25,-22.29,0.0,0,2,0,1,0,0,1,0
0,0,1,1,72.0,1,1,1,1,0,0,1,0,1,95.1,0.0,0.0,0.0,365.0,0.0,0.0,0.0,0.0,0.0,0.0,2,0,0.0,0.0,0.0,83.48,95.04374999999999,3.56,0.0,3,0,2,1,0,0,1,0
0,1,0,0,6.0,1,0,1,0,0,0,0,0,1,74.1,0.0,0.0,0.0,365.0,0.0,0.0,0.0,0.0,0.0,0.0,1,0,0.0,0.0,0.0,111.12,75.14999999999999,-17.44,0.0,1,2,0,1,0,0,1,0
1,0,1,1,12.0,0,0,0,1,0,1,0,0,0,35.5,0.0,0.0,0.0,365.0,0.0,0.0,0.0,0.0,0.0,0.0,2,0,0.0,0.0,0.0,54.96,36.020833333333336,-22.56,0.0,2,1,0,0,0,0,0,1
1,0,0,0,25.0,1,0,0,0,0,0,0,0,0,70.95,0.0,0.0,0.0,365.0,0.0,0.0,0.0,0.0,0.0,0.0,2,0,0.0,0.0,0.0,77.82,70.694,-20.59,0.0,0,1,0,1,0,0,0,1
0,0,1,0,21.0,1,0,0,0,1,1,0,0,0,91.75,5.0,19.0,1.0,92.0,0.0,0.0,0.0,0.0,0.0,0.0,1,0,0.0,0.0,0.0,95.79,82.97380952380952,0.21,5.0,2,0,1,1,0,0,1,0
0,0,1,1,6.0,1,0,0,0,0,1,0,0,1,48.8,9.0,86.5,2.0,49.0,0.0,0.0,0.0,0.0,0.0,0.0,1,0,0.0,0.0,0.0,66.68,49.55833333333334,-9.26,4.5,1,2,0,0,0,0,0,1
1,0,1,0,20.0,1,0,0,0,0,0,1,1,1,89.0,0.0,0.0,0.0,365.0,0.0,0.0,0.0,0.0,0.0,0.0,2,1,0.5,4.21,8.42,23.76,91.02250000000001,-2.54,0.0,2,2,0,1,0,0,0,1
1,0,1,0,18.0,1,1,1,0,0,0,1,1,1,99.4,0.0,0.0,0.0,365.0,0.0,0.0,0.0,0.0,0.0,0.0,1,0,0.0,0.0,0.0,32.23,96.83055555555556,7.86,0.0,3,1,0,1,0,0,1,0
0,0,0,0,43.0,1,0,0,1,0,1,0,0,0,55.45,4.0,110.0,1.0,173.0,0.0,0.0,0.0,0.0,0.0,0.0,1,1,1.0,23.89,23.89,48.53,56.843023255813954,-2.61,4.0,2,1,1,0,0,0,1,0
0,0,1,1,35.0,1,1,0,0,0,0,0,0,1,25.4,10.0,15.0,1.0,343.0,0.0,0.0,0.0,0.0,0.0,0.0,1,0,0.0,0.0,0.0,89.36,27.137142857142855,4.33,10.0,0,0,2,0,1,1,0,0
0,0,0,0,1.0,1,0,0,0,1,0,0,0,0,73.5,6.0,260.0,1.0,61.0,0.0,0.0,0.0,0.0,0.0,0.0,1,1,1.0,16.32,16.32,41.52,73.5,-18.04,6.0,1,3,0,1,0,0,0,0
1,1,1,0,32.0,1,1,0,1,1,0,0,1,1,93.5,3.0,149.0,1.0,319.0,0.0,0.0,0.0,0.0,0.0,0.0,3,1,0.33,3.51,10.54,40.15,92.8375,1.96,3.0,3,2,0,1,0,0,1,0
1,0,0,0,52.0,0,0,1,1,1,1,1,1,0,56.15,0.0,0.0,0.0,365.0,0.0,0.0,0.0,0.0,0.0,0.0,3,2,0.67,3.67,6.14,44.79,64.13365384615385,-1.91,0.0,6,1,2,0,0,1,0,0
1,0,0,0,32.0,1,0,0,0,0,0,1,1,1,64.85,2.0,293.0,1.0,308.0,0.0,0.0,0.0,0.0,0.0,0.0,2,0,0.0,0.0,0.0,53.76,62.8421875,6.79,2.0,2,0,1,0,0,0,0,0
0,0,1,1,72.0,0,0,1,1,1,1,1,1,1,63.8,0.0,0.0,0.0,365.0,0.0,0.0,0.0,0.0,0.0,0.0,3,3,1.0,11.31,17.45,54.6,65.05972222222222,5.74,0.0,6,1,2,0,0,0,0,0
1,0,0,0,51.0,0,0,1,0,0,1,0,1,1,44.45,5.0,75.0,1.0,193.0,0.0,0.0,0.0,0.0,0.0,0.0,2,1,0.5,13.68,27.36,65.88,42.77549019607844,-13.61,5.0,3,2,0,0,0,1,0,0
1,0,1,1,68.0,1,0,0,0,0,0,0,0,1,19.95,0.0,0.0,0.0,365.0,1.0,3.2,3.2,1.0,0.0,1.0,2,0,0.0,0.0,0.0,63.08,19.165441176470587,-1.12,0.0,0,0,2,0,1,0,0,0
1,1,1,0,8.0,0,0,0,1,1,0,0,1,1,43.35,0.0,0.0,0.0,365.0,2.0,31.3,37.5,2.0,0.0,1.0,3,0,0.0,0.0,0.0,90.59,46.425,-14.71,0.0,3,2,0,0,0,0,0,1
1,0,1,0,49.0,0,0,0,1,0,0,1,1,0,49.65,0.0,0.0,0.0,365.0,0.0,0.0,0.0,0.0,0.0,0.0,3,1,0.33,9.37,28.12,86.34,49.18163265306123,-8.41,0.0,3,1,2,0,0,1,0,0
0,0,1,0,72.0,1,0,1,1,1,1,1,1,0,85.1,0.0,0.0,0.0,365.0,0.0,0.0,0.0,0.0,0.0,0.0,2,0,0.0,0.0,0.0,78.62,85.49166666666666,27.04,0.0,6,0,2,0,0,0,0,1
1,0,0,0,9.0,1,1,0,0,0,0,1,1,1,95.5,0.0,0.0,0.0,365.0,0.0,0.0,0.0,0.0,0.0,0.0,2,1,0.5,10.94,21.87,44.84,92.12222222222222,3.96,0.0,2,3,0,1,0,0,1,0
0,0,1,0,28.0,1,0,1,0,0,0,1,1,1,92.35,7.0,267.0,1.0,142.0,0.0,0.0,0.0,0.0,0.0,0.0,3,2,0.67,12.1,31.75,73.14,92.96071428571429,0.81,7.0,3,2,0,1,0,0,0,1
1,0,0,0,54.0,1,0,1,0,1,0,1,0,0,89.8,9.0,55.0,1.0,1.0,0.0,0.0,0.0,0.0,0.0,0.0,2,0,0.0,0.0,0.0,79.51,86.42592592592592,-1.74,9.0,3,1,0,1,0,0,0,1
1,0,0,0,11.0,1,0,0,1,0,0,0,0,1,74.55,5.0,287.0,1.0,171.0,0.0,0.0,0.0,0.0,0.0,0.0,1,0,0.0,0.0,0.0,105.94,74.97727272727273,-16.99,5.0,1,2,0,1,0,0,1,0
0,0,1,1,50.0,1,0,0,0,1,1,1,1,0,103.05,4.0,232.0,1.0,65.0,1.0,8.5,8.5,0.0,1.0,0.0,2,0,0.0,0.0,0.0,83.61,103.07,11.51,4.0,4,0,1,1,0,0,0,1
0,0,1,0,69.0,1,1,1,1,1,1,1,1,1,116.0,0.0,0.0,0.0,365.0,0.0,0.0,0.0,0.0,0.0,0.0,1,0,0.0,0.0,0.0,111.61,118.59202898550726,24.46,0.0,6,0,2,1,0,0,1,0
1,0,0,0,1.0,1,0,0,0,0,0,0,0,1,69.9,4.0,139.0,1.0,167.0,0.0,0.0,0.0,0.0,0.0,0.0,3,0,0.0,0.0,0.0,104.41,69.9,-21.64,4.0,0,2,0,1,0,0,1,0
1,0,1,1,68.0,1,0,1,1,0,1,0,1,0,95.1,0.0,0.0,0.0,365.0,0.0,0.0,0.0,0.0,0.0,0.0,3,2,0.67,10.21,20.24,62.72,98.28529411764706,3.56,0.0,4,1,2,1,0,0,0,0
1,0,0,1,44.0,0,0,1,1,0,1,0,0,0,40.25,0.0,0.0,0.0,365.0,0.0,0.0,0.0,0.0,0.0,0.0,3,1,0.33,3.33,9.98,59.49,35.54659090909091,-17.81,0.0,3,1,1,0,0,0,0,1
1,0,1,1,31.0,1,1,0,0,0,0,0,0,0,25.75,9.0,167.5,2.0,138.0,0.0,0.0,0.0,0.0,0.0,0.0,2,0,0.0,0.0,0.0,51.65,24.374193548387098,4.68,4.5,0,0,2,0,1,0,0,1
0,1,0,1,33.0,1,1,0,1,1,0,1,1,1,105.35,0.0,0.0,0.0,365.0,0.0,0.0,0.0,0.0,0.0,0.0,2,0,0.0,0.0,0.0,64.41,105.00151515151515,13.81,0.0,4,1,0,1,0,0,0,0
1,1,1,0,55.0,1,1,0,1,1,1,1,1,1,113.6,0.0,0.0,0.0,365.0,0.0,0.0,0.0,0.0,0.0,0.0,2,0,0.0,0.0,0.0,61.68,114.41272727272727,22.06,0.0,5,0,2,1,0,0,1,0
1,0,1,1,68.0,1,1,0,0,0,0,0,0,1,24.0,0.0,0.0,0.0,365.0,0.0,0.0,0.0,0.0,0.0,0.0,3,0,0.0,0.0,0.0,53.7,24.474999999999998,2.93,0.0,0,0,2,0,1,0,0,0
0,0,1,1,12.0,1,0,0,0,0,0,0,0,0,19.4,6.0,288.0,1.0,259.0,0.0,0.0,0.0,0.0,0.0,0.0,3,0,0.0,0.0,0.0,56.24,16.508333333333333,-1.67,6.0,0,1,0,0,1,0,0,0
1,0,1,0,71.0,1,0,1,1,1,1,1,1,1,86.1,0.0,0.0,0.0,365.0,0.0,0.0,0.0,0.0,0.0,0.0,1,0,0.0,0.0,0.0,100.32,85.15352112676055,28.04,0.0,6,0,2,0,0,0,0,0
1,0,0,0,40.0,1,1,0,1,1,0,1,1,1,102.65,0.0,0.0,0.0,365.0,1.0,10.5,10.5,0.0,1.0,0.0,2,0,0.0,0.0,0.0,66.92,102.70374999999999,11.11,0.0,4,1,0,1,0,0,0,1
0,0,1,1,64.0,1,1,0,1,1,0,0,1,1,92.85,0.0,0.0,0.0,365.0,0.0,0.0,0.0,0.0,0.0,0.0,1,1,1.0,23.04,23.04,66.82,93.44921875,1.31,0.0,3,1,1,1,0,0,1,0
1,0,1,0,53.0,1,1,0,1,0,1,0,1,0,97.75,5.0,198.0,1.0,120.0,0.0,0.0,0.0,0.0,0.0,0.0,2,1,0.5,1.92,3.83,37.58,95.15471698113207,6.21,5.0,3,1,1,1,0,0,0,0
1,1,0,0,12.0,1,0,0,1,1,1,0,0,1,83.8,0.0,0.0,0.0,365.0,1.0,2.7,2.7,1.0,0.0,1.0,3,0,0.0,0.0,0.0,61.07,85.8125,-7.74,0.0,3,1,0,1,0,0,0,1
1,1,0,0,53.0,0,0,0,1,1,0,1,1,1,54.45,4.0,241.0,1.0,288.0,0.0,0.0,0.0,0.0,0.0,0.0,2,1,0.5,7.17,14.34,85.92,53.859433962264156,-3.61,4.0,4,2,0,0,0,0,1,0
1,0,1,0,72.0,1,1,1,1,1,0,1,0,1,97.95,0.0,0.0,0.0,365.0,1.0,72.7,72.7,1.0,0.0,1.0,3,1,0.33,3.87,11.62,48.85,98.80902777777777,6.41,0.0,4,1,2,1,0,1,0,0
1,0,0,0,46.0,1,0,0,0,0,0,0,0,0,19.95,0.0,0.0,0.0,365.0,0.0,0.0,0.0,0.0,0.0,0.0,1,0,0.0,0.0,0.0,108.4,19.718478260869563,-1.12,0.0,0,0,2,0,1,0,1,0
1,0,0,0,64.0,1,1,0,0,0,0,0,0,1,24.6,0.0,0.0,0.0,365.0,0.0,0.0,0.0,0.0,0.0,0.0,3,0,0.0,0.0,0.0,71.79,15.21796875,3.53,0.0,0,0,2,0,1,0,0,1
1,0,0,0,12.0,0,0,1,1,0,1,1,0,1,50.95,6.0,170.0,1.0,99.0,0.0,0.0,0.0,0.0,0.0,0.0,1,0,0.0,0.0,0.0,42.98,50.479166666666664,-7.11,6.0,4,1,0,0,0,0,0,0
1,0,0,0,9.0,1,0,1,0,0,0,0,0,0,75.6,0.0,0.0,0.0,365.0,0.0,0.0,0.0,0.0,0.0,0.0,3,0,0.0,0.0,0.0,74.32,73.50555555555555,-15.94,0.0,1,2,0,1,0,0,1,0
0,0,1,1,51.0,1,1,0,0,0,1,0,0,1,80.75,0.0,0.0,0.0,365.0,0.0,0.0,0.0,0.0,0.0,0.0,3,0,0.0,0.0,0.0,55.22,80.7235294117647,-10.79,0.0,1,1,0,1,0,0,1,0
1,0,1,1,49.0,1,0,0,1,1,0,1,0,1,90.4,0.0,0.0,0.0,365.0,0.0,0.0,0.0,0.0,0.0,0.0,2,1,0.5,4.24,8.48,35.22,91.72755102040816,-1.14,0.0,3,2,0,1,0,1,0,0
1,1,1,0,41.0,1,1,0,0,1,0,1,1,1,99.8,0.0,0.0,0.0,365.0,0.0,0.0,0.0,0.0,0.0,0.0,3,0,0.0,0.0,0.0,76.13,103.88536585365854,8.26,0.0,3,1,0,1,0,0,1,0
0,0,0,0,56.0,1,0,1,0,1,1,0,0,1,60.25,0.0,0.0,0.0,365.0,0.0,0.0,0.0,0.0,0.0,0.0,3,0,0.0,0.0,0.0,69.73,58.620535714285715,2.19,0.0,3,0,1,0,0,1,0,0
1,0,0,0,4.0,1,0,0,0,0,0,0,0,1,20.2,0.0,0.0,0.0,365.0,0.0,0.0,0.0,0.0,0.0,0.0,2,0,0.0,0.0,0.0,69.76,13.925,-0.87,0.0,0,2,0,0,1,0,1,0
1,0,1,0,20.0,1,0,1,0,0,1,0,1,1,64.15,0.0,0.0,0.0,365.0,0.0,0.0,0.0,0.0,0.0,0.0,3,0,0.0,0.0,0.0,74.43,63.722500000000004,6.09,0.0,3,0,1,0,0,0,0,1
0,0,1,1,26.0,1,0,0,0,0,0,0,0,1,20.25,5.0,36.0,1.0,144.0,0.0,0.0,0.0,0.0,0.0,0.0,1,0,0.0,0.0,0.0,108.31,18.998076923076923,-0.82,5.0,0,1,0,0,1,1,0,0
0,0,1,1,20.0,1,1,0,1,1,0,1,1,1,105.85,0.0,0.0,0.0,365.0,0.0,0.0,0.0,0.0,0.0,0.0,1,0,0.0,0.0,0.0,113.5,111.9825,14.31,0.0,4,1,0,1,0,0,0,0
0,0,0,0,12.0,1,1,0,0,0,0,0,0,0,75.45,0.0,0.0,0.0,365.0,1.0,20.8,20.8,1.0,0.0,1.0,3,0,0.0,0.0,0.0,58.34,40.0625,-16.09,0.0,0,1,0,1,0,0,0,1
1,0,0,0,7.0,1,1,0,0,0,0,1,1,1,91.75,0.0,0.0,0.0,365.0,0.0,0.0,0.0,0.0,0.0,0.0,1,0,0.0,0.0,0.0,74.29,90.8,0.21,0.0,2,2,0,1,0,0,1,0
1,0,0,0,51.0,1,0,0,1,1,0,1,1,1,99.0,0.0,0.0,0.0,365.0,0.0,0.0,0.0,0.0,0.0,0.0,1,1,1.0,11.47,11.47,52.19,98.78725490196078,7.46,0.0,4,2,0,1,0,0,1,0
0,0,0,0,4.0,1,1,0,1,0,0,0,0,1,80.3,0.0,0.0,0.0,365.0,2.0,16.65,17.1,2.0,0.0,1.0,3,0,0.0,0.0,0.0,88.0,81.05,-11.24,0.0,1,2,0,1,0,0,0,1
0,0,0,0,1.0,1,0,0,0,0,0,0,0,0,19.55,0.0,0.0,0.0,365.0,0.0,0.0,0.0,0.0,0.0,0.0,3,0,0.0,0.0,0.0,64.02,19.55,-1.52,0.0,0,2,0,0,1,1,0,0
1,0,1,1,27.0,1,1,1,1,0,1,1,0,0,100.75,3.0,55.0,1.0,181.0,0.0,0.0,0.0,0.0,0.0,0.0,2,0,0.0,0.0,0.0,66.62,103.46481481481482,9.21,3.0,4,1,0,1,0,0,1,0
1,0,0,0,22.0,1,1,1,0,0,0,1,1,1,100.75,0.0,0.0,0.0,365.0,0.0,0.0,0.0,0.0,0.0,0.0,2,0,0.0,0.0,0.0,46.27,95.22727272727273,9.21,0.0,3,1,0,1,0,0,1,0
1,0,0,0,12.0,1,0,0,1,0,1,0,0,1,53.75,0.0,0.0,0.0,365.0,0.0,0.0,0.0,0.0,0.0,0.0,2,1,0.5,5.21,10.42,49.47,54.05416666666667,-4.31,0.0,2,2,0,0,0,0,0,1
0,0,1,1,3.0,0,0,0,0,0,1,0,0,1,31.0,0.0,0.0,0.0,365.0,0.0,0.0,0.0,0.0,0.0,0.0,3,0,0.0,0.0,0.0,74.45,31.683333333333334,-27.06,0.0,1,2,0,0,0,0,0,1
0,0,1,1,44.0,1,1,0,0,0,0,0,0,1,25.6,0.0,0.0,0.0,365.0,0.0,0.0,0.0,0.0,0.0,0.0,2,0,0.0,0.0,0.0,68.0,20.84431818181818,4.53,0.0,0,0,1,0,1,1,0,0
1,0,1,0,24.0,1,1,1,0,0,1,0,0,1,58.35,6.0,116.0,1.0,27.0,1.0,2.7,2.7,1.0,0.0,1.0,1,1,1.0,48.71,48.71,106.75,56.12083333333334,0.29,6.0,2,1,1,0,0,0,1,0
1,0,0,0,51.0,1,1,0,0,1,0,0,0,0,80.0,5.0,123.0,1.0,265.0,1.0,1.2,1.2,0.0,1.0,0.0,3,1,0.33,3.14,9.41,63.36,83.18333333333334,-11.54,5.0,1,2,0,1,0,1,0,0
0,1,0,0,14.0,0,0,0,0,0,0,1,1,1,46.35,0.0,0.0,0.0,365.0,0.0,0.0,0.0,0.0,0.0,0.0,3,1,0.33,6.29,18.86,48.67,48.050000000000004,-11.71,0.0,2,2,0,0,0,0,1,0
1,0,1,0,59.0,1,1,1,1,1,1,1,1,0,113.75,0.0,0.0,0.0,365.0,0.0,0.0,0.0,0.0,0.0,0.0,2,0,0.0,0.0,0.0,107.88,111.20762711864407,22.21,0.0,6,0,2,1,0,0,1,0
1,0,0,0,3.0,1,0,0,1,1,0,0,1,0,90.4,0.0,0.0,0.0,365.0,0.0,0.0,0.0,0.0,0.0,0.0,1,0,0.0,0.0,0.0,52.47,89.48333333333333,-1.14,0.0,3,2,0,1,0,0,1,0
0,0,1,1,65.0,1,1,1,0,1,1,1,1,0,109.3,0.0,0.0,0.0,365.0,0.0,0.0,0.0,0.0,0.0,0.0,3,0,0.0,0.0,0.0,47.18,112.88538461538462,17.76,0.0,5,0,2,1,0,0,1,0
1,1,0,0,5.0,1,0,0,0,0,0,0,0,1,70.25,5.0,51.0,1.0,361.0,0.0,0.0,0.0,0.0,0.0,0.0,1,0,0.0,0.0,0.0,92.75,66.38,-21.29,5.0,0,2,0,1,0,0,0,1
0,0,1,1,59.0,1,1,1,1,1,1,1,1,0,90.3,9.0,115.5,2.0,72.0,0.0,0.0,0.0,0.0,0.0,0.0,3,0,0.0,0.0,0.0,84.48,88.03474576271186,32.24,4.5,6,0,2,0,0,1,0,0
1,0,1,1,72.0,0,0,1,1,1,1,1,1,1,65.25,7.0,267.0,1.0,175.0,0.0,0.0,0.0,0.0,0.0,0.0,2,0,0.0,0.0,0.0,80.78,62.206250000000004,7.19,7.0,6,0,2,0,0,1,0,0
0,0,1,1,62.0,1,0,0,1,1,0,1,1,1,100.15,0.0,0.0,0.0,365.0,0.0,0.0,0.0,0.0,0.0,0.0,1,0,0.0,0.0,0.0,69.4,101.34354838709677,8.61,0.0,4,1,0,1,0,0,1,0
1,0,0,0,28.0,1,1,1,1,0,0,0,1,1,94.5,0.0,0.0,0.0,365.0,0.0,0.0,0.0,0.0,0.0,0.0,2,0,0.0,0.0,0.0,26.4,94.97857142857143,2.96,0.0,3,1,0,1,0,1,0,0
1,0,0,0,3.0,1,0,0,0,0,1,0,1,0,60.65,0.0,0.0,0.0,365.0,0.0,0.0,0.0,0.0,0.0,0.0,1,0,0.0,0.0,0.0,108.95,65.63333333333334,2.59,0.0,2,2,0,0,0,0,0,1
1,0,0,1,19.0,1,1,0,0,0,0,0,0,1,24.1,0.0,0.0,0.0,365.0,1.0,4.2,4.2,1.0,0.0,1.0,2,0,0.0,0.0,0.0,68.52,23.11578947368421,3.03,0.0,0,1,0,0,1,1,0,0
1,0,0,0,12.0,1,0,0,0,0,0,0,0,1,19.5,0.0,0.0,0.0,365.0,0.0,0.0,0.0,0.0,0.0,0.0,3,0,0.0,0.0,0.0,60.23,1.625,-1.57,0.0,0,1,0,0,1,0,0,1
1,0,0,0,24.0,1,0,0,1,1,1,0,0,1,85.95,0.0,0.0,0.0,365.0,0.0,0.0,0.0,0.0,0.0,0.0,3,0,0.0,0.0,0.0,69.41,87.79791666666667,-5.59,0.0,3,1,0,1,0,0,1,0
1,1,0,0,57.0,1,0,0,0,1,1,0,0,1,53.5,0.0,0.0,0.0,365.0,0.0,0.0,0.0,0.0,0.0,0.0,1,1,1.0,11.77,11.77,79.25,53.25964912280702,-4.56,0.0,2,1,1,0,0,0,1,0
0,0,0,0,72.0,1,1,0,0,0,0,0,0,0,25.45,0.0,0.0,0.0,365.0,0.0,0.0,0.0,0.0,0.0,0.0,2,1,0.5,3.6,7.21,66.06,25.922916666666666,4.38,0.0,0,1,2,0,1,1,0,0
1,0,0,0,67.0,1,0,0,0,0,0,0,0,0,20.5,2.0,14.0,1.0,94.0,0.0,0.0,0.0,0.0,0.0,0.0,2,1,0.5,4.65,9.3,65.2,21.357462686567164,-0.57,2.0,0,1,2,0,1,0,0,0
1,0,1,1,52.0,1,0,0,0,0,0,0,0,1,20.85,0.0,0.0,0.0,365.0,0.0,0.0,0.0,0.0,0.0,0.0,2,1,0.5,4.98,9.96,61.6,20.607692307692307,-0.22,0.0,0,1,1,0,1,1,0,0
1,0,1,1,71.0,1,1,1,1,1,1,1,1,0,89.9,0.0,0.0,0.0,365.0,0.0,0.0,0.0,0.0,0.0,0.0,2,1,0.5,9.76,19.53,64.56,90.94577464788732,31.84,0.0,6,1,2,0,0,1,0,0
0,0,1,0,26.0,1,1,0,0,0,0,0,0,0,26.0,4.0,130.0,1.0,100.0,0.0,0.0,0.0,0.0,0.0,0.0,2,0,0.0,0.0,0.0,37.24,26.309615384615384,4.93,4.0,0,0,1,0,1,0,0,1
0,0,0,0,35.0,1,1,1,1,1,1,1,1,1,113.2,0.0,0.0,0.0,365.0,0.0,0.0,0.0,0.0,0.0,0.0,2,1,0.5,2.25,4.5,64.78,111.83,21.66,0.0,6,1,2,1,0,0,0,1
0,0,1,1,55.0,1,0,0,0,0,0,0,0,1,69.05,0.0,0.0,0.0,365.0,0.0,0.0,0.0,0.0,0.0,0.0,2,1,0.5,2.7,5.41,57.0,69.86545454545454,-22.49,0.0,0,1,2,1,0,1,0,0
0,0,1,1,33.0,1,0,0,0,0,0,0,0,0,20.1,0.0,0.0,0.0,365.0,0.0,0.0,0.0,0.0,0.0,0.0,3,1,0.33,1.35,4.04,59.94,20.313636363636363,-0.97,0.0,0,1,2,0,1,0,0,1
1,0,1,0,72.0,1,1,1,1,1,0,1,1,1,109.65,0.0,0.0,0.0,365.0,0.0,0.0,0.0,0.0,0.0,0.0,2,2,1.0,23.78,25.04,103.23,109.44791666666667,18.11,0.0,5,1,2,1,0,0,1,0
1,0,0,1,1.0,1,0,0,0,0,0,0,0,1,19.2,0.0,0.0,0.0,365.0,1.0,35.4,35.4,0.0,1.0,0.0,1,1,1.0,22.66,22.66,111.6,19.2,-1.87,0.0,0,3,0,0,1,0,0,1
1,0,0,0,10.0,0,0,0,0,0,0,0,1,1,33.9,6.0,126.0,1.0,322.0,0.0,0.0,0.0,0.0,0.0,0.0,1,0,0.0,0.0,0.0,69.75,29.845,-24.16,6.0,1,2,0,0,0,0,0,1
0,1,1,0,37.0,1,0,0,0,1,1,1,0,0,90.0,0.0,0.0,0.0,365.0,0.0,0.0,0.0,0.0,0.0,0.0,1,0,0.0,0.0,0.0,23.01,91.12837837837837,-1.54,0.0,3,1,0,1,0,0,1,0
1,0,0,0,12.0,0,0,0,1,0,1,0,0,0,56.15,0.0,0.0,0.0,365.0,0.0,0.0,0.0,0.0,0.0,0.0,3,2,0.67,7.53,11.72,42.07,36.87083333333333,-1.91,0.0,2,2,0,0,0,0,0,1
1,0,1,1,1.0,1,0,0,0,0,0,0,0,0,20.15,7.0,207.0,1.0,121.0,0.0,0.0,0.0,0.0,0.0,0.0,2,0,0.0,0.0,0.0,47.81,20.4,-0.92,7.0,0,1,1,0,1,0,0,1
1,0,1,0,62.0,0,0,1,1,0,1,0,0,1,38.6,1.0,225.0,1.0,317.0,0.0,0.0,0.0,0.0,0.0,0.0,3,0,0.0,0.0,0.0,65.21,37.83145161290323,-19.46,1.0,3,0,2,0,0,1,0,0
0,0,0,0,1.0,0,0,0,0,0,0,0,0,0,25.25,0.0,0.0,0.0,365.0,1.0,62.0,62.0,0.0,1.0,0.0,3,1,0.33,5.66,16.99,84.75,25.25,-32.81,0.0,0,3,0,0,0,0,0,0
0,0,0,0,18.0,1,1,1,0,1,0,0,0,1,60.6,0.0,0.0,0.0,365.0,1.0,12.8,12.8,1.0,0.0,1.0,1,0,0.0,0.0,0.0,68.01,64.24166666666666,2.54,0.0,2,1,0,0,0,0,0,1
1,1,1,0,69.0,1,1,0,1,0,0,1,0,1,89.95,0.0,0.0,0.0,365.0,1.0,3.6,3.6,1.0,0.0,1.0,3,0,0.0,0.0,0.0,69.36,89.03115942028985,-1.59,0.0,2,1,0,1,0,0,1,0
1,0,0,0,2.0,1,0,0,1,0,0,0,0,1,74.75,6.0,268.0,1.0,273.0,0.0,0.0,0.0,0.0,0.0,0.0,2,0,0.0,0.0,0.0,85.52,72.4,-16.79,6.0,1,2,0,1,0,0,1,0
1,0,1,1,19.0,1,0,0,0,0,0,0,0,0,20.6,0.0,0.0,0.0,365.0,0.0,0.0,0.0,0.0,0.0,0.0,3,0,0.0,0.0,0.0,62.27,21.839473684210525,-0.47,0.0,0,1,0,0,1,0,0,1
1,0,0,0,12.0,1,1,0,0,0,0,1,0,1,84.45,0.0,0.0,0.0,365.0,0.0,0.0,0.0,0.0,0.0,0.0,2,1,0.5,4.76,9.51,72.46,88.29583333333333,-7.09,0.0,1,2,0,1,0,0,1,0
1,0,0,0,9.0,1,0,0,0,0,0,0,0,0,20.4,0.0,0.0,0.0,365.0,1.0,17.2,17.2,1.0,0.0,1.0,3,0,0.0,0.0,0.0,107.72,20.200000000000003,-0.67,0.0,0,2,0,0,1,0,0,1
1,0,0,0,27.0,1,0,1,0,1,1,1,1,0,81.7,0.0,0.0,0.0,365.0,0.0,0.0,0.0,0.0,0.0,0.0,2,0,0.0,0.0,0.0,50.41,81.9462962962963,23.64,0.0,5,0,1,0,0,0,1,0
1,0,0,1,27.0,1,1,0,0,0,1,0,0,1,79.5,0.0,0.0,0.0,365.0,0.0,0.0,0.0,0.0,0.0,0.0,2,0,0.0,0.0,0.0,107.16,80.76111111111112,-12.04,0.0,1,1,0,1,0,0,1,0
1,0,1,1,1.0,1,0,0,0,0,0,1,1,0,89.15,0.0,0.0,0.0,365.0,0.0,0.0,0.0,0.0,0.0,0.0,3,0,0.0,0.0,0.0,66.31,89.15,-2.39,0.0,2,2,0,1,0,0,0,1
0,1,0,0,24.0,1,0,0,0,0,0,0,0,1,20.3,2.0,138.0,1.0,342.0,0.0,0.0,0.0,0.0,0.0,0.0,3,0,0.0,0.0,0.0,52.12,19.164583333333333,-0.77,2.0,0,1,0,0,1,0,0,1
1,1,0,0,14.0,1,1,0,0,0,0,0,0,1,74.95,2.0,254.0,1.0,273.0,0.0,0.0,0.0,0.0,0.0,0.0,1,1,1.0,33.3,33.3,105.33,74.05357142857143,-16.59,2.0,0,2,0,1,0,0,1,0
0,1,0,0,32.0,1,0,0,1,0,0,0,0,1,74.4,0.0,0.0,0.0,365.0,0.0,0.0,0.0,0.0,0.0,0.0,2,0,0.0,0.0,0.0,37.62,71.1546875,-17.14,0.0,1,1,0,1,0,0,1,0
0,0,0,0,11.0,1,0,0,0,0,0,0,0,0,20.0,9.0,154.0,2.0,248.0,0.0,0.0,0.0,0.0,0.0,0.0,3,1,0.33,6.57,19.7,76.22,19.268181818181816,-1.07,4.5,0,2,1,0,1,0,0,1
1,0,0,0,1.0,1,1,0,0,0,0,0,0,1,25.0,0.0,0.0,0.0,365.0,0.0,0.0,0.0,0.0,0.0,0.0,3,0,0.0,0.0,0.0,59.08,25.0,3.93,0.0,0,2,0,0,1,0,0,1
1,1,0,1,38.0,1,1,1,0,0,0,0,0,1,80.45,4.0,243.0,1.0,36.0,0.0,0.0,0.0,0.0,0.0,0.0,1,0,0.0,0.0,0.0,60.79,83.22763157894737,-11.09,4.0,1,1,0,1,0,0,0,1
0,0,1,1,9.0,1,0,0,0,0,0,0,0,0,19.75,6.0,259.0,1.0,163.0,0.0,0.0,0.0,0.0,0.0,0.0,3,0,0.0,0.0,0.0,87.53,23.405555555555555,-1.32,6.0,0,1,2,0,1,0,0,1
1,0,1,1,64.0,1,1,1,1,0,1,0,0,1,65.65,0.0,0.0,0.0,365.0,0.0,0.0,0.0,0.0,0.0,0.0,1,0,0.0,0.0,0.0,63.68,55.7296875,7.59,0.0,3,0,2,0,0,1,0,0
0,0,0,0,29.0,1,1,0,0,0,0,1,1,1,56.15,0.0,0.0,0.0,365.0,0.0,0.0,0.0,0.0,0.0,0.0,1,0,0.0,0.0,0.0,108.3,71.72758620689655,-1.91,0.0,2,0,1,0,0,1,0,0
1,1,1,0,44.0,1,1,0,0,1,0,1,0,1,89.2,0.0,0.0,0.0,365.0,0.0,0.0,0.0,0.0,0.0,0.0,3,0,0.0,0.0,0.0,41.32,91.82272727272726,-2.34,0.0,2,1,0,1,0,0,1,0
1,0,1,1,59.0,1,0,1,1,1,1,1,1,1,86.75,0.0,0.0,0.0,365.0,1.0,30.0,30.0,0.0,1.0,0.0,3,1,0.33,8.21,24.62,64.42,87.89830508474576,28.69,0.0,6,1,2,0,0,0,1,0
0,0,0,0,3.0,1,0,0,0,0,0,0,1,1,55.3,0.0,0.0,0.0,365.0,0.0,0.0,0.0,0.0,0.0,0.0,1,0,0.0,0.0,0.0,65.86,65.38333333333334,-2.76,0.0,1,2,0,0,0,0,1,0
0,0,1,1,18.0,1,0,1,1,0,1,0,0,1,61.5,6.0,288.0,1.0,36.0,0.0,0.0,0.0,0.0,0.0,0.0,1,0,0.0,0.0,0.0,59.81,60.41388888888889,3.44,6.0,3,0,1,0,0,0,0,1
1,1,0,0,67.0,1,1,0,0,0,0,0,0,0,25.1,0.0,0.0,0.0,365.0,0.0,0.0,0.0,0.0,0.0,0.0,2,1,0.5,4.04,8.09,61.0,24.957462686567165,4.03,0.0,0,1,2,0,1,1,0,0
0,0,1,1,22.0,1,0,0,1,0,1,0,0,0,55.15,4.0,298.0,1.0,102.0,0.0,0.0,0.0,0.0,0.0,0.0,1,0,0.0,0.0,0.0,38.23,54.820454545454545,-2.91,4.0,2,1,0,0,0,0,1,0
1,0,0,1,33.0,0,0,1,0,0,1,0,0,0,34.05,0.0,0.0,0.0,365.0,0.0,0.0,0.0,0.0,0.0,0.0,2,0,0.0,0.0,0.0,91.16,33.75606060606061,-24.01,0.0,2,0,1,0,0,1,0,0
1,0,0,0,5.0,1,0,0,0,0,0,0,0,0,19.95,0.0,0.0,0.0,365.0,0.0,0.0,0.0,0.0,0.0,0.0,2,1,0.5,22.64,45.28,76.05,21.41,-1.12,0.0,0,3,0,0,1,0,0,1
0,0,0,0,2.0,1,0,0,0,0,0,0,0,0,19.95,0.0,0.0,0.0,365.0,0.0,0.0,0.0,0.0,0.0,0.0,2,1,0.5,2.14,4.28,39.52,19.075,-1.12,0.0,0,3,0,0,1,0,0,1
1,0,1,1,72.0,1,1,1,1,1,1,1,1,0,89.7,0.0,0.0,0.0,365.0,0.0,0.0,0.0,0.0,0.0,0.0,2,0,0.0,0.0,0.0,60.92,88.04583333333333,31.64,0.0,6,0,2,0,0,1,0,0
1,0,0,1,9.0,1,0,0,0,0,0,0,0,0,20.4,0.0,0.0,0.0,365.0,0.0,0.0,0.0,0.0,0.0,0.0,2,1,0.5,22.16,44.33,65.35,20.455555555555556,-0.67,0.0,0,3,0,0,1,0,0,1
1,0,1,1,67.0,1,1,0,0,0,0,0,0,0,26.3,0.0,0.0,0.0,365.0,0.0,0.0,0.0,0.0,0.0,0.0,3,1,0.33,1.25,3.74,62.69,25.207462686567165,5.23,0.0,0,1,2,0,1,0,0,1
0,0,1,0,16.0,1,1,0,0,0,0,1,0,1,84.95,0.0,0.0,0.0,365.0,0.0,0.0,0.0,0.0,0.0,0.0,2,0,0.0,0.0,0.0,69.19,86.140625,-6.59,0.0,1,1,0,1,0,0,1,0
0,0,0,0,8.0,1,0,0,0,0,0,0,0,1,20.7,0.0,0.0,0.0,365.0,0.0,0.0,0.0,0.0,0.0,0.0,2,0,0.0,0.0,0.0,28.47,17.2,-0.37,0.0,0,2,0,0,1,0,0,1
1,0,0,0,5.0,0,0,1,1,1,1,0,0,1,43.25,6.0,94.0,1.0,237.0,0.0,0.0,0.0,0.0,0.0,0.0,2,0,0.0,0.0,0.0,86.26,43.8,-14.81,6.0,4,2,0,0,0,0,0,1
1,0,1,1,23.0,1,1,0,0,0,0,0,0,1,48.35,0.0,0.0,0.0,365.0,0.0,0.0,0.0,0.0,0.0,0.0,1,0,0.0,0.0,0.0,47.51,46.39782608695653,-9.71,0.0,0,0,1,0,0,1,0,0
1,0,0,0,1.0,1,0,0,0,0,0,1,0,1,79.55,0.0,0.0,0.0,365.0,0.0,0.0,0.0,0.0,0.0,0.0,2,0,0.0,0.0,0.0,65.2,79.55,-11.99,0.0,1,2,0,1,0,0,1,0
0,1,1,0,50.0,1,0,0,0,0,0,0,0,1,71.05,0.0,0.0,0.0,365.0,0.0,0.0,0.0,0.0,0.0,0.0,1,0,0.0,0.0,0.0,117.62,68.89699999999999,-20.49,0.0,0,1,0,1,0,0,1,0
1,0,0,0,64.0,1,0,0,0,0,0,0,0,0,19.45,0.0,0.0,0.0,365.0,0.0,0.0,0.0,0.0,0.0,0.0,1,0,0.0,0.0,0.0,113.84,5.76640625,-1.62,0.0,0,0,2,0,1,1,0,0
0,0,1,0,68.0,1,1,1,1,1,0,1,1,1,110.8,0.0,0.0,0.0,365.0,0.0,0.0,0.0,0.0,0.0,0.0,3,0,0.0,0.0,0.0,65.9,111.08235294117648,19.26,0.0,5,0,2,1,0,0,0,0
1,0,0,0,1.0,1,1,0,0,0,0,1,0,0,84.5,4.0,97.0,1.0,144.0,0.0,0.0,0.0,0.0,0.0,0.0,1,1,1.0,40.18,40.18,88.42,84.5,-7.04,4.0,1,3,0,1,0,0,1,0
0,1,1,0,25.0,1,0,0,0,0,0,0,0,1,69.3,0.0,0.0,0.0,365.0,1.0,3.1,3.1,1.0,0.0,1.0,1,0,0.0,0.0,0.0,49.42,72.524,-22.24,0.0,0,1,0,1,0,0,1,0
1,0,0,0,67.0,0,0,1,0,1,1,1,0,1,49.35,0.0,0.0,0.0,365.0,0.0,0.0,0.0,0.0,0.0,0.0,3,1,0.33,6.39,19.16,76.27,49.57238805970149,-8.71,0.0,4,1,1,0,0,0,0,0
1,0,0,0,32.0,1,0,0,0,0,0,0,0,0,20.35,0.0,0.0,0.0,365.0,0.0,0.0,0.0,0.0,0.0,0.0,1,1,1.0,21.94,21.94,76.35,22.109375,-0.72,0.0,0,1,1,0,1,1,0,0
0,1,1,0,67.0,1,1,1,1,0,0,1,1,1,105.6,0.0,0.0,0.0,365.0,0.0,0.0,0.0,0.0,0.0,0.0,3,1,0.33,6.02,18.05,59.61,106.15149253731343,14.06,0.0,4,1,1,1,0,0,1,0
1,1,1,0,72.0,0,0,1,1,1,1,1,1,1,64.45,0.0,0.0,0.0,365.0,1.0,35.4,35.4,0.0,1.0,0.0,1,0,0.0,0.0,0.0,24.65,64.45972222222223,6.39,0.0,6,0,2,0,0,1,0,0
1,0,1,0,71.0,1,1,0,1,1,1,1,1,1,108.6,7.0,79.0,1.0,141.0,0.0,0.0,0.0,0.0,0.0,0.0,1,0,0.0,0.0,0.0,78.15,108.3225352112676,17.06,7.0,5,0,2,1,0,1,0,0
1,0,0,1,1.0,1,0,0,1,0,0,0,0,1,49.9,3.0,157.0,1.0,112.0,0.0,0.0,0.0,0.0,0.0,0.0,2,0,0.0,0.0,0.0,51.66,49.9,-8.16,3.0,1,2,0,0,0,0,1,0
1,0,0,0,46.0,0,0,0,1,0,0,0,0,0,30.3,5.0,29.0,1.0,66.0,0.0,0.0,0.0,0.0,0.0,0.0,2,0,0.0,0.0,0.0,100.12,30.002173913043475,-27.76,5.0,1,1,0,0,0,0,0,0
0,1,0,0,2.0,0,0,0,0,1,0,0,0,1,30.4,0.0,0.0,0.0,365.0,0.0,0.0,0.0,0.0,0.0,0.0,1,0,0.0,0.0,0.0,95.67,39.325,-27.66,0.0,1,2,0,0,0,0,1,0
0,0,0,0,1.0,1,0,0,0,0,0,0,0,1,45.4,6.0,47.0,1.0,211.0,0.0,0.0,0.0,0.0,0.0,0.0,2,1,0.5,11.06,22.12,64.02,45.4,-12.66,6.0,0,3,0,0,0,0,0,1
0,0,1,0,44.0,1,0,0,1,1,0,0,1,1,65.65,0.0,0.0,0.0,365.0,0.0,0.0,0.0,0.0,0.0,0.0,1,0,0.0,0.0,0.0,30.51,70.33295454545454,7.59,0.0,3,0,1,0,0,0,1,0
0,0,1,0,61.0,1,1,0,0,1,1,1,1,1,103.3,1.0,270.0,1.0,306.0,0.0,0.0,0.0,0.0,0.0,0.0,2,0,0.0,0.0,0.0,68.96,106.85819672131149,11.76,1.0,4,0,1,1,0,0,0,0
0,0,1,0,32.0,1,0,0,1,0,0,0,1,0,84.15,0.0,0.0,0.0,365.0,1.0,3.4,3.4,1.0,0.0,1.0,3,2,0.67,8.36,14.67,57.04,80.8109375,-7.39,0.0,2,2,0,1,0,0,0,0
0,0,0,0,2.0,1,0,0,0,0,0,0,0,0,44.45,0.0,0.0,0.0,365.0,1.0,21.0,21.0,0.0,1.0,0.0,3,0,0.0,0.0,0.0,67.77,41.35,-13.61,0.0,0,2,0,0,0,0,1,0
0,0,0,0,3.0,1,0,0,0,0,0,0,0,0,19.75,0.0,0.0,0.0,365.0,0.0,0.0,0.0,0.0,0.0,0.0,3,1,0.33,6.56,19.69,65.98,19.616666666666667,-1.32,0.0,0,3,0,0,1,0,1,0
0,0,0,0,5.0,1,0,0,0,0,1,0,1,1,85.4,0.0,0.0,0.0,365.0,0.0,0.0,0.0,0.0,0.0,0.0,1,1,1.0,9.54,9.54,46.88,85.17999999999999,-6.14,0.0,2,3,0,1,0,1,0,0
0,0,1,1,71.0,1,1,1,1,1,1,1,1,0,89.9,5.0,125.0,1.0,343.0,0.0,0.0,0.0,0.0,0.0,0.0,1,1,1.0,35.93,35.93,112.54,89.33380281690141,31.84,5.0,6,1,2,0,0,0,0,0
1,0,1,0,37.0,1,1,1,0,0,0,0,0,1,55.05,2.0,149.0,1.0,151.0,0.0,0.0,0.0,0.0,0.0,0.0,3,0,0.0,0.0,0.0,60.92,54.88513513513514,-3.01,2.0,1,1,0,0,0,0,0,1
1,0,1,1,65.0,1,1,0,0,1,1,1,1,1,104.1,0.0,0.0,0.0,365.0,0.0,0.0,0.0,0.0,0.0,0.0,2,0,0.0,0.0,0.0,83.2,103.07769230769232,12.56,0.0,4,0,2,1,0,0,0,0
0,0,0,1,67.0,1,1,0,1,0,1,1,1,1,106.6,9.0,135.5,2.0,337.0,0.0,0.0,0.0,0.0,0.0,0.0,3,0,0.0,0.0,0.0,60.11,108.12985074626866,15.06,4.5,4,0,1,1,0,0,0,0
1,0,0,1,49.0,1,1,0,0,0,0,0,0,0,75.2,11.0,44.0,1.0,6.0,0.0,0.0,0.0,0.0,0.0,0.0,2,1,0.5,2.9,5.81,64.05,75.06734693877551,-16.34,11.0,0,2,0,1,0,1,0,0
1,0,1,1,50.0,1,1,1,0,0,1,1,0,1,70.5,2.0,120.0,1.0,145.0,0.0,0.0,0.0,0.0,0.0,0.0,1,0,0.0,0.0,0.0,60.4,69.733,12.44,2.0,3,0,2,0,0,1,0,0
1,0,1,1,25.0,1,0,0,0,0,0,0,0,0,19.6,0.0,0.0,0.0,365.0,0.0,0.0,0.0,0.0,0.0,0.0,3,0,0.0,0.0,0.0,47.23,16.445999999999998,-1.47,0.0,0,0,1,0,1,0,1,0
0,0,0,1,17.0,1,1,0,0,1,0,0,0,1,55.85,0.0,0.0,0.0,365.0,1.0,121.2,121.2,1.0,0.0,1.0,1,0,0.0,0.0,0.0,56.12,55.14705882352941,-2.21,0.0,1,0,1,0,0,0,0,1
0,0,1,1,64.0,1,1,0,0,0,0,0,0,1,24.05,9.0,186.0,2.0,165.0,0.0,0.0,0.0,0.0,0.0,0.0,2,0,0.0,0.0,0.0,72.04,24.36171875,2.98,4.5,0,0,2,0,1,0,0,1
1,0,1,0,25.0,0,0,0,0,1,0,1,0,1,38.1,12.0,207.0,2.0,28.0,0.0,0.0,0.0,0.0,0.0,0.0,3,0,0.0,0.0,0.0,36.18,38.816,-19.96,6.0,2,0,1,0,0,1,0,0
1,1,0,0,23.0,1,1,0,1,1,0,1,1,1,106.4,5.0,270.0,1.0,322.0,0.0,0.0,0.0,0.0,0.0,0.0,1,0,0.0,0.0,0.0,92.36,107.97826086956522,14.86,5.0,4,1,0,1,0,0,1,0
1,1,1,0,24.0,0,0,0,0,1,1,0,0,0,34.25,0.0,0.0,0.0,365.0,0.0,0.0,0.0,0.0,0.0,0.0,1,0,0.0,0.0,0.0,114.19,34.50833333333333,-23.81,0.0,2,1,0,0,0,0,0,1
0,0,0,0,12.0,1,1,0,0,1,0,1,1,1,100.05,2.0,277.0,1.0,287.0,0.0,0.0,0.0,0.0,0.0,0.0,2,0,0.0,0.0,0.0,94.68,317.54583333333335,8.51,2.0,3,1,0,1,0,0,1,0
0,0,0,0,21.0,1,0,0,0,0,0,0,0,1,68.65,0.0,0.0,0.0,365.0,0.0,0.0,0.0,0.0,0.0,0.0,1,0,0.0,0.0,0.0,91.45,71.1047619047619,-22.89,0.0,0,1,0,1,0,0,1,0
1,0,0,0,1.0,1,0,0,0,0,0,0,0,1,45.8,0.0,0.0,0.0,365.0,1.0,85.2,85.2,0.0,1.0,0.0,1,0,0.0,0.0,0.0,39.97,45.8,-12.26,0.0,0,2,0,0,0,0,0,1
0,0,0,0,10.0,1,1,0,0,0,0,0,0,1,75.75,0.0,0.0,0.0,365.0,1.0,42.6,42.6,0.0,0.0,0.0,2,1,0.5,7.36,14.73,86.42,77.72999999999999,-15.79,0.0,0,3,0,1,0,0,0,1
1,0,0,0,6.0,1,0,0,1,0,0,0,1,1,84.4,0.0,0.0,0.0,365.0,0.0,0.0,0.0,0.0,0.0,0.0,1,0,0.0,0.0,0.0,82.87,92.72500000000001,-7.14,0.0,2,2,0,1,0,0,1,0
1,0,1,0,51.0,1,1,1,1,0,0,0,1,1,96.4,0.0,0.0,0.0,365.0,0.0,0.0,0.0,0.0,0.0,0.0,1,1,1.0,12.27,12.27,81.57,96.29509803921569,4.86,0.0,3,1,1,1,0,1,0,0
0,0,0,0,10.0,1,0,0,0,0,0,0,0,1,20.55,0.0,0.0,0.0,365.0,0.0,0.0,0.0,0.0,0.0,0.0,2,0,0.0,0.0,0.0,94.18,18.735,-0.52,0.0,0,2,0,0,1,0,0,1
0,0,0,0,6.0,0,0,1,1,0,1,0,1,0,50.95,3.0,54.0,1.0,306.0,0.0,0.0,0.0,0.0,0.0,0.0,3,2,0.67,5.21,7.84,69.73,51.26666666666667,-7.11,3.0,4,3,0,0,0,1,0,0
1,0,1,1,47.0,1,1,1,1,1,1,1,1,1,90.5,0.0,0.0,0.0,365.0,0.0,0.0,0.0,0.0,0.0,0.0,2,0,0.0,0.0,0.0,74.4,91.87978723404257,32.44,0.0,6,0,2,0,0,0,0,1
0,0,1,1,61.0,1,1,1,1,1,1,0,1,1,79.4,7.0,162.5,2.0,225.0,1.0,19.4,19.4,1.0,0.0,1.0,2,0,0.0,0.0,0.0,65.56,79.02540983606558,21.34,3.5,5,0,1,0,0,0,1,0
0,0,0,0,52.0,0,0,1,1,1,0,1,1,1,58.75,12.0,87.5,1.0,243.0,0.0,0.0,0.0,0.0,0.0,0.0,2,0,0.0,0.0,0.0,47.96,58.43365384615385,0.69,12.0,5,0,2,0,0,0,0,0
0,0,1,1,35.0,1,1,1,1,0,0,0,0,1,56.15,0.0,0.0,0.0,365.0,0.0,0.0,0.0,0.0,0.0,0.0,3,2,0.67,10.49,19.12,86.52,61.05428571428572,-1.91,0.0,2,2,0,0,0,1,0,0
1,0,1,0,71.0,1,1,0,1,1,0,1,1,1,105.7,0.0,0.0,0.0,365.0,0.0,0.0,0.0,0.0,0.0,0.0,2,0,0.0,0.0,0.0,42.79,105.24154929577465,14.16,0.0,4,0,1,1,0,0,0,0
0,0,0,0,6.0,1,0,1,1,0,0,0,0,0,56.25,0.0,0.0,0.0,365.0,0.0,0.0,0.0,0.0,0.0,0.0,1,1,1.0,12.4,12.4,70.55,64.85000000000001,-1.81,0.0,2,3,0,0,0,0,1,0
1,0,1,0,64.0,1,0,1,0,1,0,0,0,0,53.3,0.0,0.0,0.0,365.0,0.0,0.0,0.0,0.0,0.0,0.0,1,0,0.0,0.0,0.0,81.74,35.87890625,-4.76,0.0,2,0,2,0,0,1,0,0
0,1,0,0,12.0,1,1,0,0,0,0,1,0,1,85.55,0.0,0.0,0.0,365.0,0.0,0.0,0.0,0.0,0.0,0.0,2,1,0.5,10.88,21.77,68.64,15.620833333333332,-5.99,0.0,1,2,0,1,0,0,1,0
0,0,0,0,4.0,1,0,0,1,0,0,1,1,1,56.15,9.0,213.0,1.0,258.0,0.0,0.0,0.0,0.0,0.0,0.0,2,0,0.0,0.0,0.0,68.12,65.3125,-1.91,9.0,3,2,0,0,0,0,0,0
1,0,0,0,2.0,0,0,0,0,0,0,0,0,0,24.3,5.0,178.0,1.0,307.0,1.0,35.6,35.6,1.0,0.0,1.0,3,0,0.0,0.0,0.0,81.6,19.225,-33.76,5.0,0,2,0,0,0,0,0,1
1,0,0,0,4.0,1,0,0,0,0,0,1,0,0,77.85,0.0,0.0,0.0,365.0,0.0,0.0,0.0,0.0,0.0,0.0,1,0,0.0,0.0,0.0,33.69,74.8,-13.69,0.0,1,2,0,1,0,0,1,0
1,0,0,0,51.0,1,1,1,0,0,1,0,0,0,59.9,0.0,0.0,0.0,365.0,0.0,0.0,0.0,0.0,0.0,0.0,3,1,0.33,6.85,20.54,83.69,59.67843137254902,1.84,0.0,2,1,1,0,0,1,0,0
1,0,1,1,60.0,1,1,0,0,0,0,0,0,0,23.95,0.0,0.0,0.0,365.0,0.0,0.0,0.0,0.0,0.0,0.0,3,0,0.0,0.0,0.0,85.69,25.10666666666667,2.88,0.0,0,0,1,0,1,1,0,0
1,0,0,0,9.0,1,0,0,0,0,0,0,0,1,20.15,0.0,0.0,0.0,365.0,0.0,0.0,0.0,0.0,0.0,0.0,2,0,0.0,0.0,0.0,68.91,18.188888888888886,-0.92,0.0,0,1,1,0,1,0,0,1
1,0,0,0,3.0,1,1,0,1,1,0,1,1,1,105.35,0.0,0.0,0.0,365.0,0.0,0.0,0.0,0.0,0.0,0.0,2,1,0.5,21.82,43.63,82.46,107.75,13.81,0.0,4,3,0,1,0,0,0,0
1,0,0,0,17.0,1,1,0,0,1,1,0,1,1,95.65,6.0,185.0,1.0,31.0,0.0,0.0,0.0,0.0,0.0,0.0,2,0,0.0,0.0,0.0,65.4,96.47058823529412,4.11,6.0,3,1,0,1,0,0,0,0
0,0,0,0,8.0,1,1,0,0,0,0,1,0,1,87.05,5.0,209.0,1.0,59.0,0.0,0.0,0.0,0.0,0.0,0.0,1,0,0.0,0.0,0.0,25.03,95.2625,-4.49,5.0,1,2,0,1,0,0,1,0
1,0,1,1,46.0,1,0,1,0,1,1,1,1,0,81.0,5.0,207.0,1.0,248.0,0.0,0.0,0.0,0.0,0.0,0.0,3,0,0.0,0.0,0.0,43.55,83.61630434782609,22.94,5.0,5,0,2,0,0,0,0,1
0,0,0,0,68.0,1,0,1,1,1,1,1,1,1,82.45,0.0,0.0,0.0,365.0,0.0,0.0,0.0,0.0,0.0,0.0,1,0,0.0,0.0,0.0,117.82,83.03823529411765,24.39,0.0,6,0,2,0,0,1,0,0
1,0,0,0,1.0,1,0,0,0,0,0,1,0,1,56.15,0.0,0.0,0.0,365.0,0.0,0.0,0.0,0.0,0.0,0.0,1,0,0.0,0.0,0.0,115.58,53.5,-1.91,0.0,1,2,0,0,0,0,0,1
0,0,1,0,4.0,1,0,0,0,0,0,0,0,0,20.5,0.0,0.0,0.0,365.0,0.0,0.0,0.0,0.0,0.0,0.0,3,0,0.0,0.0,0.0,88.27,19.7625,-0.57,0.0,0,1,1,0,1,0,0,0
0,0,0,0,1.0,0,0,0,0,0,0,0,0,1,25.1,4.0,150.0,1.0,187.0,0.0,0.0,0.0,0.0,0.0,0.0,2,0,0.0,0.0,0.0,39.83,25.1,-32.96,4.0,0,2,0,0,0,0,0,1
1,0,0,1,28.0,1,0,0,1,0,1,0,0,1,54.4,6.0,19.0,1.0,64.0,0.0,0.0,0.0,0.0,0.0,0.0,2,0,0.0,0.0,0.0,52.08,54.16428571428571,-3.66,6.0,2,0,1,0,0,1,0,0
0,0,0,0,39.0,1,0,0,1,0,0,1,0,1,58.6,0.0,0.0,0.0,365.0,1.0,37.6,37.6,0.0,1.0,0.0,2,0,0.0,0.0,0.0,52.14,57.03846153846154,0.54,0.0,2,0,1,0,0,1,0,0
1,0,0,0,11.0,1,0,0,0,1,0,0,1,0,84.8,0.0,0.0,0.0,365.0,0.0,0.0,0.0,0.0,0.0,0.0,1,0,0.0,0.0,0.0,94.16,80.79545454545455,-6.74,0.0,2,2,0,1,0,0,1,0
0,0,1,0,71.0,0,0,0,1,1,1,1,1,1,61.4,0.0,0.0,0.0,365.0,0.0,0.0,0.0,0.0,0.0,0.0,3,0,0.0,0.0,0.0,92.44,60.70915492957747,3.34,0.0,5,0,2,0,0,1,0,0
1,0,0,1,2.0,1,0,0,0,0,0,0,0,0,20.4,10.0,249.0,2.0,64.0,0.0,0.0,0.0,0.0,0.0,0.0,2,0,0.0,0.0,0.0,49.76,21.45,-0.67,5.0,0,2,0,0,1,0,0,1
1,1,1,0,30.0,1,0,0,1,1,0,0,0,1,79.65,2.0,156.0,1.0,243.0,0.0,0.0,0.0,0.0,0.0,0.0,1,0,0.0,0.0,0.0,31.03,78.83833333333334,-11.89,2.0,2,1,0,1,0,0,0,1
0,0,0,0,17.0,1,0,0,0,0,0,0,0,0,20.15,5.0,72.0,1.0,159.0,0.0,0.0,0.0,0.0,0.0,0.0,3,0,0.0,0.0,0.0,39.09,20.802941176470586,-0.92,5.0,0,0,1,0,1,0,0,1
0,0,1,0,55.0,1,1,0,1,1,0,1,0,1,94.45,0.0,0.0,0.0,365.0,0.0,0.0,0.0,0.0,0.0,0.0,3,0,0.0,0.0,0.0,79.94,92.23818181818183,2.91,0.0,3,1,0,1,0,1,0,0
0,0,0,0,58.0,1,1,1,0,0,0,0,0,1,79.8,0.0,0.0,0.0,365.0,0.0,0.0,0.0,0.0,0.0,0.0,2,0,0.0,0.0,0.0,71.64,78.0491379310345,-11.74,0.0,1,1,0,1,0,0,0,0
0,0,0,0,5.0,1,0,1,0,0,1,0,0,0,54.2,0.0,0.0,0.0,365.0,0.0,0.0,0.0,0.0,0.0,0.0,3,0,0.0,0.0,0.0,99.99,61.65,-3.86,0.0,2,2,0,0,0,0,1,0
0,1,0,0,12.0,1,0,0,0,0,0,0,0,1,19.45,0.0,0.0,0.0,365.0,1.0,15.6,15.6,0.0,1.0,0.0,2,0,0.0,0.0,0.0,32.01,1.6208333333333333,-1.62,0.0,0,1,0,0,1,0,1,0
1,1,0,0,9.0,1,1,0,0,0,0,0,0,1,74.05,0.0,0.0,0.0,365.0,0.0,0.0,0.0,0.0,0.0,0.0,3,0,0.0,0.0,0.0,65.1,75.38333333333334,-17.49,0.0,0,2,0,1,0,0,1,0
1,0,0,0,26.0,1,0,0,0,0,1,0,0,0,49.15,0.0,0.0,0.0,365.0,0.0,0.0,0.0,0.0,0.0,0.0,3,0,0.0,0.0,0.0,43.25,47.58846153846154,-8.91,0.0,1,1,0,0,0,0,0,0
0,0,0,0,50.0,1,0,0,0,0,0,0,0,0,19.4,0.0,0.0,0.0,365.0,0.0,0.0,0.0,0.0,0.0,0.0,1,0,0.0,0.0,0.0,22.37,20.479,-1.67,0.0,0,0,2,0,1,1,0,0
0,0,1,0,64.0,1,1,1,1,1,1,1,1,1,113.65,0.0,0.0,0.0,365.0,1.0,44.7,44.7,0.0,0.0,0.0,2,1,0.5,18.26,36.53,104.85,127.85546875,22.11,0.0,6,1,2,1,0,0,0,0
0,0,0,1,43.0,1,0,1,1,0,1,1,1,1,106.0,0.0,0.0,0.0,365.0,0.0,0.0,0.0,0.0,0.0,0.0,3,1,0.33,0.97,2.92,58.87,105.40232558139536,14.46,0.0,5,1,1,1,0,1,0,0
1,0,0,0,56.0,1,1,0,0,0,0,0,0,1,25.95,7.0,94.0,1.0,118.0,1.0,24.7,24.7,1.0,0.0,1.0,1,1,1.0,31.5,31.5,111.32,25.786607142857143,4.88,7.0,0,1,2,0,1,0,0,0
0,0,0,0,1.0,1,0,0,0,0,0,0,0,0,19.1,6.0,144.0,1.0,265.0,0.0,0.0,0.0,0.0,0.0,0.0,1,0,0.0,0.0,0.0,100.01,19.1,-1.97,6.0,0,2,0,0,1,0,0,1
1,0,1,1,72.0,1,1,0,1,1,0,1,1,1,103.4,0.0,0.0,0.0,365.0,0.0,0.0,0.0,0.0,0.0,0.0,2,1,0.5,14.84,29.69,89.68,102.39791666666666,11.86,0.0,4,1,2,1,0,0,1,0
1,0,1,0,72.0,1,1,1,1,0,1,0,1,1,100.55,0.0,0.0,0.0,365.0,1.0,11.2,11.2,0.0,0.0,0.0,1,0,0.0,0.0,0.0,41.08,101.73750000000001,9.01,0.0,4,0,2,1,0,0,0,0
1,0,1,0,36.0,1,1,0,0,0,0,1,1,1,95.4,8.0,149.0,1.0,20.0,0.0,0.0,0.0,0.0,0.0,0.0,3,0,0.0,0.0,0.0,79.65,96.50555555555555,3.86,8.0,2,1,0,1,0,0,1,0
1,0,0,0,5.0,1,0,0,0,1,1,1,1,0,75.15,0.0,0.0,0.0,365.0,0.0,0.0,0.0,0.0,0.0,0.0,3,0,0.0,0.0,0.0,82.83,78.53,17.09,0.0,4,2,0,0,0,0,0,0
0,0,0,0,13.0,1,1,0,1,1,0,0,0,1,84.45,0.0,0.0,0.0,365.0,0.0,0.0,0.0,0.0,0.0,0.0,2,0,0.0,0.0,0.0,51.7,81.43076923076923,-7.09,0.0,2,1,0,1,0,0,1,0
0,1,0,0,44.0,1,0,0,1,1,0,0,1,0,89.15,0.0,0.0,0.0,365.0,0.0,0.0,0.0,0.0,0.0,0.0,1,0,0.0,0.0,0.0,116.96,90.69886363636364,-2.39,0.0,3,0,1,1,0,1,0,0
0,1,1,1,70.0,1,1,0,1,1,1,1,1,1,107.9,0.0,0.0,0.0,365.0,0.0,0.0,0.0,0.0,0.0,0.0,1,0,0.0,0.0,0.0,79.58,106.79785714285715,16.36,0.0,5,0,1,1,0,0,1,0
1,0,0,0,44.0,1,0,0,0,0,0,0,0,0,19.5,3.0,40.0,1.0,86.0,1.0,3.9,3.9,0.0,1.0,0.0,3,1,0.33,3.54,10.62,78.21,18.988636363636363,-1.57,3.0,0,1,1,0,1,1,0,0
0,1,1,0,32.0,1,1,0,0,0,0,1,0,1,85.95,0.0,0.0,0.0,365.0,0.0,0.0,0.0,0.0,0.0,0.0,1,0,0.0,0.0,0.0,31.49,82.14375,-5.59,0.0,1,1,0,1,0,1,0,0
0,0,1,0,69.0,1,1,0,0,0,0,0,0,1,24.95,3.0,163.0,1.0,247.0,0.0,0.0,0.0,0.0,0.0,0.0,2,1,0.5,4.08,8.16,78.07,24.903623188405795,3.88,3.0,0,1,2,0,1,1,0,0
0,1,0,0,16.0,1,0,0,0,0,1,1,0,0,59.4,0.0,0.0,0.0,365.0,0.0,0.0,0.0,0.0,0.0,0.0,1,0,0.0,0.0,0.0,101.85,63.99375,1.34,0.0,2,1,0,0,0,0,1,0
1,1,1,1,68.0,1,0,0,0,0,0,0,0,0,19.5,0.0,0.0,0.0,365.0,1.0,29.6,29.6,0.0,0.0,0.0,3,1,0.33,2.88,8.63,42.32,17.55220588235294,-1.57,0.0,0,1,1,0,1,0,0,0
1,0,0,0,16.0,1,0,0,0,0,0,0,0,1,69.95,14.0,76.33333333333333,3.0,75.0,0.0,0.0,0.0,0.0,0.0,0.0,3,0,0.0,0.0,0.0,87.08,75.34375,-21.59,4.667,0,1,0,1,0,1,0,0
1,0,1,1,68.0,1,0,1,1,0,1,1,1,0,82.85,0.0,0.0,0.0,365.0,0.0,0.0,0.0,0.0,0.0,0.0,3,0,0.0,0.0,0.0,48.63,84.94779411764705,24.79,0.0,5,0,2,0,0,0,0,0
1,0,0,0,4.0,1,0,0,0,0,0,0,0,0,19.0,9.0,166.5,2.0,91.0,0.0,0.0,0.0,0.0,0.0,0.0,3,0,0.0,0.0,0.0,61.57,19.725,-2.07,4.5,0,2,0,0,1,0,0,1
0,0,1,1,26.0,0,0,1,1,0,1,0,0,0,38.85,0.0,0.0,0.0,365.0,0.0,0.0,0.0,0.0,0.0,0.0,3,0,0.0,0.0,0.0,71.69,39.42884615384616,-19.21,0.0,3,1,0,0,0,1,0,0
0,0,0,0,29.0,0,0,0,1,0,0,0,0,1,30.6,2.0,49.0,1.0,200.0,1.0,0.0,0.0,0.0,0.0,0.0,1,0,0.0,0.0,0.0,59.69,29.529310344827586,-27.46,2.0,1,1,0,0,0,0,1,0
1,0,0,1,5.0,1,0,0,0,0,0,0,0,0,20.15,4.0,237.0,1.0,328.0,0.0,0.0,0.0,0.0,0.0,0.0,3,1,0.33,10.15,30.46,76.97,24.4,-0.92,4.0,0,3,0,0,1,1,0,0
1,0,1,0,44.0,1,1,0,1,1,0,1,0,1,95.0,3.0,224.0,1.0,205.0,0.0,0.0,0.0,0.0,0.0,0.0,1,0,0.0,0.0,0.0,51.27,150.0659090909091,3.46,3.0,3,0,1,1,0,0,0,0
1,0,1,0,24.0,1,0,1,0,0,1,1,1,0,74.4,0.0,0.0,0.0,365.0,0.0,0.0,0.0,0.0,0.0,0.0,3,1,0.33,4.19,12.56,57.61,71.37083333333334,16.34,0.0,4,1,1,0,0,0,0,0
0,1,1,0,72.0,1,1,1,1,1,1,0,1,0,78.45,0.0,0.0,0.0,365.0,0.0,0.0,0.0,0.0,0.0,0.0,1,0,0.0,0.0,0.0,70.31,78.92013888888889,20.39,0.0,5,0,2,0,0,0,0,0
1,0,0,0,1.0,1,0,0,0,0,1,0,0,1,74.3,7.0,130.0,1.0,336.0,0.0,0.0,0.0,0.0,0.0,0.0,1,1,1.0,30.91,30.91,71.5,74.3,-17.24,7.0,1,3,0,1,0,0,0,1
1,0,1,0,70.0,0,0,0,1,1,1,0,1,1,51.05,5.0,284.0,1.0,78.0,0.0,0.0,0.0,0.0,0.0,0.0,3,0,0.0,0.0,0.0,97.79,51.93071428571429,-7.01,5.0,4,0,1,0,0,0,0,0
0,0,1,1,36.0,1,0,0,0,0,0,0,0,0,19.2,4.0,86.0,1.0,63.0,0.0,0.0,0.0,0.0,0.0,0.0,3,0,0.0,0.0,0.0,79.2,19.525,-1.87,4.0,0,1,0,0,1,0,0,0
0,1,0,0,38.0,1,1,0,0,0,1,1,1,1,99.55,0.0,0.0,0.0,365.0,0.0,0.0,0.0,0.0,0.0,0.0,3,1,0.33,12.84,38.52,66.94,98.26973684210526,8.01,0.0,3,2,0,1,0,0,1,0
0,0,0,0,17.0,1,0,0,0,0,0,0,0,1,70.0,0.0,0.0,0.0,365.0,0.0,0.0,0.0,0.0,0.0,0.0,1,0,0.0,0.0,0.0,44.53,67.32352941176471,-21.54,0.0,0,1,0,1,0,0,1,0
0,0,1,1,41.0,1,1,0,1,1,1,1,1,1,109.1,0.0,0.0,0.0,365.0,0.0,0.0,0.0,0.0,0.0,0.0,3,0,0.0,0.0,0.0,51.73,108.64024390243902,17.56,0.0,5,0,1,1,0,0,0,0
0,0,0,0,1.0,1,0,0,0,0,0,0,0,1,45.3,3.0,223.0,1.0,6.0,1.0,40.9,40.9,0.0,1.0,0.0,1,0,0.0,0.0,0.0,58.23,45.3,-12.76,3.0,0,2,0,0,0,0,1,0
1,0,0,0,2.0,0,0,0,0,0,1,0,0,0,29.85,0.0,0.0,0.0,365.0,0.0,0.0,0.0,0.0,0.0,0.0,2,0,0.0,0.0,0.0,71.9,37.8,-28.21,0.0,1,2,0,0,0,0,0,0
1,0,0,0,14.0,1,0,0,0,1,0,0,0,0,76.45,15.0,115.0,2.0,160.0,0.0,0.0,0.0,0.0,0.0,0.0,1,0,0.0,0.0,0.0,76.62,79.825,-15.09,7.5,1,1,0,1,0,0,1,0
1,1,0,0,2.0,1,0,0,1,1,1,0,1,1,95.1,6.0,71.0,1.0,278.0,0.0,0.0,0.0,0.0,0.0,0.0,1,0,0.0,0.0,0.0,88.85,90.125,3.56,6.0,4,2,0,1,0,1,0,0
1,0,0,0,12.0,1,0,0,0,0,0,0,0,0,19.8,0.0,0.0,0.0,365.0,1.0,37.3,37.3,1.0,0.0,1.0,3,0,0.0,0.0,0.0,73.1,1.6500000000000001,-1.27,0.0,0,1,0,0,1,0,0,1
1,0,1,1,13.0,1,1,0,1,1,1,1,0,1,72.8,0.0,0.0,0.0,365.0,0.0,0.0,0.0,0.0,0.0,0.0,2,0,0.0,0.0,0.0,65.02,71.54230769230769,14.74,0.0,4,1,0,0,0,0,1,0
1,0,0,0,6.0,1,0,0,0,0,0,0,0,0,18.95,0.0,0.0,0.0,365.0,0.0,0.0,0.0,0.0,0.0,0.0,3,0,0.0,0.0,0.0,70.34,18.358333333333334,-2.12,0.0,0,2,0,0,1,0,0,1
0,0,0,0,4.0,1,0,0,1,0,0,0,0,1,76.65,0.0,0.0,0.0,365.0,0.0,0.0,0.0,0.0,0.0,0.0,2,1,0.5,22.11,44.22,99.69,83.4,-14.89,0.0,1,3,0,1,0,0,0,0
0,0,1,1,5.0,1,0,0,1,0,1,1,1,1,99.15,1.0,290.0,1.0,162.0,0.0,0.0,0.0,0.0,0.0,0.0,3,0,0.0,0.0,0.0,99.32,93.01,7.61,1.0,4,2,0,1,0,0,0,1
0,0,1,0,15.0,1,0,1,0,1,0,1,1,0,101.75,10.0,235.0,2.0,250.0,0.0,0.0,0.0,0.0,0.0,0.0,3,1,0.33,3.13,9.39,94.56,111.29333333333334,10.21,5.0,4,2,0,1,0,0,1,0
0,0,0,0,47.0,1,0,1,0,0,0,0,0,0,75.45,0.0,0.0,0.0,365.0,1.0,5.2,5.2,1.0,0.0,1.0,2,1,0.5,6.88,13.76,76.23,75.42765957446808,-16.09,0.0,1,2,0,1,0,1,0,0
0,0,0,0,12.0,1,0,0,0,1,1,0,1,0,64.1,0.0,0.0,0.0,365.0,0.0,0.0,0.0,0.0,0.0,0.0,3,2,0.67,14.26,34.18,84.31,42.00416666666667,6.04,0.0,3,2,0,0,0,0,0,1
1,0,0,0,17.0,0,0,0,0,0,0,0,0,1,25.65,0.0,0.0,0.0,365.0,2.0,3.25,4.1,1.0,1.0,0.5,3,0,0.0,0.0,0.0,61.52,25.894117647058824,-32.41,0.0,0,1,0,0,0,0,0,1
1,0,1,1,15.0,1,0,1,0,0,0,0,0,0,75.1,0.0,0.0,0.0,365.0,1.0,86.9,86.9,1.0,0.0,1.0,3,1,0.33,8.42,25.27,65.05,76.77,-16.44,0.0,1,2,0,1,0,0,0,1
0,0,0,0,26.0,1,0,1,0,1,1,0,1,1,95.85,5.0,111.0,1.0,291.0,0.0,0.0,0.0,0.0,0.0,0.0,1,0,0.0,0.0,0.0,27.14,95.20576923076922,4.31,5.0,4,0,1,1,0,0,0,0
0,0,0,0,23.0,1,1,1,0,0,0,0,0,0,54.4,1.0,296.0,1.0,148.0,0.0,0.0,0.0,0.0,0.0,0.0,1,0,0.0,0.0,0.0,84.88,54.31521739130435,-3.66,1.0,1,1,0,0,0,0,1,0
0,1,0,0,4.0,1,0,0,1,0,0,0,0,0,72.75,0.0,0.0,0.0,365.0,1.0,5.9,5.9,0.0,1.0,0.0,2,1,0.5,7.96,15.91,116.98,79.4375,-18.79,0.0,1,3,0,1,0,0,1,0
1,0,0,1,29.0,1,0,0,0,0,0,0,0,0,19.85,0.0,0.0,0.0,365.0,1.0,8.0,8.0,1.0,0.0,1.0,2,0,0.0,0.0,0.0,61.48,18.45,-1.22,0.0,0,0,1,0,1,0,0,1
0,0,0,0,25.0,1,0,0,0,0,0,0,0,0,19.05,0.0,0.0,0.0,365.0,0.0,0.0,0.0,0.0,0.0,0.0,3,0,0.0,0.0,0.0,82.05,18.452,-2.02,0.0,0,1,0,0,1,0,0,1
1,0,0,0,9.0,1,0,0,0,0,0,0,0,0,44.95,0.0,0.0,0.0,365.0,0.0,0.0,0.0,0.0,0.0,0.0,2,1,0.5,5.36,10.71,43.54,47.888888888888886,-13.11,0.0,0,3,0,0,0,0,0,1
1,0,1,0,18.0,1,0,0,0,1,0,0,0,1,49.55,0.0,0.0,0.0,365.0,2.0,68.4,90.8,2.0,0.0,1.0,1,1,1.0,2.87,2.87,46.79,48.797222222222224,-8.51,0.0,1,2,0,0,0,0,0,1
1,1,0,0,3.0,1,1,0,0,0,0,1,1,1,94.85,5.0,253.0,1.0,342.0,0.0,0.0,0.0,0.0,0.0,0.0,3,2,0.67,10.44,17.47,67.38,111.91666666666667,3.31,5.0,2,3,0,1,0,0,1,0
0,0,1,1,69.0,0,0,1,1,1,1,0,0,0,46.25,0.0,0.0,0.0,365.0,1.0,10.4,10.4,0.0,1.0,0.0,2,0,0.0,0.0,0.0,68.86,45.23768115942029,-11.81,0.0,4,0,2,0,0,0,0,0
1,0,0,0,14.0,1,0,0,0,0,0,0,0,0,19.35,0.0,0.0,0.0,365.0,0.0,0.0,0.0,0.0,0.0,0.0,1,0,0.0,0.0,0.0,98.3,23.2,-1.72,0.0,0,0,1,0,1,0,0,1
1,0,0,0,19.0,1,1,0,0,0,0,1,1,0,56.15,0.0,0.0,0.0,365.0,0.0,0.0,0.0,0.0,0.0,0.0,3,2,0.67,7.2,17.33,55.99,73.39736842105263,-1.91,0.0,2,2,0,0,0,0,0,1
1,1,0,0,39.0,1,1,0,1,0,0,0,1,0,90.7,0.0,0.0,0.0,365.0,0.0,0.0,0.0,0.0,0.0,0.0,1,0,0.0,0.0,0.0,111.72,87.51923076923077,-0.84,0.0,2,1,0,1,0,0,1,0
1,0,0,0,31.0,1,0,0,1,1,0,1,1,1,101.4,6.0,40.0,1.0,33.0,0.0,0.0,0.0,0.0,0.0,0.0,3,1,0.33,2.51,7.52,78.85,101.40806451612903,9.86,6.0,4,2,0,1,0,0,1,0
1,0,1,1,24.0,1,0,0,0,0,0,0,0,0,20.25,9.0,216.0,2.0,290.0,0.0,0.0,0.0,0.0,0.0,0.0,3,0,0.0,0.0,0.0,74.17,18.322916666666668,-0.82,4.5,0,0,1,0,1,0,0,1
1,0,1,0,14.0,1,0,0,0,0,1,0,0,0,48.8,2.0,80.0,1.0,5.0,0.0,0.0,0.0,0.0,0.0,0.0,2,1,0.5,6.08,12.17,70.41,47.457142857142856,-9.26,2.0,1,2,0,0,0,0,0,0
0,0,1,0,64.0,1,0,1,1,1,1,0,1,1,74.35,4.0,248.0,1.0,67.0,0.0,0.0,0.0,0.0,0.0,0.0,1,0,0.0,0.0,0.0,118.42,74.36796875,16.29,4.0,5,0,2,0,0,0,0,1
0,0,0,0,50.0,1,0,0,0,0,0,0,0,1,19.35,0.0,0.0,0.0,365.0,0.0,0.0,0.0,0.0,0.0,0.0,2,0,0.0,0.0,0.0,63.06,20.66,-1.72,0.0,0,0,1,0,1,0,0,1
1,0,1,1,52.0,1,0,0,1,1,1,1,0,1,68.75,0.0,0.0,0.0,365.0,1.0,5.1,5.1,1.0,0.0,1.0,1,0,0.0,0.0,0.0,76.64,66.97788461538461,10.69,0.0,4,0,1,0,0,0,1,0
1,0,0,0,28.0,1,1,0,1,0,0,1,1,0,100.2,0.0,0.0,0.0,365.0,0.0,0.0,0.0,0.0,0.0,0.0,1,0,0.0,0.0,0.0,100.38,96.01607142857142,8.66,0.0,3,0,1,1,0,0,1,0
0,0,0,0,21.0,1,0,0,0,0,0,0,0,1,20.85,4.0,121.0,1.0,314.0,0.0,0.0,0.0,0.0,0.0,0.0,3,0,0.0,0.0,0.0,50.19,20.726190476190474,-0.22,4.0,0,0,2,0,1,1,0,0
1,0,0,1,12.0,1,0,0,1,0,0,1,1,1,95.9,0.0,0.0,0.0,365.0,0.0,0.0,0.0,0.0,0.0,0.0,3,0,0.0,0.0,0.0,45.84,204.0625,4.36,0.0,3,1,0,1,0,0,1,0
0,0,1,0,17.0,1,0,0,0,0,0,0,0,0,19.35,2.0,56.0,1.0,81.0,0.0,0.0,0.0,0.0,0.0,0.0,1,0,0.0,0.0,0.0,60.57,18.058823529411764,-1.72,2.0,0,0,1,0,1,0,0,1
1,0,1,0,58.0,0,0,0,0,0,0,1,1,1,45.0,4.0,223.0,1.0,7.0,0.0,0.0,0.0,0.0,0.0,0.0,2,0,0.0,0.0,0.0,71.78,46.36810344827586,-13.06,4.0,2,0,1,0,0,1,0,0
1,1,1,0,17.0,1,0,0,0,0,0,0,1,0,81.5,0.0,0.0,0.0,365.0,0.0,0.0,0.0,0.0,0.0,0.0,1,0,0.0,0.0,0.0,78.62,78.18823529411765,-10.04,0.0,1,1,0,1,0,0,0,0
0,0,1,0,51.0,1,1,0,0,0,0,0,0,0,25.5,8.0,291.0,1.0,232.0,0.0,0.0,0.0,0.0,0.0,0.0,1,0,0.0,0.0,0.0,116.09,25.122549019607842,4.43,8.0,0,0,2,0,1,0,0,1
1,0,1,1,72.0,0,0,1,0,1,1,1,0,0,48.9,0.0,0.0,0.0,365.0,0.0,0.0,0.0,0.0,0.0,0.0,2,1,0.5,9.8,19.59,75.2,48.986111111111114,-9.16,0.0,4,1,2,0,0,0,0,1
1,0,1,0,52.0,1,0,1,0,0,0,1,0,0,84.1,3.0,41.0,1.0,354.0,0.0,0.0,0.0,0.0,0.0,0.0,3,0,0.0,0.0,0.0,39.48,83.6278846153846,-7.44,3.0,2,1,0,1,0,0,1,0
0,0,0,0,27.0,1,0,0,0,0,0,0,0,1,19.6,0.0,0.0,0.0,365.0,0.0,0.0,0.0,0.0,0.0,0.0,2,1,0.5,7.08,14.15,97.19,20.78333333333333,-1.47,0.0,0,1,2,0,1,0,0,1
0,0,0,0,3.0,1,0,0,0,0,0,0,0,0,20.0,0.0,0.0,0.0,365.0,0.0,0.0,0.0,0.0,0.0,0.0,2,0,0.0,0.0,0.0,68.4,21.2,-1.07,0.0,0,2,0,0,1,0,0,1
0,0,1,0,64.0,1,1,1,1,1,1,0,1,1,81.3,0.0,0.0,0.0,365.0,0.0,0.0,0.0,0.0,0.0,0.0,1,1,1.0,2.89,2.89,55.22,80.1453125,23.24,0.0,5,1,2,0,0,0,0,1
0,0,1,0,45.0,1,0,0,0,0,1,1,1,1,95.2,9.0,171.0,2.0,141.0,0.0,0.0,0.0,0.0,0.0,0.0,2,0,0.0,0.0,0.0,78.64,95.24000000000001,3.66,4.5,3,0,2,1,0,1,0,0
1,1,1,0,3.0,0,0,0,0,0,0,1,0,1,36.45,11.0,151.0,2.0,197.0,0.0,0.0,0.0,0.0,0.0,0.0,1,0,0.0,0.0,0.0,61.88,31.233333333333334,-21.61,5.5,1,2,0,0,0,0,0,1
0,0,1,0,71.0,1,1,0,1,1,1,1,1,1,83.3,0.0,0.0,0.0,365.0,0.0,0.0,0.0,0.0,0.0,0.0,3,0,0.0,0.0,0.0,95.16,83.02112676056338,25.24,0.0,5,0,2,0,0,1,0,0
0,1,0,0,12.0,0,0,0,0,0,0,0,0,0,25.05,13.0,88.5,2.0,123.0,0.0,0.0,0.0,0.0,0.0,0.0,3,1,0.33,3.25,9.75,45.4,2.0875,-33.01,6.5,0,2,0,0,0,0,0,1
0,0,1,1,58.0,1,0,0,0,0,0,0,0,0,20.3,0.0,0.0,0.0,365.0,0.0,0.0,0.0,0.0,0.0,0.0,3,0,0.0,0.0,0.0,63.12,20.012931034482758,-0.77,0.0,0,0,2,0,1,1,0,0
1,0,1,1,34.0,1,0,0,1,1,0,1,0,1,89.85,0.0,0.0,0.0,365.0,0.0,0.0,0.0,0.0,0.0,0.0,3,1,0.33,5.78,17.33,83.36,90.93382352941177,-1.69,0.0,3,2,0,1,0,0,1,0
0,0,0,0,8.0,1,0,1,0,0,0,0,0,1,49.85,0.0,0.0,0.0,365.0,0.0,0.0,0.0,0.0,0.0,0.0,1,0,0.0,0.0,0.0,59.09,45.69375,-8.21,0.0,1,2,0,0,0,0,1,0
0,0,1,1,15.0,1,0,0,0,0,0,0,0,0,19.8,0.0,0.0,0.0,365.0,0.0,0.0,0.0,0.0,0.0,0.0,3,0,0.0,0.0,0.0,43.31,18.196666666666665,-1.27,0.0,0,1,0,0,1,0,0,1
1,0,1,1,66.0,0,0,0,0,1,1,1,1,0,54.65,8.0,96.5,2.0,71.0,1.0,6.9,6.9,1.0,0.0,1.0,3,1,0.33,0.73,2.18,55.23,55.03030303030303,-3.41,4.0,4,1,2,0,0,0,0,0
1,1,0,0,12.0,0,0,0,1,0,0,0,0,1,29.35,4.0,186.0,1.0,55.0,0.0,0.0,0.0,0.0,0.0,0.0,2,0,0.0,0.0,0.0,68.8,31.766666666666666,-28.71,4.0,1,1,0,0,0,1,0,0
1,0,0,0,58.0,1,0,0,0,0,0,0,0,1,19.15,14.0,117.0,2.0,75.0,0.0,0.0,0.0,0.0,0.0,0.0,1,0,0.0,0.0,0.0,79.28,17.853448275862068,-1.92,7.0,0,0,2,0,1,0,0,0
0,0,1,1,3.0,1,0,0,0,0,0,0,0,0,19.1,0.0,0.0,0.0,365.0,0.0,0.0,0.0,0.0,0.0,0.0,2,0,0.0,0.0,0.0,97.05,17.333333333333332,-1.97,0.0,0,1,2,0,1,0,0,1
0,1,1,0,43.0,0,0,0,1,1,0,1,1,0,55.55,7.0,153.0,1.0,47.0,0.0,0.0,0.0,0.0,0.0,0.0,1,0,0.0,0.0,0.0,63.43,54.46976744186046,-2.51,7.0,4,1,0,0,0,1,0,0
0,0,0,0,9.0,1,0,0,1,1,0,0,0,0,80.55,3.0,32.0,1.0,223.0,1.0,24.5,24.5,1.0,0.0,1.0,1,0,0.0,0.0,0.0,119.31,72.65555555555555,-10.99,3.0,2,2,0,1,0,0,1,0
0,0,0,0,3.0,1,0,0,0,0,0,0,0,0,20.25,0.0,0.0,0.0,365.0,0.0,0.0,0.0,0.0,0.0,0.0,3,0,0.0,0.0,0.0,54.27,23.733333333333334,-0.82,0.0,0,1,1,0,1,0,0,1
0,0,1,1,22.0,1,0,0,1,0,0,1,1,1,69.5,0.0,0.0,0.0,365.0,0.0,0.0,0.0,0.0,0.0,0.0,3,0,0.0,0.0,0.0,64.48,68.10000000000001,11.44,0.0,3,0,1,0,0,0,0,0
1,0,1,0,40.0,1,1,0,1,1,0,1,1,1,106.0,5.0,113.0,1.0,137.0,0.0,0.0,0.0,0.0,0.0,0.0,3,1,0.33,5.23,15.68,65.94,104.46624999999999,14.46,5.0,4,1,1,1,0,0,0,0
0,0,0,0,68.0,1,1,0,0,0,0,0,0,0,25.5,0.0,0.0,0.0,365.0,0.0,0.0,0.0,0.0,0.0,0.0,2,0,0.0,0.0,0.0,88.62,26.791176470588233,4.43,0.0,0,0,2,0,1,0,0,0
1,0,1,0,54.0,1,1,0,1,1,0,1,1,1,104.3,0.0,0.0,0.0,365.0,0.0,0.0,0.0,0.0,0.0,0.0,1,0,0.0,0.0,0.0,86.19,97.74351851851851,12.76,0.0,4,1,0,1,0,0,1,0
0,0,0,0,50.0,1,1,0,1,0,1,1,1,1,79.6,0.0,0.0,0.0,365.0,0.0,0.0,0.0,0.0,0.0,0.0,1,0,0.0,0.0,0.0,24.83,80.484,21.54,0.0,4,0,2,0,0,0,0,1
1,0,0,0,1.0,1,0,0,0,0,0,0,1,1,55.25,5.0,164.0,1.0,93.0,0.0,0.0,0.0,0.0,0.0,0.0,1,0,0.0,0.0,0.0,24.56,55.25,-2.81,5.0,1,2,0,0,0,0,1,0
0,0,1,0,72.0,1,1,1,1,1,1,1,1,0,88.05,0.0,0.0,0.0,365.0,0.0,0.0,0.0,0.0,0.0,0.0,3,0,0.0,0.0,0.0,53.38,90.56666666666666,29.99,0.0,6,0,2,0,0,0,0,0
1,0,0,1,44.0,1,0,0,0,0,0,0,0,1,20.4,1.0,64.0,1.0,41.0,0.0,0.0,0.0,0.0,0.0,0.0,3,0,0.0,0.0,0.0,85.56,19.429545454545455,-0.67,1.0,0,0,1,0,1,0,0,0
0,0,1,1,72.0,1,1,1,1,1,1,1,1,1,117.6,8.0,128.0,2.0,173.0,0.0,0.0,0.0,0.0,0.0,0.0,1,0,0.0,0.0,0.0,106.97,115.40138888888889,26.06,4.0,6,0,2,1,0,0,0,0
0,0,0,0,6.0,1,0,0,0,0,0,0,0,0,20.0,0.0,0.0,0.0,365.0,0.0,0.0,0.0,0.0,0.0,0.0,2,0,0.0,0.0,0.0,63.91,18.2,-1.07,0.0,0,2,0,0,1,0,0,1
0,0,0,0,5.0,1,0,0,0,0,0,0,0,1,19.65,6.0,216.0,1.0,277.0,1.0,19.6,19.6,1.0,0.0,1.0,3,0,0.0,0.0,0.0,52.44,18.41,-1.42,6.0,0,2,0,0,1,1,0,0
1,0,1,0,48.0,1,1,0,1,1,0,0,1,1,70.55,0.0,0.0,0.0,365.0,0.0,0.0,0.0,0.0,0.0,0.0,1,0,0.0,0.0,0.0,82.07,71.26041666666667,12.49,0.0,3,0,1,0,0,1,0,0
0,0,0,0,1.0,1,1,0,0,0,0,1,1,1,93.85,2.0,181.0,1.0,118.0,0.0,0.0,0.0,0.0,0.0,0.0,3,0,0.0,0.0,0.0,62.56,93.85,2.31,2.0,2,2,0,1,0,0,1,0
0,0,1,1,64.0,1,0,1,0,0,1,1,0,0,65.8,0.0,0.0,0.0,365.0,0.0,0.0,0.0,0.0,0.0,0.0,2,0,0.0,0.0,0.0,91.96,63.5625,7.74,0.0,3,0,1,0,0,0,0,1
0,0,0,0,17.0,1,0,0,0,0,0,0,0,0,20.05,5.0,54.0,1.0,346.0,1.0,24.8,24.8,0.0,0.0,0.0,3,1,0.33,1.31,3.92,70.28,19.876470588235293,-1.02,5.0,0,1,1,0,1,1,0,0
1,0,1,0,40.0,1,0,0,1,1,0,0,0,1,80.0,0.0,0.0,0.0,365.0,0.0,0.0,0.0,0.0,0.0,0.0,1,1,1.0,3.57,3.57,41.02,79.21875,-11.54,0.0,2,2,0,1,0,0,1,0
0,0,1,1,41.0,0,0,1,0,1,0,0,0,0,35.4,6.0,181.0,1.0,74.0,0.0,0.0,0.0,0.0,0.0,0.0,1,0,0.0,0.0,0.0,79.94,34.44878048780488,-22.66,6.0,2,0,1,0,0,1,0,0
1,1,0,0,51.0,1,1,0,1,0,0,0,0,1,79.6,0.0,0.0,0.0,365.0,0.0,0.0,0.0,0.0,0.0,0.0,1,0,0.0,0.0,0.0,39.41,77.93529411764706,-11.94,0.0,1,0,1,1,0,0,0,0
1,0,1,0,41.0,1,1,0,1,0,0,0,0,1,80.25,0.0,0.0,0.0,365.0,1.0,8.9,8.9,1.0,0.0,1.0,2,1,0.5,6.46,12.91,34.92,83.8780487804878,-11.29,0.0,1,2,0,1,0,0,1,0
0,0,1,1,1.0,1,0,0,0,1,0,0,0,0,50.45,0.0,0.0,0.0,365.0,0.0,0.0,0.0,0.0,0.0,0.0,2,0,0.0,0.0,0.0,37.7,50.45,-7.61,0.0,1,2,0,0,0,0,0,1
0,0,0,0,2.0,1,0,0,0,0,0,0,0,1,20.45,2.0,64.0,1.0,359.0,0.0,0.0,0.0,0.0,0.0,0.0,1,0,0.0,0.0,0.0,71.21,21.225,-0.62,2.0,0,2,0,0,1,0,0,1
1,0,0,0,44.0,1,0,0,1,1,0,0,0,0,79.6,5.0,20.0,1.0,294.0,0.0,0.0,0.0,0.0,0.0,0.0,3,0,0.0,0.0,0.0,43.58,124.12386363636364,-11.94,5.0,2,0,1,1,0,1,0,0
0,0,1,1,24.0,1,1,0,0,0,0,0,0,0,24.7,20.0,117.0,3.0,188.0,0.0,0.0,0.0,0.0,0.0,0.0,3,2,0.67,3.75,6.59,43.9,23.822916666666668,3.63,6.667,0,1,2,0,1,0,0,1
1,0,1,0,70.0,1,1,1,0,1,1,0,1,0,77.3,0.0,0.0,0.0,365.0,0.0,0.0,0.0,0.0,0.0,0.0,2,0,0.0,0.0,0.0,61.92,78.54571428571428,19.24,0.0,4,0,2,0,0,1,0,0
1,0,0,0,3.0,0,0,0,0,0,1,0,0,1,29.75,0.0,0.0,0.0,365.0,0.0,0.0,0.0,0.0,0.0,0.0,3,0,0.0,0.0,0.0,65.54,32.28333333333333,-28.31,0.0,1,2,0,0,0,0,1,0
1,0,0,0,2.0,1,0,0,0,0,0,0,0,0,44.9,0.0,0.0,0.0,365.0,0.0,0.0,0.0,0.0,0.0,0.0,3,0,0.0,0.0,0.0,40.0,55.525,-13.16,0.0,0,2,0,0,0,0,0,0
1,0,1,0,3.0,0,0,0,1,0,0,0,0,0,29.8,7.0,197.5,2.0,250.0,1.0,24.6,24.6,1.0,0.0,1.0,1,0,0.0,0.0,0.0,91.62,31.46666666666667,-28.26,3.5,1,2,0,0,0,1,0,0
0,0,0,0,7.0,1,1,0,0,0,1,1,1,1,74.65,0.0,0.0,0.0,365.0,1.0,9.0,9.0,0.0,1.0,0.0,2,0,0.0,0.0,0.0,54.8,74.44285714285715,16.59,0.0,3,2,0,0,0,0,1,0
0,0,0,0,13.0,1,0,1,0,0,0,1,1,1,71.95,0.0,0.0,0.0,365.0,0.0,0.0,0.0,0.0,0.0,0.0,2,0,0.0,0.0,0.0,82.08,71.06538461538462,13.89,0.0,3,1,0,0,0,0,1,0
1,0,0,0,7.0,1,0,0,0,0,0,0,0,0,20.75,0.0,0.0,0.0,365.0,0.0,0.0,0.0,0.0,0.0,0.0,3,0,0.0,0.0,0.0,90.89,20.157142857142855,-0.32,0.0,0,2,0,0,1,0,0,1
1,0,1,1,12.0,1,0,0,0,0,0,1,0,1,56.3,0.0,0.0,0.0,365.0,0.0,0.0,0.0,0.0,0.0,0.0,2,0,0.0,0.0,0.0,105.19,52.387499999999996,-1.76,0.0,1,1,0,0,0,0,0,1
1,0,1,1,53.0,1,1,0,1,1,0,1,1,1,105.25,5.0,88.0,1.0,204.0,0.0,0.0,0.0,0.0,0.0,0.0,3,2,0.67,9.98,19.62,80.7,105.21320754716982,13.71,5.0,4,1,1,1,0,0,1,0
0,0,0,0,12.0,1,1,0,0,0,0,1,1,1,94.2,0.0,0.0,0.0,365.0,0.0,0.0,0.0,0.0,0.0,0.0,3,0,0.0,0.0,0.0,72.96,87.175,2.66,0.0,2,1,0,1,0,0,1,0
1,0,1,1,63.0,1,0,0,0,0,0,0,0,0,19.55,0.0,0.0,0.0,365.0,1.0,32.4,32.4,0.0,1.0,0.0,3,2,0.67,7.74,11.85,43.87,19.77142857142857,-1.52,0.0,0,1,2,0,1,0,0,1
0,0,0,0,15.0,1,0,1,1,1,1,1,1,0,84.45,12.0,148.5,2.0,172.0,0.0,0.0,0.0,0.0,0.0,0.0,1,0,0.0,0.0,0.0,44.32,85.85666666666665,26.39,6.0,6,1,0,0,0,0,0,1
1,0,1,1,36.0,1,0,1,1,0,0,0,0,0,53.65,0.0,0.0,0.0,365.0,0.0,0.0,0.0,0.0,0.0,0.0,3,0,0.0,0.0,0.0,108.17,53.87083333333333,-4.41,0.0,2,0,1,0,0,0,0,1
1,1,1,0,4.0,0,0,0,0,1,0,0,0,1,29.9,4.0,64.0,1.0,214.0,0.0,0.0,0.0,0.0,0.0,0.0,3,1,0.33,3.51,10.53,48.36,29.5625,-28.16,4.0,1,3,0,0,0,0,1,0
0,0,1,1,24.0,1,0,0,0,0,0,0,0,0,19.7,0.0,0.0,0.0,365.0,0.0,0.0,0.0,0.0,0.0,0.0,1,0,0.0,0.0,0.0,115.58,18.85625,-1.37,0.0,0,0,2,0,1,0,0,1
0,0,0,0,61.0,0,0,1,1,1,1,0,0,0,43.7,0.0,0.0,0.0,365.0,0.0,0.0,0.0,0.0,0.0,0.0,3,1,0.33,6.93,20.8,58.98,44.205737704918036,-14.36,0.0,4,1,1,0,0,1,0,0
1,0,0,0,16.0,1,1,0,1,0,0,0,0,0,55.3,0.0,0.0,0.0,365.0,0.0,0.0,0.0,0.0,0.0,0.0,3,0,0.0,0.0,0.0,66.02,54.709375,-2.76,0.0,1,1,0,0,0,0,1,0
1,0,1,1,65.0,1,0,0,0,0,0,0,0,1,19.85,0.0,0.0,0.0,365.0,0.0,0.0,0.0,0.0,0.0,0.0,1,0,0.0,0.0,0.0,50.14,19.493076923076924,-1.22,0.0,0,0,2,0,1,1,0,0
0,0,1,1,26.0,1,0,0,0,0,0,0,0,0,19.65,5.0,211.0,1.0,21.0,0.0,0.0,0.0,0.0,0.0,0.0,1,0,0.0,0.0,0.0,92.51,19.034615384615385,-1.42,5.0,0,0,2,0,1,1,0,0
1,0,0,0,16.0,1,0,0,0,0,1,0,0,1,49.45,4.0,74.0,1.0,217.0,0.0,0.0,0.0,0.0,0.0,0.0,2,1,0.5,22.12,44.23,79.19,49.9375,-8.61,4.0,1,2,0,0,0,0,0,1
0,0,1,0,54.0,1,1,1,1,0,0,1,1,0,106.55,11.0,262.5,2.0,225.0,0.0,0.0,0.0,0.0,0.0,0.0,2,0,0.0,0.0,0.0,56.37,106.72777777777777,15.01,5.5,4,0,1,1,0,0,0,0
1,0,0,0,1.0,1,0,0,0,0,0,0,0,0,20.1,6.0,92.0,1.0,267.0,0.0,0.0,0.0,0.0,0.0,0.0,1,0,0.0,0.0,0.0,114.17,20.1,-0.97,6.0,0,2,0,0,1,0,0,1
1,0,0,1,5.0,1,0,0,0,0,0,0,0,0,20.45,0.0,0.0,0.0,365.0,0.0,0.0,0.0,0.0,0.0,0.0,2,0,0.0,0.0,0.0,89.01,21.380000000000003,-0.62,0.0,0,1,2,0,1,0,0,1
0,0,0,0,19.0,0,0,0,1,0,0,0,1,1,39.7,0.0,0.0,0.0,365.0,0.0,0.0,0.0,0.0,0.0,0.0,2,0,0.0,0.0,0.0,56.52,37.37105263157895,-18.36,0.0,2,1,0,0,0,0,1,0
1,0,0,0,10.0,1,1,1,0,0,0,0,0,1,54.5,7.0,270.0,1.0,269.0,0.0,0.0,0.0,0.0,0.0,0.0,1,0,0.0,0.0,0.0,87.38,56.82000000000001,-3.56,7.0,1,2,0,0,0,1,0,0
0,0,1,1,23.0,1,0,0,1,1,1,0,0,0,83.8,0.0,0.0,0.0,365.0,0.0,0.0,0.0,0.0,0.0,0.0,3,0,0.0,0.0,0.0,64.41,82.6195652173913,-7.74,0.0,3,1,0,1,0,0,1,0
1,0,0,0,3.0,1,0,0,0,0,0,1,0,0,55.15,0.0,0.0,0.0,365.0,0.0,0.0,0.0,0.0,0.0,0.0,2,1,0.5,2.49,4.98,27.97,53.050000000000004,-2.91,0.0,1,3,0,0,0,0,0,1
0,0,0,0,72.0,1,1,0,1,1,1,1,1,1,111.6,8.0,207.5,2.0,215.0,0.0,0.0,0.0,0.0,0.0,0.0,1,0,0.0,0.0,0.0,37.85,111.28819444444444,20.06,4.0,5,0,2,1,0,0,0,0
1,1,1,0,10.0,1,1,0,0,0,0,0,1,1,86.65,6.0,39.0,1.0,186.0,0.0,0.0,0.0,0.0,0.0,0.0,1,1,1.0,20.03,20.03,119.05,85.66499999999999,-4.89,6.0,1,3,0,1,0,0,1,0
0,0,1,1,10.0,1,0,0,1,1,0,0,0,1,55.55,0.0,0.0,0.0,365.0,0.0,0.0,0.0,0.0,0.0,0.0,1,0,0.0,0.0,0.0,44.25,55.129999999999995,-2.51,0.0,2,2,0,0,0,0,0,1
1,0,1,0,11.0,1,0,0,0,0,0,0,0,1,20.55,0.0,0.0,0.0,365.0,0.0,0.0,0.0,0.0,0.0,0.0,1,0,0.0,0.0,0.0,67.98,16.813636363636363,-0.52,0.0,0,1,1,0,1,0,0,1
0,1,0,0,37.0,1,1,1,1,0,0,1,1,1,106.75,4.0,289.0,1.0,275.0,1.0,20.6,20.6,1.0,0.0,1.0,3,0,0.0,0.0,0.0,63.64,109.64189189189189,15.21,4.0,4,1,0,1,0,0,0,0
1,0,1,1,17.0,1,1,1,0,0,1,0,0,1,62.1,0.0,0.0,0.0,365.0,0.0,0.0,0.0,0.0,0.0,0.0,3,2,0.67,24.52,40.71,112.0,64.50882352941177,4.04,0.0,2,1,1,0,0,0,0,1
0,0,1,1,36.0,1,1,1,0,1,0,1,1,1,104.5,0.0,0.0,0.0,365.0,0.0,0.0,0.0,0.0,0.0,0.0,1,0,0.0,0.0,0.0,81.49,102.35972222222222,12.96,0.0,4,1,0,1,0,1,0,0
1,1,0,0,12.0,1,0,0,1,1,0,1,1,1,101.8,28.0,192.33333333333331,3.0,8.0,1.0,2.5,2.5,1.0,0.0,1.0,2,1,0.5,19.23,38.45,74.61,146.0375,10.26,9.333,4,2,0,1,0,0,1,0
0,1,1,1,66.0,1,1,1,1,0,1,1,1,1,110.6,6.0,16.0,1.0,315.0,0.0,0.0,0.0,0.0,0.0,0.0,1,1,1.0,24.66,24.66,106.19,109.25530303030304,19.06,6.0,5,1,1,1,0,1,0,0
1,0,1,1,44.0,1,0,1,1,1,1,1,1,0,84.9,0.0,0.0,0.0,365.0,0.0,0.0,0.0,0.0,0.0,0.0,3,0,0.0,0.0,0.0,106.61,119.64772727272727,26.84,0.0,6,0,1,0,0,0,0,0
1,0,0,0,22.0,1,0,0,1,0,0,1,1,1,93.2,0.0,0.0,0.0,365.0,0.0,0.0,0.0,0.0,0.0,0.0,3,0,0.0,0.0,0.0,64.74,98.05909090909091,1.66,0.0,3,1,0,1,0,0,0,1
1,0,0,0,1.0,0,0,0,0,0,0,0,0,1,24.4,0.0,0.0,0.0,365.0,0.0,0.0,0.0,0.0,0.0,0.0,1,0,0.0,0.0,0.0,37.78,24.4,-33.66,0.0,0,2,0,0,0,0,1,0
0,0,0,0,6.0,1,0,0,0,0,0,0,0,0,70.55,0.0,0.0,0.0,365.0,0.0,0.0,0.0,0.0,0.0,0.0,3,0,0.0,0.0,0.0,77.64,72.325,-20.99,0.0,0,2,0,1,0,1,0,0
1,0,0,0,31.0,1,0,0,1,0,1,0,0,1,91.75,0.0,0.0,0.0,365.0,0.0,0.0,0.0,0.0,0.0,0.0,2,0,0.0,0.0,0.0,65.92,78.55322580645162,0.21,0.0,2,1,0,1,0,0,1,0
0,0,1,1,68.0,1,0,1,1,1,1,1,1,1,85.0,0.0,0.0,0.0,365.0,1.0,24.2,24.2,0.0,0.0,0.0,2,0,0.0,0.0,0.0,111.5,82.46691176470588,26.94,0.0,6,0,2,0,0,1,0,0
0,0,1,1,34.0,1,1,0,0,1,0,1,0,0,87.45,0.0,0.0,0.0,365.0,0.0,0.0,0.0,0.0,0.0,0.0,2,0,0.0,0.0,0.0,71.4,84.53382352941176,-4.09,0.0,2,1,0,1,0,0,1,0
0,0,1,1,12.0,1,0,0,1,1,1,0,0,0,85.8,0.0,0.0,0.0,365.0,0.0,0.0,0.0,0.0,0.0,0.0,1,0,0.0,0.0,0.0,104.36,369.44166666666666,-5.74,0.0,3,1,0,1,0,0,0,0
0,0,0,1,10.0,1,0,0,0,1,1,1,0,1,91.1,0.0,0.0,0.0,365.0,0.0,0.0,0.0,0.0,0.0,0.0,1,0,0.0,0.0,0.0,98.35,96.435,-0.44,0.0,3,2,0,1,0,0,1,0
1,0,1,1,29.0,1,0,0,0,0,0,0,0,1,70.75,0.0,0.0,0.0,365.0,0.0,0.0,0.0,0.0,0.0,0.0,1,0,0.0,0.0,0.0,94.29,68.09655172413792,-20.79,0.0,0,1,0,1,0,0,1,0
0,0,1,1,72.0,1,0,0,0,0,0,0,0,0,20.1,0.0,0.0,0.0,365.0,0.0,0.0,0.0,0.0,0.0,0.0,1,0,0.0,0.0,0.0,97.72,20.289583333333333,-0.97,0.0,0,0,2,0,1,0,0,0
1,0,1,1,47.0,1,0,0,0,0,0,0,0,0,20.05,0.0,0.0,0.0,365.0,0.0,0.0,0.0,0.0,0.0,0.0,1,0,0.0,0.0,0.0,80.61,20.245744680851065,-1.02,0.0,0,0,1,0,1,0,0,1
1,0,1,1,24.0,1,1,1,0,0,0,1,1,0,74.8,0.0,0.0,0.0,365.0,0.0,0.0,0.0,0.0,0.0,0.0,2,0,0.0,0.0,0.0,83.59,75.88333333333334,16.74,0.0,3,0,1,0,0,0,0,1
1,0,0,0,65.0,1,1,0,0,0,0,0,0,0,24.8,6.0,175.0,1.0,306.0,0.0,0.0,0.0,0.0,0.0,0.0,3,0,0.0,0.0,0.0,65.82,24.63,3.73,6.0,0,0,1,0,1,1,0,0
0,0,0,0,4.0,1,1,0,0,0,1,1,1,1,100.85,0.0,0.0,0.0,365.0,0.0,0.0,0.0,0.0,0.0,0.0,3,0,0.0,0.0,0.0,107.38,99.8125,9.31,0.0,3,2,0,1,0,0,0,1
1,1,1,0,12.0,1,1,0,1,0,0,1,1,1,101.35,0.0,0.0,0.0,365.0,0.0,0.0,0.0,0.0,0.0,0.0,2,0,0.0,0.0,0.0,106.8,101.54583333333333,9.81,0.0,3,1,0,1,0,0,1,0
1,0,0,0,1.0,1,1,1,0,0,0,0,0,1,81.7,0.0,0.0,0.0,365.0,0.0,0.0,0.0,0.0,0.0,0.0,3,0,0.0,0.0,0.0,65.68,81.7,-9.84,0.0,1,2,0,1,0,0,1,0
1,0,0,0,33.0,1,0,0,0,0,0,0,0,0,68.25,0.0,0.0,0.0,365.0,0.0,0.0,0.0,0.0,0.0,0.0,1,0,0.0,0.0,0.0,41.24,65.79242424242425,-23.29,0.0,0,1,0,1,0,0,1,0
0,0,0,0,34.0,1,0,0,1,1,1,1,1,1,105.1,3.0,103.0,1.0,226.0,1.0,3.8,3.8,0.0,1.0,0.0,3,0,0.0,0.0,0.0,36.61,106.90588235294118,13.56,3.0,5,1,0,1,0,0,1,0
0,0,1,0,14.0,1,0,0,0,0,0,0,0,0,20.4,0.0,0.0,0.0,365.0,0.0,0.0,0.0,0.0,0.0,0.0,1,0,0.0,0.0,0.0,117.14,20.885714285714283,-0.67,0.0,0,0,2,0,1,0,0,1
0,0,0,0,12.0,1,0,0,0,0,0,0,1,1,79.15,0.0,0.0,0.0,365.0,0.0,0.0,0.0,0.0,0.0,0.0,2,1,0.5,6.56,13.11,30.38,26.4375,-12.39,0.0,1,2,0,1,0,0,1,0
1,0,1,1,13.0,1,0,0,0,0,0,0,0,0,20.0,3.0,169.0,1.0,280.0,0.0,0.0,0.0,0.0,0.0,0.0,2,2,1.0,12.62,16.27,112.28,16.81153846153846,-1.07,3.0,0,1,1,0,1,0,0,1
0,0,1,1,65.0,1,1,0,1,0,1,1,1,1,79.4,4.0,270.0,1.0,280.0,0.0,0.0,0.0,0.0,0.0,0.0,2,0,0.0,0.0,0.0,52.68,78.02923076923076,21.34,4.0,4,0,2,0,0,0,0,0
1,0,1,1,23.0,1,0,1,0,0,1,0,0,0,57.2,9.0,202.0,2.0,354.0,0.0,0.0,0.0,0.0,0.0,0.0,3,0,0.0,0.0,0.0,54.57,61.88478260869565,-0.86,4.5,2,0,1,0,0,1,0,0
1,0,1,0,55.0,1,0,1,1,1,0,0,0,0,58.6,0.0,0.0,0.0,365.0,0.0,0.0,0.0,0.0,0.0,0.0,1,0,0.0,0.0,0.0,46.16,55.79272727272727,0.54,0.0,3,0,2,0,0,0,1,0
1,0,1,0,49.0,1,0,0,1,0,0,1,1,1,94.8,5.0,211.0,1.0,160.0,0.0,0.0,0.0,0.0,0.0,0.0,1,0,0.0,0.0,0.0,114.92,95.72755102040816,3.26,5.0,3,0,2,1,0,0,1,0
1,0,1,0,60.0,1,1,0,1,1,0,1,1,0,102.5,0.0,0.0,0.0,365.0,0.0,0.0,0.0,0.0,0.0,0.0,1,1,1.0,6.9,6.9,23.13,102.62666666666668,10.96,0.0,4,1,1,1,0,0,0,0
0,0,1,1,69.0,1,0,0,0,0,0,0,0,1,20.35,0.0,0.0,0.0,365.0,0.0,0.0,0.0,0.0,0.0,0.0,3,0,0.0,0.0,0.0,67.43,20.907971014492755,-0.72,0.0,0,0,1,0,1,1,0,0
1,0,0,0,40.0,1,1,0,0,0,0,1,0,1,84.9,0.0,0.0,0.0,365.0,0.0,0.0,0.0,0.0,0.0,0.0,2,0,0.0,0.0,0.0,63.6,84.22625000000001,-6.64,0.0,1,1,0,1,0,0,1,0
1,0,1,0,64.0,1,0,1,1,0,1,0,1,1,69.2,0.0,0.0,0.0,365.0,0.0,0.0,0.0,0.0,0.0,0.0,2,0,0.0,0.0,0.0,94.16,72.99453125,11.14,0.0,4,0,2,0,0,1,0,0
1,1,0,0,35.0,1,1,0,0,0,0,1,1,1,95.45,0.0,0.0,0.0,365.0,0.0,0.0,0.0,0.0,0.0,0.0,3,0,0.0,0.0,0.0,89.21,99.25857142857143,3.91,0.0,2,1,0,1,0,0,1,0
1,0,1,1,19.0,1,1,0,0,0,1,1,1,1,100.95,1.0,174.0,1.0,297.0,1.0,51.7,51.7,0.0,0.0,0.0,3,1,0.33,1.49,4.46,42.97,98.71315789473684,9.41,1.0,3,1,1,1,0,0,1,0
0,0,1,1,13.0,1,0,0,0,0,0,0,0,0,20.85,3.0,190.0,1.0,224.0,0.0,0.0,0.0,0.0,0.0,0.0,3,0,0.0,0.0,0.0,56.4,20.950000000000003,-0.22,3.0,0,0,2,0,1,0,0,1
0,0,0,1,12.0,1,1,0,1,0,0,1,0,1,88.5,0.0,0.0,0.0,365.0,0.0,0.0,0.0,0.0,0.0,0.0,1,1,1.0,25.97,25.97,86.78,303.75416666666666,-3.04,0.0,2,2,0,1,0,0,0,0
0,0,0,0,4.0,0,0,1,0,1,0,0,0,0,35.0,24.0,148.75,4.0,22.0,0.0,0.0,0.0,0.0,0.0,0.0,3,0,0.0,0.0,0.0,75.22,33.9375,-23.06,6.0,2,2,0,0,0,0,0,1
0,0,1,1,24.0,1,0,1,0,0,1,0,0,0,55.15,3.0,180.0,1.0,15.0,1.0,69.9,69.9,0.0,1.0,0.0,2,1,0.5,13.98,27.95,70.54,54.99375,-2.91,3.0,2,2,0,0,0,0,1,0
0,0,0,0,5.0,0,0,0,1,0,0,1,1,1,50.95,0.0,0.0,0.0,365.0,0.0,0.0,0.0,0.0,0.0,0.0,3,0,0.0,0.0,0.0,86.53,45.88,-7.11,0.0,3,2,0,0,0,1,0,0
0,0,0,0,5.0,1,1,0,1,0,0,0,1,1,64.0,4.0,78.0,1.0,171.0,0.0,0.0,0.0,0.0,0.0,0.0,3,0,0.0,0.0,0.0,76.92,74.05,5.94,4.0,2,2,0,0,0,0,1,0
0,0,1,1,1.0,1,0,0,0,0,0,0,0,1,69.1,0.0,0.0,0.0,365.0,0.0,0.0,0.0,0.0,0.0,0.0,3,0,0.0,0.0,0.0,72.0,69.1,-22.44,0.0,0,2,0,1,0,0,0,1
0,0,1,1,64.0,1,1,1,1,1,1,1,0,0,80.2,0.0,0.0,0.0,365.0,0.0,0.0,0.0,0.0,0.0,0.0,3,1,0.33,10.8,32.4,76.69,89.284375,22.14,0.0,5,1,2,0,0,0,0,0
0,0,0,0,24.0,1,0,0,0,1,0,0,0,1,49.3,4.0,263.0,1.0,139.0,0.0,0.0,0.0,0.0,0.0,0.0,1,0,0.0,0.0,0.0,76.3,51.385416666666664,-8.76,4.0,1,1,0,0,0,1,0,0
0,0,1,0,42.0,1,1,1,0,1,1,1,1,0,84.35,4.0,111.0,1.0,136.0,0.0,0.0,0.0,0.0,0.0,0.0,3,1,0.33,1.76,5.28,64.79,85.03809523809524,26.29,4.0,5,1,2,0,0,1,0,0
0,0,0,0,4.0,1,0,0,0,0,0,0,0,0,20.05,0.0,0.0,0.0,365.0,0.0,0.0,0.0,0.0,0.0,0.0,2,0,0.0,0.0,0.0,79.01,20.825,-1.02,0.0,0,2,0,0,1,0,0,1
1,0,0,0,44.0,1,1,1,1,1,1,1,1,1,117.2,7.0,290.0,1.0,109.0,0.0,0.0,0.0,0.0,0.0,0.0,1,0,0.0,0.0,0.0,23.09,182.63522727272726,25.66,7.0,6,0,1,1,0,1,0,0
0,0,1,1,33.0,1,0,0,0,0,0,0,0,0,20.1,0.0,0.0,0.0,365.0,0.0,0.0,0.0,0.0,0.0,0.0,2,0,0.0,0.0,0.0,78.29,17.55757575757576,-0.97,0.0,0,0,1,0,1,0,0,1
0,1,0,0,1.0,1,0,0,0,0,0,0,0,1,69.6,0.0,0.0,0.0,365.0,0.0,0.0,0.0,0.0,0.0,0.0,1,0,0.0,0.0,0.0,75.07,69.6,-21.94,0.0,0,2,0,1,0,0,1,0
1,0,0,0,31.0,1,1,0,1,1,0,1,1,1,103.45,2.0,162.0,1.0,259.0,0.0,0.0,0.0,0.0,0.0,0.0,2,1,0.5,6.1,12.21,53.78,98.91774193548386,11.91,2.0,4,1,1,1,0,0,1,0
0,0,0,0,4.0,1,1,0,1,0,0,0,0,0,77.95,0.0,0.0,0.0,365.0,1.0,74.9,74.9,0.0,1.0,0.0,1,1,1.0,49.5,49.5,108.5,76.3875,-13.59,0.0,1,3,0,1,0,0,0,0
1,1,1,0,69.0,1,1,0,1,1,1,1,1,1,109.95,0.0,0.0,0.0,365.0,0.0,0.0,0.0,0.0,0.0,0.0,2,1,0.5,12.09,24.18,88.53,110.6413043478261,18.41,0.0,5,1,2,1,0,0,1,0
1,1,0,0,38.0,1,1,0,0,0,0,1,1,0,94.75,0.0,0.0,0.0,365.0,0.0,0.0,0.0,0.0,0.0,0.0,3,0,0.0,0.0,0.0,81.45,96.13157894736842,3.21,0.0,2,1,0,1,0,0,1,0
0,0,1,1,3.0,1,0,0,1,0,1,0,0,1,80.0,0.0,0.0,0.0,365.0,0.0,0.0,0.0,0.0,0.0,0.0,2,0,0.0,0.0,0.0,89.2,80.43333333333334,-11.54,0.0,2,2,0,1,0,0,1,0
0,0,1,1,48.0,1,1,0,1,0,1,1,1,0,79.65,0.0,0.0,0.0,365.0,0.0,0.0,0.0,0.0,0.0,0.0,2,0,0.0,0.0,0.0,106.82,80.63125000000001,21.59,0.0,4,0,2,0,0,0,1,0
0,0,1,0,15.0,1,1,0,0,0,0,0,0,0,25.2,0.0,0.0,0.0,365.0,0.0,0.0,0.0,0.0,0.0,0.0,2,0,0.0,0.0,0.0,62.32,25.86,4.13,0.0,0,0,2,0,1,0,0,1
0,0,0,0,25.0,1,0,0,0,0,0,0,0,0,19.9,6.0,18.0,1.0,234.0,0.0,0.0,0.0,0.0,0.0,0.0,1,0,0.0,0.0,0.0,109.95,21.1,-1.17,6.0,0,0,1,0,1,1,0,0
0,1,0,0,1.0,1,0,0,0,0,0,1,0,0,78.45,4.0,217.0,1.0,182.0,0.0,0.0,0.0,0.0,0.0,0.0,2,0,0.0,0.0,0.0,61.58,78.45,-13.09,4.0,1,2,0,1,0,0,1,0
0,0,0,0,48.0,0,0,1,1,0,0,1,0,1,44.8,0.0,0.0,0.0,365.0,0.0,0.0,0.0,0.0,0.0,0.0,2,0,0.0,0.0,0.0,36.26,43.84479166666667,-13.26,0.0,3,1,0,0,0,0,1,0
1,0,0,0,1.0,1,0,0,0,0,0,0,0,0,20.3,0.0,0.0,0.0,365.0,0.0,0.0,0.0,0.0,0.0,0.0,3,0,0.0,0.0,0.0,79.81,20.3,-0.77,0.0,0,2,0,0,1,0,0,1
1,0,0,0,1.0,1,0,0,0,0,0,0,0,0,19.2,9.0,217.0,1.0,361.0,0.0,0.0,0.0,0.0,0.0,0.0,2,0,0.0,0.0,0.0,95.9,19.2,-1.87,9.0,0,2,0,0,1,0,1,0
0,0,0,0,37.0,1,0,0,1,1,0,0,0,0,80.05,0.0,0.0,0.0,365.0,1.0,46.2,46.2,1.0,0.0,1.0,2,1,0.5,8.26,16.52,79.28,81.59729729729729,-11.49,0.0,2,1,1,1,0,0,1,0
1,1,1,0,66.0,1,1,0,1,1,1,1,1,1,107.35,5.0,97.0,1.0,131.0,1.0,6.4,6.4,1.0,0.0,1.0,2,1,0.5,10.38,20.75,81.48,106.84772727272727,15.81,5.0,5,1,1,1,0,0,0,0
0,0,1,0,26.0,0,0,1,1,1,0,1,0,0,56.15,0.0,0.0,0.0,365.0,0.0,0.0,0.0,0.0,0.0,0.0,2,1,0.5,3.36,6.73,85.8,45.78846153846154,-1.91,0.0,4,1,1,0,0,0,0,0
1,0,1,0,63.0,1,0,1,1,0,1,1,0,0,70.8,0.0,0.0,0.0,365.0,1.0,38.6,38.6,0.0,0.0,0.0,1,0,0.0,0.0,0.0,39.99,70.61587301587302,12.74,0.0,4,0,1,0,0,1,0,0
1,0,0,0,10.0,0,0,0,0,1,0,0,0,0,29.5,0.0,0.0,0.0,365.0,1.0,18.5,18.5,1.0,0.0,1.0,3,2,0.67,32.75,49.93,95.29,25.525,-28.56,0.0,1,3,0,0,0,0,0,1
0,0,0,0,12.0,1,0,1,0,0,0,1,1,1,70.75,0.0,0.0,0.0,365.0,0.0,0.0,0.0,0.0,0.0,0.0,2,1,0.5,11.42,22.84,60.5,12.241666666666667,12.69,0.0,3,2,0,0,0,0,1,0
1,1,1,0,18.0,1,0,1,0,0,0,0,1,1,59.1,4.0,298.0,1.0,264.0,0.0,0.0,0.0,0.0,0.0,0.0,2,0,0.0,0.0,0.0,83.81,56.169444444444444,1.04,4.0,2,1,0,0,0,1,0,0
0,0,1,0,64.0,1,1,0,0,0,0,0,0,0,25.55,0.0,0.0,0.0,365.0,0.0,0.0,0.0,0.0,0.0,0.0,1,0,0.0,0.0,0.0,117.79,26.79609375,4.48,0.0,0,0,2,0,1,0,0,1
0,1,0,0,9.0,1,1,0,0,0,0,0,1,1,84.45,5.0,244.0,1.0,362.0,0.0,0.0,0.0,0.0,0.0,0.0,3,1,0.33,10.26,30.79,70.96,84.72222222222223,-7.09,5.0,1,3,0,1,0,0,1,0
0,0,0,1,28.0,1,0,0,0,0,0,0,0,0,20.25,5.0,293.0,1.0,284.0,0.0,0.0,0.0,0.0,0.0,0.0,3,1,0.33,9.83,29.5,73.88,19.119642857142857,-0.82,5.0,0,2,0,0,1,0,0,1
0,0,0,0,1.0,1,0,0,0,1,0,0,0,0,75.55,7.0,278.0,1.0,199.0,0.0,0.0,0.0,0.0,0.0,0.0,1,0,0.0,0.0,0.0,117.28,75.55,-15.99,7.0,1,2,0,1,0,0,1,0
1,0,0,0,4.0,1,1,0,0,0,0,0,1,1,85.65,0.0,0.0,0.0,365.0,0.0,0.0,0.0,0.0,0.0,0.0,2,0,0.0,0.0,0.0,54.79,84.725,-5.89,0.0,1,2,0,1,0,0,1,0
1,1,0,0,38.0,1,0,0,1,1,1,1,0,1,70.15,0.0,0.0,0.0,365.0,0.0,0.0,0.0,0.0,0.0,0.0,2,0,0.0,0.0,0.0,93.6,65.71973684210526,12.09,0.0,4,0,1,0,0,1,0,0
1,0,1,0,66.0,1,1,0,1,1,0,0,1,0,95.3,0.0,0.0,0.0,365.0,0.0,0.0,0.0,0.0,0.0,0.0,3,2,0.67,6.17,10.38,52.28,95.05151515151515,3.76,0.0,3,1,1,1,0,0,1,0
0,0,0,0,12.0,1,0,0,0,0,0,0,0,1,70.25,3.0,113.0,1.0,140.0,0.0,0.0,0.0,0.0,0.0,0.0,2,0,0.0,0.0,0.0,75.68,5.854166666666667,-21.29,3.0,0,1,0,1,0,0,1,0
0,0,1,0,18.0,1,0,0,0,0,1,0,0,1,50.3,0.0,0.0,0.0,365.0,0.0,0.0,0.0,0.0,0.0,0.0,3,1,0.33,2.39,7.16,34.59,50.486111111111114,-7.76,0.0,1,2,0,0,0,0,0,1
1,1,0,0,51.0,1,1,0,0,1,0,1,1,1,97.8,5.0,54.0,1.0,267.0,0.0,0.0,0.0,0.0,0.0,0.0,3,1,0.33,2.03,6.09,80.76,96.33921568627451,6.26,5.0,3,2,0,1,0,0,1,0
1,0,1,1,0.0,1,0,0,0,0,0,0,0,0,19.85,0.0,0.0,0.0,365.0,1.0,20.3,20.3,1.0,0.0,1.0,1,0,0.0,0.0,0.0,108.45,19.85,-1.22,0.0,0,1,2,0,1,0,0,1
1,0,0,0,1.0,1,0,0,0,0,0,0,0,0,46.3,0.0,0.0,0.0,365.0,1.0,31.1,31.1,1.0,0.0,1.0,2,0,0.0,0.0,0.0,30.28,46.3,-11.76,0.0,0,2,0,0,0,0,0,1
1,0,0,1,12.0,1,0,0,0,0,0,0,0,0,19.35,8.0,107.0,1.0,350.0,0.0,0.0,0.0,0.0,0.0,0.0,2,1,0.5,20.34,40.69,88.2,17.691666666666666,-1.72,8.0,0,1,2,0,1,0,0,0
0,0,0,0,41.0,1,1,0,1,1,0,1,1,1,106.3,6.0,38.0,1.0,157.0,0.0,0.0,0.0,0.0,0.0,0.0,2,0,0.0,0.0,0.0,86.22,108.37682926829268,14.76,6.0,4,1,0,1,0,0,1,0
1,0,0,0,12.0,1,1,0,0,0,0,0,0,0,25.0,0.0,0.0,0.0,365.0,0.0,0.0,0.0,0.0,0.0,0.0,3,0,0.0,0.0,0.0,52.55,26.349999999999998,3.93,0.0,0,1,0,0,1,0,1,0
0,0,1,1,55.0,1,0,0,0,0,0,0,0,0,20.3,8.0,292.0,1.0,124.0,0.0,0.0,0.0,0.0,0.0,0.0,3,0,0.0,0.0,0.0,30.19,19.619090909090907,-0.77,8.0,0,0,2,0,1,0,0,1
0,0,0,0,7.0,1,1,0,0,0,0,0,0,1,75.35,3.0,296.0,1.0,193.0,0.0,0.0,0.0,0.0,0.0,0.0,1,0,0.0,0.0,0.0,75.52,80.66428571428571,-16.19,3.0,0,2,0,1,0,0,1,0
0,0,0,0,12.0,1,0,0,0,1,1,0,1,1,89.4,6.0,240.0,1.0,106.0,1.0,64.9,64.9,1.0,0.0,1.0,1,0,0.0,0.0,0.0,108.84,91.30416666666667,-2.14,6.0,3,1,0,1,0,0,1,0
0,0,1,1,68.0,1,1,1,1,1,1,1,1,0,88.0,0.0,0.0,0.0,365.0,0.0,0.0,0.0,0.0,0.0,0.0,1,0,0.0,0.0,0.0,20.51,90.61617647058823,29.94,0.0,6,0,2,0,0,1,0,0
0,1,0,0,5.0,1,1,0,0,0,0,1,0,1,83.15,5.0,16.0,1.0,76.0,0.0,0.0,0.0,0.0,0.0,0.0,2,0,0.0,0.0,0.0,50.05,89.21000000000001,-8.39,5.0,1,2,0,1,0,1,0,0
0,1,0,0,49.0,1,0,0,0,0,0,0,0,0,43.8,6.0,278.0,1.0,5.0,0.0,0.0,0.0,0.0,0.0,0.0,1,0,0.0,0.0,0.0,68.02,42.98061224489796,-14.26,6.0,0,1,0,0,0,0,0,1
1,0,0,0,40.0,0,0,1,1,1,0,1,1,0,62.05,0.0,0.0,0.0,365.0,0.0,0.0,0.0,0.0,0.0,0.0,2,0,0.0,0.0,0.0,69.47,62.78875000000001,3.99,0.0,5,0,1,0,0,1,0,0
0,0,0,0,16.0,1,0,0,0,0,0,0,0,0,20.15,0.0,0.0,0.0,365.0,0.0,0.0,0.0,0.0,0.0,0.0,2,1,0.5,4.15,8.3,110.59,19.9125,-0.92,0.0,0,1,1,0,1,0,0,0
1,0,0,0,10.0,1,1,0,0,0,0,0,0,1,74.15,0.0,0.0,0.0,365.0,0.0,0.0,0.0,0.0,0.0,0.0,1,0,0.0,0.0,0.0,80.86,81.17999999999999,-17.39,0.0,0,2,0,1,0,0,0,1
0,0,1,0,72.0,1,1,0,1,1,0,1,1,1,101.35,8.0,226.0,1.0,80.0,0.0,0.0,0.0,0.0,0.0,0.0,2,0,0.0,0.0,0.0,67.54,101.71041666666666,9.81,8.0,4,0,1,1,0,0,1,0
0,1,0,0,2.0,1,1,0,0,0,0,0,1,1,84.05,9.0,159.5,2.0,72.0,0.0,0.0,0.0,0.0,0.0,0.0,1,0,0.0,0.0,0.0,95.27,93.025,-7.49,4.5,1,2,0,1,0,0,1,0
1,0,1,1,23.0,1,0,0,0,0,0,0,0,0,20.9,0.0,0.0,0.0,365.0,0.0,0.0,0.0,0.0,0.0,0.0,1,0,0.0,0.0,0.0,114.06,19.73913043478261,-0.17,0.0,0,0,2,0,1,0,0,1
0,1,0,0,71.0,1,1,0,1,1,0,1,1,1,105.9,13.0,112.0,4.0,82.0,0.0,0.0,0.0,0.0,0.0,0.0,3,1,0.33,7.56,22.69,83.54,105.94295774647887,14.36,3.25,4,1,1,1,0,0,1,0
0,0,1,0,11.0,1,1,0,0,1,0,1,1,1,99.5,8.0,263.0,1.0,18.0,0.0,0.0,0.0,0.0,0.0,0.0,3,0,0.0,0.0,0.0,89.81,96.08636363636364,7.96,8.0,3,2,0,1,0,0,1,0
1,0,0,0,1.0,1,0,0,0,0,0,0,0,1,44.15,0.0,0.0,0.0,365.0,0.0,0.0,0.0,0.0,0.0,0.0,3,1,0.33,5.42,16.27,98.49,44.15,-13.91,0.0,0,3,0,0,0,0,0,1
0,0,0,0,16.0,1,0,0,1,0,1,0,0,1,53.9,0.0,0.0,0.0,365.0,0.0,0.0,0.0,0.0,0.0,0.0,3,0,0.0,0.0,0.0,87.13,52.134375,-4.16,0.0,2,1,0,0,0,0,0,1
0,0,0,0,1.0,1,1,0,0,0,0,0,1,1,85.45,3.0,22.0,1.0,65.0,0.0,0.0,0.0,0.0,0.0,0.0,3,0,0.0,0.0,0.0,69.02,85.45,-6.09,3.0,1,2,0,1,0,0,0,1
1,0,1,0,12.0,1,0,0,1,0,0,0,1,1,85.05,3.0,88.0,1.0,252.0,0.0,0.0,0.0,0.0,0.0,0.0,2,1,0.5,11.96,23.93,54.16,83.31666666666666,-6.49,3.0,2,2,0,1,0,1,0,0
0,0,0,0,54.0,0,0,1,0,0,1,0,1,0,44.1,0.0,0.0,0.0,365.0,0.0,0.0,0.0,0.0,0.0,0.0,2,0,0.0,0.0,0.0,85.92,43.88333333333333,-13.96,0.0,3,0,1,0,0,0,0,0
0,0,1,0,68.0,1,1,0,1,1,1,0,0,0,90.2,5.0,274.0,1.0,58.0,1.0,3.1,3.1,1.0,0.0,1.0,2,0,0.0,0.0,0.0,104.67,92.6125,-1.34,5.0,3,0,2,1,0,1,0,0
0,0,1,1,4.0,1,1,0,0,0,0,0,0,0,56.15,0.0,0.0,0.0,365.0,1.0,52.7,52.7,0.0,0.0,0.0,1,0,0.0,0.0,0.0,20.38,59.8875,-1.91,0.0,0,2,0,0,0,0,0,1
0,0,0,1,1.0,1,0,0,0,1,0,0,1,0,59.2,0.0,0.0,0.0,365.0,0.0,0.0,0.0,0.0,0.0,0.0,1,0,0.0,0.0,0.0,72.45,59.2,1.14,0.0,2,2,0,0,0,0,1,0
1,0,0,0,27.0,1,0,1,0,0,1,0,0,0,53.45,3.0,252.0,1.0,349.0,0.0,0.0,0.0,0.0,0.0,0.0,3,0,0.0,0.0,0.0,85.09,54.12777777777778,-4.61,3.0,2,1,0,0,0,0,0,1
1,0,0,0,21.0,1,0,0,0,0,0,0,0,1,19.95,0.0,0.0,0.0,365.0,0.0,0.0,0.0,0.0,0.0,0.0,1,0,0.0,0.0,0.0,84.72,19.82857142857143,-1.12,0.0,0,1,0,0,1,0,0,1
1,0,0,0,12.0,1,0,0,0,1,0,1,0,1,83.2,8.0,71.0,1.0,14.0,0.0,0.0,0.0,0.0,0.0,0.0,3,1,0.33,13.72,41.15,68.04,88.38333333333333,-8.34,8.0,2,2,0,1,0,0,1,0
0,1,0,0,64.0,1,1,0,1,1,1,0,1,0,74.65,0.0,0.0,0.0,365.0,1.0,13.6,13.6,1.0,0.0,1.0,3,0,0.0,0.0,0.0,61.65,76.08359375,16.59,0.0,4,1,0,0,0,1,0,0
0,0,0,0,1.0,1,0,1,1,0,0,0,0,1,54.9,0.0,0.0,0.0,365.0,0.0,0.0,0.0,0.0,0.0,0.0,2,0,0.0,0.0,0.0,77.54,54.9,-3.16,0.0,2,2,0,0,0,0,1,0
1,0,1,0,57.0,0,0,0,1,1,1,1,1,1,57.5,0.0,0.0,0.0,365.0,0.0,0.0,0.0,0.0,0.0,0.0,1,0,0.0,0.0,0.0,51.69,57.29736842105263,-0.56,0.0,5,0,2,0,0,0,0,0
0,0,1,0,21.0,1,1,1,0,1,0,1,1,1,103.9,0.0,0.0,0.0,365.0,0.0,0.0,0.0,0.0,0.0,0.0,2,1,0.5,8.12,16.24,63.24,107.34285714285713,12.36,0.0,4,2,0,1,0,0,1,0
1,0,0,0,19.0,1,0,0,0,0,0,0,0,0,19.65,0.0,0.0,0.0,365.0,0.0,0.0,0.0,0.0,0.0,0.0,2,0,0.0,0.0,0.0,72.0,18.849999999999998,-1.42,0.0,0,0,2,0,1,0,0,1
1,0,1,0,31.0,1,0,0,0,1,0,1,1,1,93.8,0.0,0.0,0.0,365.0,0.0,0.0,0.0,0.0,0.0,0.0,3,0,0.0,0.0,0.0,77.08,94.83225806451614,2.26,0.0,3,0,1,1,0,0,1,0
1,0,0,0,52.0,1,1,1,1,1,1,1,1,1,89.25,0.0,0.0,0.0,365.0,0.0,0.0,0.0,0.0,0.0,0.0,3,0,0.0,0.0,0.0,92.16,89.46923076923076,31.19,0.0,6,0,2,0,0,0,0,1
0,0,0,0,46.0,1,1,0,1,1,0,0,1,1,94.15,0.0,0.0,0.0,365.0,0.0,0.0,0.0,0.0,0.0,0.0,1,1,1.0,30.71,30.71,68.37,95.8358695652174,2.61,0.0,3,1,1,1,0,0,1,0
0,1,0,0,11.0,1,1,1,0,0,0,0,0,1,55.6,11.0,169.0,2.0,250.0,0.0,0.0,0.0,0.0,0.0,0.0,1,0,0.0,0.0,0.0,37.68,52.8,-2.46,5.5,1,2,0,0,0,0,1,0
0,0,1,1,53.0,0,0,1,1,1,0,0,1,1,48.7,11.0,103.0,2.0,190.0,0.0,0.0,0.0,0.0,0.0,0.0,2,1,0.5,3.62,7.24,60.47,47.079245283018864,-9.36,5.5,4,2,0,0,0,0,0,0
0,0,1,1,11.0,1,0,0,0,0,0,0,0,1,19.25,7.0,27.0,1.0,6.0,0.0,0.0,0.0,0.0,0.0,0.0,3,0,0.0,0.0,0.0,52.3,16.39090909090909,-1.82,7.0,0,2,0,0,1,0,0,1
1,1,0,0,57.0,1,1,0,1,0,1,1,1,1,104.9,0.0,0.0,0.0,365.0,1.0,4.3,4.3,0.0,1.0,0.0,3,2,0.67,10.14,20.69,65.55,103.75350877192982,13.36,0.0,4,2,0,1,0,0,0,0
0,1,0,0,2.0,1,1,0,0,0,0,0,0,1,75.45,0.0,0.0,0.0,365.0,0.0,0.0,0.0,0.0,0.0,0.0,2,2,1.0,30.82,32.43,72.01,79.2,-16.09,0.0,0,3,0,1,0,0,0,1
0,1,0,0,2.0,1,0,1,1,0,0,0,0,0,54.85,7.0,223.0,1.0,265.0,0.0,0.0,0.0,0.0,0.0,0.0,2,0,0.0,0.0,0.0,76.47,52.1,-3.21,7.0,2,2,0,0,0,0,0,1
0,0,1,1,71.0,1,0,0,0,0,0,0,0,0,19.9,0.0,0.0,0.0,365.0,0.0,0.0,0.0,0.0,0.0,0.0,1,0,0.0,0.0,0.0,25.37,19.56830985915493,-1.17,0.0,0,0,2,0,1,0,0,0
0,0,1,1,1.0,1,0,0,0,0,0,0,0,1,19.4,3.0,238.0,1.0,201.0,1.0,16.1,16.1,0.0,0.0,0.0,3,0,0.0,0.0,0.0,80.02,19.4,-1.67,3.0,0,2,0,0,1,0,0,1
1,0,1,0,68.0,1,1,0,0,0,0,0,0,0,25.05,0.0,0.0,0.0,365.0,0.0,0.0,0.0,0.0,0.0,0.0,3,0,0.0,0.0,0.0,46.7,23.958823529411767,3.98,0.0,0,0,2,0,1,1,0,0
1,0,1,0,72.0,1,0,1,1,1,1,1,1,0,84.45,0.0,0.0,0.0,365.0,0.0,0.0,0.0,0.0,0.0,0.0,1,0,0.0,0.0,0.0,66.5,83.79305555555555,26.39,0.0,6,0,2,0,0,0,0,1
0,0,0,0,2.0,1,0,0,0,0,0,0,0,0,19.3,0.0,0.0,0.0,365.0,2.0,32.1,37.2,2.0,0.0,1.0,2,2,1.0,13.4,15.72,45.92,22.2,-1.77,0.0,0,3,0,0,1,0,0,1
1,1,1,0,1.0,1,1,0,0,0,0,1,1,1,95.1,0.0,0.0,0.0,365.0,0.0,0.0,0.0,0.0,0.0,0.0,1,0,0.0,0.0,0.0,110.65,95.1,3.56,0.0,2,2,0,1,0,0,1,0
0,0,0,0,44.0,1,0,1,0,1,1,1,1,1,79.85,10.0,173.0,1.0,297.0,2.0,5.75,5.9,1.0,1.0,0.5,3,1,0.33,4.17,12.51,67.51,75.4715909090909,21.79,10.0,5,1,1,0,0,0,0,0
1,0,1,1,72.0,1,1,0,0,0,0,0,0,0,25.55,0.0,0.0,0.0,365.0,0.0,0.0,0.0,0.0,0.0,0.0,1,1,1.0,2.62,2.62,37.08,25.94027777777778,4.48,0.0,0,1,2,0,1,1,0,0
1,0,1,0,6.0,1,1,0,0,0,0,0,0,1,75.5,0.0,0.0,0.0,365.0,0.0,0.0,0.0,0.0,0.0,0.0,1,0,0.0,0.0,0.0,59.55,73.0,-16.04,0.0,0,2,0,1,0,0,1,0
0,0,1,1,4.0,1,0,0,0,1,0,0,0,1,73.75,5.0,129.0,1.0,325.0,0.0,0.0,0.0,0.0,0.0,0.0,3,0,0.0,0.0,0.0,71.21,81.3625,-17.79,5.0,1,2,0,1,0,0,1,0
1,0,0,0,12.0,1,1,0,0,0,0,1,1,1,96.05,0.0,0.0,0.0,365.0,0.0,0.0,0.0,0.0,0.0,0.0,3,0,0.0,0.0,0.0,31.37,95.675,4.51,0.0,2,1,0,1,0,0,1,0
0,0,1,0,58.0,1,1,1,0,0,1,0,1,1,68.4,0.0,0.0,0.0,365.0,0.0,0.0,0.0,0.0,0.0,0.0,3,2,0.67,18.23,34.05,73.24,68.48706896551724,10.34,0.0,3,1,1,0,0,0,1,0
0,0,0,0,7.0,1,0,0,0,0,0,0,0,0,20.65,2.0,159.0,1.0,52.0,0.0,0.0,0.0,0.0,0.0,0.0,2,1,0.5,9.46,18.93,51.07,22.271428571428572,-0.42,2.0,0,3,0,0,1,0,0,1
0,0,1,0,65.0,1,0,1,0,1,0,0,0,1,55.15,0.0,0.0,0.0,365.0,0.0,0.0,0.0,0.0,0.0,0.0,3,0,0.0,0.0,0.0,44.39,56.51,-2.91,0.0,2,1,0,0,0,0,0,1
1,0,0,0,1.0,1,0,0,0,0,0,0,0,1,91.75,0.0,0.0,0.0,365.0,0.0,0.0,0.0,0.0,0.0,0.0,1,0,0.0,0.0,0.0,96.05,70.6,0.21,0.0,0,2,0,1,0,0,0,1
1,0,1,0,56.0,1,0,0,0,0,0,0,0,0,19.95,11.0,236.0,1.0,199.0,0.0,0.0,0.0,0.0,0.0,0.0,3,0,0.0,0.0,0.0,73.67,20.120535714285715,-1.12,11.0,0,0,1,0,1,1,0,0
1,0,0,0,4.0,1,0,0,0,0,0,0,0,0,19.0,0.0,0.0,0.0,365.0,1.0,31.4,31.4,0.0,1.0,0.0,2,0,0.0,0.0,0.0,88.82,18.3625,-2.07,0.0,0,2,0,0,1,0,0,1
0,0,1,1,58.0,1,0,0,0,0,0,0,0,1,44.1,5.0,262.0,1.0,327.0,0.0,0.0,0.0,0.0,0.0,0.0,3,0,0.0,0.0,0.0,78.65,41.60431034482759,-13.96,5.0,0,0,1,0,0,0,0,1
1,0,1,0,62.0,1,1,0,0,1,1,1,1,1,107.6,6.0,159.0,1.0,64.0,1.0,23.5,23.5,1.0,0.0,1.0,2,1,0.5,14.67,29.34,109.43,111.49516129032257,16.06,6.0,4,1,2,1,0,0,0,0
1,0,0,0,26.0,1,1,1,1,0,0,0,0,0,61.55,0.0,0.0,0.0,365.0,0.0,0.0,0.0,0.0,0.0,0.0,3,0,0.0,0.0,0.0,26.78,60.84423076923077,3.49,0.0,2,0,1,0,0,0,1,0
1,0,0,0,62.0,1,1,1,1,1,0,0,0,0,90.7,6.0,134.0,1.0,25.0,0.0,0.0,0.0,0.0,0.0,0.0,3,1,0.33,13.08,39.23,110.08,90.1040322580645,-0.84,6.0,3,2,0,1,0,0,0,0
0,0,1,1,58.0,1,0,1,1,0,0,1,1,0,99.25,0.0,0.0,0.0,365.0,0.0,0.0,0.0,0.0,0.0,0.0,1,0,0.0,0.0,0.0,33.87,100.80431034482758,7.71,0.0,4,0,1,1,0,1,0,0
0,0,1,0,68.0,1,1,1,1,1,1,1,1,1,91.7,9.0,96.0,1.0,59.0,1.0,5.3,5.3,0.0,1.0,0.0,1,0,0.0,0.0,0.0,96.08,94.48088235294118,33.64,9.0,6,0,2,0,0,0,1,0
0,0,1,1,61.0,1,1,1,1,1,0,0,1,1,100.7,0.0,0.0,0.0,365.0,1.0,18.9,18.9,0.0,0.0,0.0,3,0,0.0,0.0,0.0,75.38,98.66639344262295,9.16,0.0,4,0,1,1,0,1,0,0
0,0,0,0,64.0,1,1,0,0,1,1,1,1,1,78.45,0.0,0.0,0.0,365.0,1.0,3.4,3.4,1.0,0.0,1.0,2,0,0.0,0.0,0.0,65.01,52.709375,20.39,0.0,4,0,2,0,0,1,0,0
1,0,0,0,18.0,1,1,0,0,0,0,1,0,0,84.3,0.0,0.0,0.0,365.0,0.0,0.0,0.0,0.0,0.0,0.0,1,0,0.0,0.0,0.0,79.5,85.4388888888889,-7.24,0.0,1,1,0,1,0,0,0,0
0,0,0,0,56.0,1,0,0,0,0,0,0,0,1,19.55,0.0,0.0,0.0,365.0,1.0,35.4,35.4,1.0,0.0,1.0,2,0,0.0,0.0,0.0,62.0,19.295535714285712,-1.52,0.0,0,0,2,0,1,0,0,0
0,0,0,0,4.0,1,1,0,1,0,0,0,1,1,88.95,0.0,0.0,0.0,365.0,1.0,15.0,15.0,1.0,0.0,1.0,3,1,0.33,4.9,14.7,84.66,88.8,-2.59,0.0,2,3,0,1,0,0,1,0
0,0,0,0,4.0,1,0,0,0,0,0,0,0,0,20.45,0.0,0.0,0.0,365.0,0.0,0.0,0.0,0.0,0.0,0.0,3,0,0.0,0.0,0.0,87.67,20.7125,-0.62,0.0,0,2,0,0,1,1,0,0
0,0,0,1,35.0,1,0,1,1,0,0,0,0,0,56.15,0.0,0.0,0.0,365.0,0.0,0.0,0.0,0.0,0.0,0.0,2,1,0.5,3.7,7.4,58.62,57.612857142857145,-1.91,0.0,2,1,1,0,0,1,0,0
0,0,1,1,64.0,1,1,1,0,0,1,0,0,1,86.8,0.0,0.0,0.0,365.0,0.0,0.0,0.0,0.0,0.0,0.0,3,1,0.33,7.07,21.22,71.64,83.23828125,-4.74,0.0,2,2,0,1,0,0,0,0
0,0,0,0,44.0,1,0,0,0,0,0,0,0,0,20.95,0.0,0.0,0.0,365.0,0.0,0.0,0.0,0.0,0.0,0.0,1,0,0.0,0.0,0.0,66.7,15.528409090909092,-0.12,0.0,0,0,1,0,1,0,0,1
0,1,1,0,67.0,1,0,0,0,0,0,0,0,1,20.05,0.0,0.0,0.0,365.0,0.0,0.0,0.0,0.0,0.0,0.0,2,1,0.5,13.32,26.64,96.58,18.851492537313433,-1.02,0.0,0,1,2,0,1,0,0,0
0,0,0,0,4.0,1,0,0,1,0,0,0,0,0,50.7,5.0,60.0,1.0,191.0,0.0,0.0,0.0,0.0,0.0,0.0,1,0,0.0,0.0,0.0,93.2,37.825,-7.36,5.0,1,2,0,0,0,1,0,0
0,1,1,0,70.0,1,1,1,1,1,1,1,1,1,113.65,0.0,0.0,0.0,365.0,0.0,0.0,0.0,0.0,0.0,0.0,1,0,0.0,0.0,0.0,108.81,110.20928571428571,22.11,0.0,6,0,2,1,0,0,1,0
1,0,0,0,3.0,1,0,0,0,0,0,1,0,0,53.4,0.0,0.0,0.0,365.0,0.0,0.0,0.0,0.0,0.0,0.0,2,1,0.5,6.92,13.84,68.08,62.9,-4.66,0.0,1,3,0,0,0,1,0,0
1,1,1,0,53.0,1,1,0,1,0,0,1,1,1,101.9,18.0,193.0,3.0,120.0,0.0,0.0,0.0,0.0,0.0,0.0,2,0,0.0,0.0,0.0,65.12,104.70566037735848,10.36,6.0,3,1,0,1,0,0,1,0
1,0,1,1,64.0,1,0,1,1,0,1,0,0,0,59.5,2.0,194.0,1.0,337.0,0.0,0.0,0.0,0.0,0.0,0.0,1,0,0.0,0.0,0.0,53.59,2.0390625,1.44,2.0,3,0,2,0,0,0,0,1
0,0,1,1,29.0,1,0,0,0,0,0,1,1,1,87.8,0.0,0.0,0.0,365.0,0.0,0.0,0.0,0.0,0.0,0.0,1,0,0.0,0.0,0.0,95.27,90.40517241379311,-3.74,0.0,2,1,0,1,0,1,0,0
0,0,0,0,47.0,0,0,1,0,1,1,0,0,0,41.9,0.0,0.0,0.0,365.0,0.0,0.0,0.0,0.0,0.0,0.0,1,1,1.0,28.26,28.26,93.56,39.898936170212764,-16.16,0.0,3,1,2,0,0,0,0,1
0,0,1,1,68.0,1,1,0,0,0,0,1,0,1,83.0,0.0,0.0,0.0,365.0,0.0,0.0,0.0,0.0,0.0,0.0,1,1,1.0,9.51,9.51,42.94,83.61470588235295,-8.54,0.0,1,1,1,1,0,0,1,0
1,0,0,1,12.0,1,0,1,0,0,0,1,1,1,69.85,9.0,177.0,1.0,48.0,0.0,0.0,0.0,0.0,0.0,0.0,3,0,0.0,0.0,0.0,50.7,69.79166666666667,11.79,9.0,3,1,0,0,0,0,0,1
0,0,1,1,8.0,1,0,0,1,0,1,0,0,0,56.3,0.0,0.0,0.0,365.0,1.0,24.9,24.9,1.0,0.0,1.0,3,0,0.0,0.0,0.0,57.48,50.1875,-1.76,0.0,2,2,0,0,0,0,0,0
1,0,1,0,54.0,1,1,1,1,1,0,1,1,0,91.75,1.0,113.0,1.0,325.0,0.0,0.0,0.0,0.0,0.0,0.0,1,0,0.0,0.0,0.0,113.12,113.31388888888888,0.21,1.0,5,1,0,1,0,0,1,0
1,0,1,1,69.0,1,0,0,1,0,1,1,0,1,92.15,5.0,80.0,1.0,289.0,1.0,77.4,77.4,0.0,1.0,0.0,2,0,0.0,0.0,0.0,79.84,93.92608695652173,0.61,5.0,3,0,2,1,0,0,0,1
0,0,0,0,26.0,1,1,1,1,0,0,1,0,1,69.5,11.0,192.5,2.0,49.0,0.0,0.0,0.0,0.0,0.0,0.0,1,0,0.0,0.0,0.0,26.5,69.2326923076923,11.44,5.5,3,1,0,0,0,0,0,0
0,0,1,0,72.0,1,1,1,1,1,1,0,0,1,97.0,0.0,0.0,0.0,365.0,0.0,0.0,0.0,0.0,0.0,0.0,1,0,0.0,0.0,0.0,49.03,98.66944444444444,5.46,0.0,4,0,2,1,0,0,0,0
0,0,0,0,64.0,0,0,1,0,1,1,1,1,1,58.35,9.0,47.0,1.0,27.0,1.0,11.8,11.8,0.0,0.0,0.0,2,1,0.5,10.48,20.96,61.29,65.84765625,0.29,9.0,5,1,2,0,0,0,0,0
1,0,0,1,1.0,1,0,1,0,0,0,0,0,0,50.6,13.0,68.0,2.0,326.0,0.0,0.0,0.0,0.0,0.0,0.0,3,0,0.0,0.0,0.0,75.03,50.6,-7.46,6.5,1,2,0,0,0,0,0,1
1,0,0,0,10.0,1,0,0,0,0,0,1,1,1,89.5,6.0,117.0,1.0,21.0,0.0,0.0,0.0,0.0,0.0,0.0,1,1,1.0,11.8,11.8,73.21,86.31,-2.04,6.0,2,3,0,1,0,0,1,0
0,0,1,1,44.0,1,0,0,0,0,0,0,0,1,70.4,0.0,0.0,0.0,365.0,0.0,0.0,0.0,0.0,0.0,0.0,2,0,0.0,0.0,0.0,50.18,45.27727272727273,-21.14,0.0,0,0,1,1,0,0,0,0
1,0,0,0,1.0,1,0,0,0,0,0,0,0,1,69.8,0.0,0.0,0.0,365.0,1.0,13.2,13.2,0.0,0.0,0.0,3,0,0.0,0.0,0.0,71.4,69.8,-21.74,0.0,0,2,0,1,0,0,1,0
0,0,1,0,21.0,1,1,0,0,0,0,1,1,1,91.75,0.0,0.0,0.0,365.0,0.0,0.0,0.0,0.0,0.0,0.0,2,0,0.0,0.0,0.0,28.53,92.77857142857142,0.21,0.0,2,1,0,1,0,0,1,0
1,1,1,0,51.0,1,1,1,0,1,0,1,0,1,93.8,3.0,136.0,1.0,158.0,1.0,41.9,41.9,0.0,1.0,0.0,1,0,0.0,0.0,0.0,93.46,93.15588235294118,2.26,3.0,3,1,0,1,0,0,0,0
0,0,1,1,53.0,1,0,0,0,0,0,0,0,0,19.55,14.0,148.0,2.0,5.0,0.0,0.0,0.0,0.0,0.0,0.0,3,0,0.0,0.0,0.0,58.41,19.016981132075472,-1.52,7.0,0,0,1,0,1,0,0,0
1,0,0,1,53.0,1,0,1,1,1,0,0,1,0,95.95,6.0,181.0,1.0,2.0,0.0,0.0,0.0,0.0,0.0,0.0,2,0,0.0,0.0,0.0,57.02,95.03584905660377,4.41,6.0,4,0,1,1,0,0,1,0
1,0,1,0,24.0,1,1,0,0,1,0,1,1,1,101.05,0.0,0.0,0.0,365.0,0.0,0.0,0.0,0.0,0.0,0.0,1,0,0.0,0.0,0.0,88.06,99.65833333333335,9.51,0.0,3,1,0,1,0,0,1,0
0,0,1,0,70.0,1,1,1,1,1,1,1,1,1,94.8,0.0,0.0,0.0,365.0,0.0,0.0,0.0,0.0,0.0,0.0,2,0,0.0,0.0,0.0,85.66,97.98642857142858,36.74,0.0,6,0,2,0,0,1,0,0
1,0,0,0,44.0,1,1,1,1,1,0,1,1,1,107.75,10.0,255.5,2.0,202.0,0.0,0.0,0.0,0.0,0.0,0.0,2,0,0.0,0.0,0.0,43.02,148.225,16.21,5.0,5,0,1,1,0,0,1,0
0,0,0,0,11.0,1,0,1,0,0,1,0,0,1,54.6,0.0,0.0,0.0,365.0,0.0,0.0,0.0,0.0,0.0,0.0,1,0,0.0,0.0,0.0,87.81,56.16818181818182,-3.46,0.0,2,1,1,0,0,0,0,1
1,0,0,0,2.0,1,0,0,0,0,0,0,0,1,71.3,0.0,0.0,0.0,365.0,0.0,0.0,0.0,0.0,0.0,0.0,1,0,0.0,0.0,0.0,35.69,78.875,-20.24,0.0,0,2,0,1,0,1,0,0
1,0,0,0,25.0,1,0,0,0,0,0,0,0,1,19.5,5.0,289.0,1.0,183.0,0.0,0.0,0.0,0.0,0.0,0.0,1,0,0.0,0.0,0.0,63.87,20.651999999999997,-1.57,5.0,0,0,1,0,1,0,0,0
0,0,0,0,44.0,1,1,0,1,0,0,0,0,1,56.3,2.0,60.0,1.0,286.0,0.0,0.0,0.0,0.0,0.0,0.0,3,1,0.33,7.32,21.97,81.8,53.72727272727273,-1.76,2.0,1,1,1,0,0,1,0,0
1,0,1,0,18.0,1,1,0,0,0,0,1,1,1,94.7,0.0,0.0,0.0,365.0,1.0,7.8,7.8,1.0,0.0,1.0,2,0,0.0,0.0,0.0,37.16,93.775,3.16,0.0,2,1,0,1,0,0,1,0
1,1,1,0,72.0,1,1,0,1,1,0,1,1,1,104.15,0.0,0.0,0.0,365.0,1.0,8.2,8.2,1.0,0.0,1.0,1,1,1.0,33.97,33.97,75.62,106.80486111111111,12.61,0.0,4,1,2,1,0,0,0,0
0,0,1,1,71.0,1,1,1,1,1,1,1,1,1,90.55,0.0,0.0,0.0,365.0,0.0,0.0,0.0,0.0,0.0,0.0,1,0,0.0,0.0,0.0,52.47,87.87394366197184,32.49,0.0,6,0,2,0,0,1,0,0
0,0,1,1,34.0,1,0,1,1,1,0,0,0,1,60.8,0.0,0.0,0.0,365.0,0.0,0.0,0.0,0.0,0.0,0.0,2,0,0.0,0.0,0.0,69.98,60.06029411764706,2.74,0.0,3,0,1,0,0,0,0,1
1,0,0,0,29.0,1,0,0,0,1,1,1,1,1,98.8,3.0,259.0,1.0,334.0,0.0,0.0,0.0,0.0,0.0,0.0,1,0,0.0,0.0,0.0,79.48,96.79655172413793,7.26,3.0,4,1,0,1,0,1,0,0
1,1,1,0,40.0,1,0,1,1,1,1,1,0,1,98.15,0.0,0.0,0.0,365.0,0.0,0.0,0.0,0.0,0.0,0.0,1,0,0.0,0.0,0.0,111.14,102.92,6.61,0.0,5,0,1,1,0,1,0,0
1,0,1,0,36.0,0,0,1,0,1,0,0,0,0,35.35,0.0,0.0,0.0,365.0,0.0,0.0,0.0,0.0,0.0,0.0,3,0,0.0,0.0,0.0,50.9,36.609722222222224,-22.71,0.0,2,0,1,0,0,0,0,1
0,0,1,0,46.0,1,1,0,1,0,1,1,1,1,103.15,5.0,77.0,1.0,60.0,1.0,15.7,15.7,0.0,0.0,0.0,2,1,0.5,14.84,29.68,86.78,99.8836956521739,11.61,5.0,4,1,1,1,0,0,1,0
0,0,0,0,58.0,1,1,1,1,1,0,1,1,1,107.75,0.0,0.0,0.0,365.0,1.0,17.1,17.1,1.0,0.0,1.0,3,0,0.0,0.0,0.0,70.92,109.1853448275862,16.21,0.0,5,0,1,1,0,0,1,0
1,0,0,0,39.0,1,1,0,1,0,0,0,0,0,81.4,5.0,69.0,1.0,33.0,0.0,0.0,0.0,0.0,0.0,0.0,3,0,0.0,0.0,0.0,50.92,82.40384615384616,-10.14,5.0,1,0,1,1,0,1,0,0
1,0,1,1,4.0,1,0,0,0,0,1,0,1,0,61.45,6.0,49.0,1.0,292.0,0.0,0.0,0.0,0.0,0.0,0.0,3,0,0.0,0.0,0.0,105.23,57.3875,3.39,6.0,2,2,0,0,0,1,0,0
0,0,1,1,52.0,1,1,0,1,1,0,1,0,1,95.7,0.0,0.0,0.0,365.0,1.0,17.4,17.4,1.0,0.0,1.0,1,0,0.0,0.0,0.0,23.8,95.6951923076923,4.16,0.0,3,0,1,1,0,1,0,0
1,1,1,0,70.0,1,1,0,1,1,0,1,1,1,104.8,5.0,62.0,1.0,61.0,0.0,0.0,0.0,0.0,0.0,0.0,2,1,0.5,2.72,5.45,68.81,104.41357142857143,13.26,5.0,4,1,1,1,0,0,1,0
1,1,1,0,65.0,1,0,0,0,0,0,0,0,1,70.95,0.0,0.0,0.0,365.0,0.0,0.0,0.0,0.0,0.0,0.0,2,0,0.0,0.0,0.0,84.88,70.08,-20.59,0.0,0,0,1,1,0,0,0,0
1,0,0,0,1.0,1,0,0,0,0,0,0,0,1,44.95,7.0,294.0,1.0,32.0,0.0,0.0,0.0,0.0,0.0,0.0,1,1,1.0,20.36,20.36,111.93,44.95,-13.11,7.0,0,3,0,0,0,0,0,1
0,0,1,0,70.0,1,1,0,0,1,0,1,1,1,97.65,0.0,0.0,0.0,365.0,0.0,0.0,0.0,0.0,0.0,0.0,2,0,0.0,0.0,0.0,57.09,99.75,6.11,0.0,3,0,1,1,0,0,1,0
0,1,1,1,29.0,0,0,0,1,1,0,0,0,1,35.65,8.0,172.5,2.0,222.0,0.0,0.0,0.0,0.0,0.0,0.0,3,0,0.0,0.0,0.0,65.61,35.35,-22.41,4.0,2,1,0,0,0,0,0,1
1,0,0,0,1.0,1,0,0,0,0,0,1,1,1,90.55,0.0,0.0,0.0,365.0,0.0,0.0,0.0,0.0,0.0,0.0,1,0,0.0,0.0,0.0,104.63,90.55,-0.99,0.0,2,2,0,1,0,0,1,0
0,0,0,0,67.0,1,1,1,0,1,1,1,1,1,85.25,0.0,0.0,0.0,365.0,0.0,0.0,0.0,0.0,0.0,0.0,3,0,0.0,0.0,0.0,59.83,85.2865671641791,27.19,0.0,5,0,2,0,0,0,0,1
0,0,0,0,1.0,1,0,0,0,0,0,0,0,1,19.5,10.0,138.0,2.0,33.0,1.0,10.0,10.0,0.0,1.0,0.0,3,0,0.0,0.0,0.0,84.01,19.5,-1.57,5.0,0,2,0,0,1,0,0,1
0,0,0,0,26.0,1,0,0,0,0,0,1,1,1,88.8,0.0,0.0,0.0,365.0,0.0,0.0,0.0,0.0,0.0,0.0,3,1,0.33,3.37,10.12,75.16,87.475,-2.74,0.0,2,2,0,1,0,0,0,0
0,0,1,1,30.0,1,1,0,0,0,0,0,0,1,25.1,0.0,0.0,0.0,365.0,0.0,0.0,0.0,0.0,0.0,0.0,2,1,0.5,7.74,15.47,76.6,26.31833333333333,4.03,0.0,0,1,2,0,1,0,0,1
0,0,1,0,48.0,1,0,0,0,1,1,1,1,1,100.05,0.0,0.0,0.0,365.0,1.0,11.0,11.0,1.0,0.0,1.0,1,1,1.0,12.98,12.98,32.11,100.70833333333333,8.51,0.0,4,2,0,1,0,1,0,0
0,0,1,1,55.0,1,0,1,1,0,0,0,0,0,55.7,0.0,0.0,0.0,365.0,0.0,0.0,0.0,0.0,0.0,0.0,1,0,0.0,0.0,0.0,103.35,56.941818181818185,-2.36,0.0,2,1,0,0,0,0,1,0
1,0,0,0,7.0,1,1,0,0,0,0,0,1,1,85.2,0.0,0.0,0.0,365.0,0.0,0.0,0.0,0.0,0.0,0.0,1,0,0.0,0.0,0.0,103.93,86.07857142857142,-6.34,0.0,1,2,0,1,0,0,0,1
1,0,0,0,37.0,1,1,1,0,0,0,1,0,1,91.15,6.0,175.0,1.0,344.0,0.0,0.0,0.0,0.0,0.0,0.0,2,0,0.0,0.0,0.0,93.9,91.0608108108108,-0.39,6.0,2,1,0,1,0,0,1,0
0,0,1,0,31.0,1,0,0,1,0,0,0,1,1,83.85,13.0,155.0,2.0,250.0,1.0,37.8,37.8,1.0,0.0,1.0,2,0,0.0,0.0,0.0,67.14,86.26290322580645,-7.69,6.5,2,1,0,1,0,0,0,0
1,0,0,0,4.0,1,0,0,0,0,0,0,0,1,45.9,3.0,145.0,1.0,16.0,0.0,0.0,0.0,0.0,0.0,0.0,2,0,0.0,0.0,0.0,96.0,49.9375,-12.16,3.0,0,2,0,0,0,0,1,0
1,0,1,1,72.0,1,1,0,0,0,0,0,0,1,25.1,0.0,0.0,0.0,365.0,0.0,0.0,0.0,0.0,0.0,0.0,1,0,0.0,0.0,0.0,82.49,24.87222222222222,4.03,0.0,0,0,2,0,1,1,0,0
1,1,0,0,5.0,1,0,0,0,0,0,1,1,1,91.4,3.0,145.0,1.0,227.0,0.0,0.0,0.0,0.0,0.0,0.0,3,0,0.0,0.0,0.0,68.2,89.95,-0.14,3.0,2,2,0,1,0,0,1,0
1,0,1,1,1.0,1,0,0,0,0,0,0,0,0,19.7,0.0,0.0,0.0,365.0,0.0,0.0,0.0,0.0,0.0,0.0,3,0,0.0,0.0,0.0,80.02,19.7,-1.37,0.0,0,2,0,0,1,0,0,1
0,1,0,0,12.0,1,0,0,0,0,0,1,1,1,91.5,0.0,0.0,0.0,365.0,0.0,0.0,0.0,0.0,0.0,0.0,2,1,0.5,13.0,26.01,64.99,116.69166666666666,-0.04,0.0,2,2,0,1,0,0,1,0
1,0,1,1,8.0,1,0,1,0,0,0,0,0,1,51.3,0.0,0.0,0.0,365.0,0.0,0.0,0.0,0.0,0.0,0.0,1,0,0.0,0.0,0.0,76.6,51.45,-6.76,0.0,1,2,0,0,0,1,0,0
0,0,0,0,35.0,1,0,0,0,0,0,0,0,0,21.1,0.0,0.0,0.0,365.0,0.0,0.0,0.0,0.0,0.0,0.0,3,1,0.33,16.48,49.43,99.69,21.17142857142857,0.03,0.0,0,1,1,0,1,0,0,1
0,1,0,0,56.0,1,1,0,1,1,0,1,1,0,104.75,1.0,260.0,1.0,317.0,0.0,0.0,0.0,0.0,0.0,0.0,2,0,0.0,0.0,0.0,47.18,104.30982142857144,13.21,1.0,4,1,0,1,0,0,1,0
1,0,1,0,42.0,1,1,0,0,1,1,1,1,1,106.15,0.0,0.0,0.0,365.0,0.0,0.0,0.0,0.0,0.0,0.0,1,0,0.0,0.0,0.0,88.85,107.4452380952381,14.61,0.0,4,1,0,1,0,0,0,0
1,1,1,1,65.0,1,1,1,1,0,0,0,0,1,85.75,0.0,0.0,0.0,365.0,1.0,11.7,11.7,0.0,0.0,0.0,2,0,0.0,0.0,0.0,60.19,87.51461538461538,-5.79,0.0,2,1,0,1,0,0,1,0
0,0,1,1,2.0,1,0,0,0,0,0,0,0,0,20.3,0.0,0.0,0.0,365.0,0.0,0.0,0.0,0.0,0.0,0.0,3,1,0.33,7.26,21.78,64.47,15.95,-0.77,0.0,0,2,1,0,1,0,0,1
1,1,1,0,65.0,1,1,1,0,0,0,1,1,1,100.75,0.0,0.0,0.0,365.0,0.0,0.0,0.0,0.0,0.0,0.0,3,1,0.33,8.83,26.5,48.47,102.68692307692307,9.21,0.0,3,1,1,1,0,0,1,0
0,0,0,0,18.0,1,1,0,0,0,0,0,0,1,74.15,12.0,199.0,2.0,198.0,1.0,23.7,23.7,0.0,0.0,0.0,3,1,0.33,15.01,45.03,64.17,74.76388888888889,-17.39,6.0,0,2,0,1,0,0,1,0
0,0,0,0,23.0,1,1,1,0,1,0,1,1,1,56.15,0.0,0.0,0.0,365.0,1.0,24.3,24.3,1.0,0.0,1.0,3,0,0.0,0.0,0.0,107.77,80.13260869565217,-1.91,0.0,4,0,1,0,0,0,1,0
0,0,0,0,4.0,1,0,0,0,0,0,0,0,1,45.3,0.0,0.0,0.0,365.0,0.0,0.0,0.0,0.0,0.0,0.0,2,0,0.0,0.0,0.0,73.45,49.2375,-12.76,0.0,0,2,0,0,0,0,0,1
1,0,1,0,70.0,1,0,0,0,0,0,0,0,0,19.85,0.0,0.0,0.0,365.0,0.0,0.0,0.0,0.0,0.0,0.0,2,0,0.0,0.0,0.0,65.86,20.482857142857142,-1.22,0.0,0,0,2,0,1,1,0,0
0,0,0,0,4.0,1,1,0,0,0,0,0,0,0,50.7,0.0,0.0,0.0,365.0,1.0,39.1,39.1,1.0,0.0,1.0,1,1,1.0,22.13,22.13,98.84,53.6375,-7.36,0.0,0,3,0,0,0,0,1,0
1,0,0,0,19.0,1,0,0,0,0,0,0,0,1,45.0,0.0,0.0,0.0,365.0,0.0,0.0,0.0,0.0,0.0,0.0,1,0,0.0,0.0,0.0,106.1,45.57105263157895,-13.06,0.0,0,1,0,0,0,0,0,0
0,0,0,0,18.0,1,0,0,1,1,0,0,0,0,77.8,7.0,23.0,1.0,262.0,0.0,0.0,0.0,0.0,0.0,0.0,3,0,0.0,0.0,0.0,60.01,75.47777777777777,-13.74,7.0,2,1,0,1,0,0,1,0
0,1,1,0,38.0,1,0,1,0,0,0,0,1,1,83.45,0.0,0.0,0.0,365.0,0.0,0.0,0.0,0.0,0.0,0.0,3,2,0.67,13.19,35.0,58.14,82.81973684210527,-8.09,0.0,2,2,0,1,0,0,1,0
1,0,0,0,2.0,1,1,0,0,0,0,0,0,1,73.25,0.0,0.0,0.0,365.0,0.0,0.0,0.0,0.0,0.0,0.0,3,0,0.0,0.0,0.0,73.7,65.525,-18.29,0.0,0,2,0,1,0,1,0,0
1,0,0,0,47.0,1,1,1,1,0,0,1,0,0,94.8,0.0,0.0,0.0,365.0,0.0,0.0,0.0,0.0,0.0,0.0,3,1,0.33,9.01,27.03,71.56,96.50744680851065,3.26,0.0,3,1,1,1,0,0,0,0
0,0,1,1,52.0,1,0,0,0,0,0,0,0,0,20.1,0.0,0.0,0.0,365.0,1.0,23.7,23.7,0.0,0.0,0.0,1,0,0.0,0.0,0.0,82.56,20.745192307692307,-0.97,0.0,0,0,2,0,1,0,0,0
1,0,0,0,9.0,1,1,0,0,0,0,0,1,0,59.9,0.0,0.0,0.0,365.0,1.0,18.6,18.6,0.0,0.0,0.0,2,0,0.0,0.0,0.0,111.47,60.266666666666666,1.84,0.0,1,2,0,0,0,0,0,1
0,0,1,0,26.0,1,1,1,1,1,1,1,1,1,90.1,0.0,0.0,0.0,365.0,0.0,0.0,0.0,0.0,0.0,0.0,2,0,0.0,0.0,0.0,37.51,88.94423076923077,32.04,0.0,6,0,1,0,0,1,0,0
1,0,1,1,8.0,1,0,0,0,1,0,0,0,1,51.05,4.0,25.0,1.0,308.0,1.0,6.4,6.4,0.0,1.0,0.0,3,1,0.33,1.37,4.11,64.19,51.88125,-7.01,4.0,1,3,0,0,0,0,1,0
1,0,1,0,44.0,1,0,0,1,1,1,1,0,1,70.95,4.0,66.0,1.0,164.0,0.0,0.0,0.0,0.0,0.0,0.0,1,0,0.0,0.0,0.0,92.62,73.87386363636364,12.89,4.0,4,0,1,0,0,0,1,0
0,0,0,0,3.0,0,0,0,1,0,0,0,0,0,29.2,0.0,0.0,0.0,365.0,2.0,18.7,36.9,1.0,1.0,0.5,3,1,0.33,0.44,1.32,69.52,32.833333333333336,-28.86,0.0,1,3,0,0,0,0,0,1
1,0,0,0,2.0,1,0,0,0,0,0,0,0,1,46.6,0.0,0.0,0.0,365.0,0.0,0.0,0.0,0.0,0.0,0.0,2,0,0.0,0.0,0.0,89.38,43.95,-11.46,0.0,0,2,0,0,0,0,0,0
0,0,1,1,12.0,1,1,0,0,0,0,1,0,1,85.35,5.0,85.0,1.0,353.0,0.0,0.0,0.0,0.0,0.0,0.0,1,0,0.0,0.0,0.0,105.84,62.887499999999996,-6.19,5.0,1,1,0,1,0,0,0,0
1,1,0,0,1.0,1,1,0,0,0,0,0,0,1,75.35,0.0,0.0,0.0,365.0,0.0,0.0,0.0,0.0,0.0,0.0,1,0,0.0,0.0,0.0,66.5,75.35,-16.19,0.0,0,2,0,1,0,0,1,0
1,0,0,0,25.0,1,0,1,0,0,0,0,0,0,74.3,0.0,0.0,0.0,365.0,0.0,0.0,0.0,0.0,0.0,0.0,3,0,0.0,0.0,0.0,85.67,78.09,-17.24,0.0,1,1,0,1,0,0,0,0
0,1,1,0,2.0,1,0,0,0,0,0,0,0,1,69.3,0.0,0.0,0.0,365.0,0.0,0.0,0.0,0.0,0.0,0.0,1,1,1.0,8.13,8.13,57.6,76.9,-22.24,0.0,0,3,0,1,0,0,1,0
1,0,0,0,43.0,1,0,1,0,0,0,0,0,1,75.2,0.0,0.0,0.0,365.0,0.0,0.0,0.0,0.0,0.0,0.0,1,1,1.0,2.62,2.62,27.53,74.38604651162791,-16.34,0.0,1,2,0,1,0,0,1,0
0,0,0,0,1.0,1,0,0,0,0,0,0,0,0,20.9,0.0,0.0,0.0,365.0,0.0,0.0,0.0,0.0,0.0,0.0,3,1,0.33,18.89,56.68,85.63,20.9,-0.17,0.0,0,3,0,0,1,0,0,1
0,0,1,0,58.0,1,1,0,1,1,0,0,1,1,94.3,2.0,137.0,1.0,282.0,0.0,0.0,0.0,0.0,0.0,0.0,3,0,0.0,0.0,0.0,45.92,96.72672413793103,2.76,2.0,3,0,1,1,0,0,1,0
0,0,1,1,59.0,1,1,1,0,1,1,1,0,1,76.45,0.0,0.0,0.0,365.0,0.0,0.0,0.0,0.0,0.0,0.0,3,0,0.0,0.0,0.0,58.06,76.60169491525424,18.39,0.0,4,0,2,0,0,0,0,1
1,0,0,0,44.0,0,0,1,0,1,0,1,1,1,54.0,2.0,299.0,1.0,15.0,0.0,0.0,0.0,0.0,0.0,0.0,3,0,0.0,0.0,0.0,52.96,55.46022727272727,-4.06,2.0,4,0,1,0,0,0,1,0
1,0,0,0,66.0,1,1,0,1,0,1,1,1,1,104.25,0.0,0.0,0.0,365.0,0.0,0.0,0.0,0.0,0.0,0.0,2,0,0.0,0.0,0.0,73.2,103.94848484848485,12.71,0.0,4,0,1,1,0,0,1,0
1,0,1,1,68.0,1,0,0,0,0,0,0,0,0,19.95,0.0,0.0,0.0,365.0,1.0,0.7,0.7,1.0,0.0,1.0,1,0,0.0,0.0,0.0,63.45,20.26029411764706,-1.12,0.0,0,0,2,0,1,0,0,0
1,0,0,0,9.0,0,0,0,0,0,0,0,0,1,24.95,9.0,46.0,1.0,68.0,1.0,7.7,7.7,1.0,0.0,1.0,3,1,0.33,2.47,7.4,47.46,21.13888888888889,-33.11,9.0,0,3,0,0,0,0,1,0
1,0,0,0,19.0,1,1,1,0,1,0,0,0,1,84.75,5.0,220.0,1.0,182.0,0.0,0.0,0.0,0.0,0.0,0.0,3,0,0.0,0.0,0.0,89.39,86.94473684210527,-6.79,5.0,2,1,0,1,0,0,1,0
1,0,0,0,4.0,1,0,0,0,0,0,0,0,0,19.75,0.0,0.0,0.0,365.0,0.0,0.0,0.0,0.0,0.0,0.0,1,1,1.0,21.72,21.72,82.99,19.575,-1.32,0.0,0,3,0,0,1,0,0,1
0,0,0,0,70.0,1,1,1,1,1,1,1,1,1,113.65,0.0,0.0,0.0,365.0,1.0,0.3,0.3,1.0,0.0,1.0,2,0,0.0,0.0,0.0,93.93,113.41785714285714,22.11,0.0,6,0,2,1,0,0,0,0
1,0,0,0,1.0,1,0,0,0,0,0,0,0,1,44.9,11.0,110.0,3.0,150.0,1.0,11.3,11.3,0.0,1.0,0.0,1,1,1.0,22.76,22.76,51.74,44.9,-13.16,3.667,0,3,0,0,0,0,0,1
0,0,0,0,8.0,1,1,0,0,0,0,0,0,1,75.25,0.0,0.0,0.0,365.0,0.0,0.0,0.0,0.0,0.0,0.0,3,0,0.0,0.0,0.0,60.49,72.0875,-16.29,0.0,0,2,0,1,0,0,1,0
1,0,0,0,53.0,1,1,0,0,0,0,0,0,0,24.6,12.0,203.5,2.0,157.0,0.0,0.0,0.0,0.0,0.0,0.0,3,1,0.33,4.14,12.42,53.49,24.132075471698112,3.53,6.0,0,1,2,0,1,0,0,1
1,1,0,0,51.0,1,1,0,0,0,0,0,0,0,25.0,0.0,0.0,0.0,365.0,0.0,0.0,0.0,0.0,0.0,0.0,1,0,0.0,0.0,0.0,100.01,24.719607843137254,3.93,0.0,0,0,1,0,1,0,0,0
1,0,1,1,12.0,1,0,0,0,0,0,0,0,0,20.95,0.0,0.0,0.0,365.0,0.0,0.0,0.0,0.0,0.0,0.0,1,0,0.0,0.0,0.0,118.33,22.27916666666667,-0.12,0.0,0,1,0,0,1,0,0,0
1,0,1,1,60.0,1,1,1,0,1,1,1,1,1,110.6,10.0,25.5,2.0,110.0,0.0,0.0,0.0,0.0,0.0,0.0,2,0,0.0,0.0,0.0,37.97,109.78083333333333,19.06,5.0,5,0,2,1,0,0,1,0
1,0,0,0,17.0,1,0,1,1,0,0,0,0,1,55.5,4.0,75.0,1.0,205.0,0.0,0.0,0.0,0.0,0.0,0.0,1,0,0.0,0.0,0.0,58.6,54.949999999999996,-2.56,4.0,2,1,0,0,0,1,0,0
1,0,0,0,3.0,1,0,0,0,0,0,0,0,1,43.3,0.0,0.0,0.0,365.0,0.0,0.0,0.0,0.0,0.0,0.0,1,0,0.0,0.0,0.0,85.75,41.21666666666667,-14.76,0.0,0,2,0,0,0,0,1,0
1,0,1,0,70.0,1,0,1,1,1,1,1,1,1,109.5,7.0,151.0,1.0,157.0,0.0,0.0,0.0,0.0,0.0,0.0,2,0,0.0,0.0,0.0,40.32,107.63785714285714,17.96,7.0,6,0,1,1,0,0,0,0
1,0,0,0,12.0,1,0,0,0,0,0,0,0,0,19.45,0.0,0.0,0.0,365.0,1.0,19.2,19.2,0.0,1.0,0.0,1,0,0.0,0.0,0.0,112.1,1.6208333333333333,-1.62,0.0,0,1,0,0,1,0,0,1
1,1,0,0,43.0,1,1,0,0,0,0,1,0,1,84.85,10.0,91.0,2.0,131.0,0.0,0.0,0.0,0.0,0.0,0.0,1,0,0.0,0.0,0.0,98.6,84.78139534883721,-6.69,5.0,1,1,0,1,0,0,1,0
0,0,1,0,16.0,1,0,0,0,0,0,0,0,0,19.6,4.0,275.0,1.0,287.0,0.0,0.0,0.0,0.0,0.0,0.0,3,1,0.33,13.16,39.47,82.94,19.653125,-1.47,4.0,0,2,0,0,1,0,0,1
0,0,1,1,57.0,1,0,1,1,0,0,0,0,0,53.45,0.0,0.0,0.0,365.0,0.0,0.0,0.0,0.0,0.0,0.0,3,2,0.67,12.02,29.91,58.12,53.56140350877193,-4.61,0.0,2,1,1,0,0,0,1,0
1,0,1,1,37.0,1,0,0,0,0,0,0,0,0,19.8,5.0,66.0,1.0,309.0,0.0,0.0,0.0,0.0,0.0,0.0,3,1,0.33,1.66,4.99,87.38,18.298648648648648,-1.27,5.0,0,1,1,0,1,1,0,0
0,0,1,0,72.0,1,1,1,1,1,1,1,1,0,112.1,0.0,0.0,0.0,365.0,0.0,0.0,0.0,0.0,0.0,0.0,3,1,0.33,5.82,17.46,108.53,110.63819444444444,20.56,0.0,6,1,2,1,0,1,0,0
0,1,0,0,11.0,1,1,0,0,0,0,0,1,1,84.8,9.0,200.0,2.0,31.0,0.0,0.0,0.0,0.0,0.0,0.0,3,0,0.0,0.0,0.0,66.65,82.44090909090909,-6.74,4.5,1,2,0,1,0,1,0,0
0,1,1,0,50.0,1,1,0,1,1,0,1,0,1,95.05,0.0,0.0,0.0,365.0,0.0,0.0,0.0,0.0,0.0,0.0,2,0,0.0,0.0,0.0,59.8,97.774,3.51,0.0,3,1,0,1,0,0,1,0
1,1,0,0,5.0,1,0,0,0,1,0,0,0,0,50.35,0.0,0.0,0.0,365.0,0.0,0.0,0.0,0.0,0.0,0.0,3,0,0.0,0.0,0.0,61.64,47.45,-7.71,0.0,1,2,0,0,0,0,1,0
1,0,1,0,12.0,1,1,0,0,0,0,0,0,1,74.6,6.0,101.0,2.0,34.0,1.0,1.1,1.1,1.0,0.0,1.0,1,1,1.0,45.4,45.4,112.02,6.216666666666666,-16.94,3.0,0,2,0,1,0,0,0,0
1,0,0,0,16.0,1,0,0,0,0,0,0,0,1,19.7,0.0,0.0,0.0,365.0,0.0,0.0,0.0,0.0,0.0,0.0,1,1,1.0,13.93,13.93,73.69,21.4,-1.37,0.0,0,2,0,0,1,0,0,1
1,1,1,0,2.0,1,0,0,0,1,0,0,0,1,74.2,8.0,206.5,2.0,40.0,0.0,0.0,0.0,0.0,0.0,0.0,1,0,0.0,0.0,0.0,76.33,70.05,-17.34,4.0,1,2,0,1,0,0,1,0
0,0,0,0,17.0,1,1,0,0,1,1,1,0,1,69.0,4.0,280.0,1.0,270.0,0.0,0.0,0.0,0.0,0.0,0.0,1,0,0.0,0.0,0.0,62.21,65.17647058823529,10.94,4.0,3,1,0,0,0,0,0,1
0,0,0,0,16.0,1,0,0,0,0,0,0,0,0,19.35,0.0,0.0,0.0,365.0,0.0,0.0,0.0,0.0,0.0,0.0,2,0,0.0,0.0,0.0,70.91,18.471875,-1.72,0.0,0,0,1,0,1,1,0,0
0,0,0,0,15.0,1,0,0,0,1,0,0,1,1,59.45,9.0,117.0,1.0,76.0,0.0,0.0,0.0,0.0,0.0,0.0,3,1,0.33,7.04,21.13,92.06,59.51,1.39,9.0,2,2,0,0,0,0,1,0
0,0,0,0,10.0,1,0,0,0,0,0,0,0,1,19.8,10.0,145.5,2.0,51.0,0.0,0.0,0.0,0.0,0.0,0.0,1,0,0.0,0.0,0.0,62.28,19.825,-1.27,5.0,0,1,1,0,1,0,0,1
0,0,0,1,46.0,1,0,1,1,0,1,1,1,1,105.2,21.0,94.0,3.0,60.0,1.0,49.3,49.3,1.0,0.0,1.0,2,1,0.5,21.58,43.16,72.32,104.8445652173913,13.66,7.0,5,1,1,1,0,0,0,0
1,0,1,1,64.0,1,1,0,1,1,1,1,1,1,109.2,0.0,0.0,0.0,365.0,0.0,0.0,0.0,0.0,0.0,0.0,2,1,0.5,5.26,10.53,102.35,105.33046875,17.66,0.0,5,1,2,1,0,1,0,0
0,0,0,0,1.0,1,1,0,1,0,0,0,0,1,79.15,1.0,287.0,1.0,301.0,1.0,23.6,23.6,0.0,1.0,0.0,3,0,0.0,0.0,0.0,45.73,79.15,-12.39,1.0,1,2,0,1,0,0,0,1
1,0,1,1,25.0,1,0,0,1,1,0,0,0,0,53.65,0.0,0.0,0.0,365.0,0.0,0.0,0.0,0.0,0.0,0.0,3,0,0.0,0.0,0.0,47.75,54.218,-4.41,0.0,2,0,1,0,0,0,0,1
1,0,1,1,71.0,1,0,1,1,1,1,1,0,0,100.2,0.0,0.0,0.0,365.0,0.0,0.0,0.0,0.0,0.0,0.0,1,0,0.0,0.0,0.0,92.03,101.53521126760563,8.66,0.0,5,0,2,1,0,1,0,0
1,0,0,0,8.0,1,0,0,0,0,0,0,0,1,45.15,4.0,105.0,1.0,208.0,0.0,0.0,0.0,0.0,0.0,0.0,2,0,0.0,0.0,0.0,79.06,54.8,-12.91,4.0,0,2,0,0,0,0,0,1
0,0,1,1,72.0,1,0,1,1,1,1,1,1,1,108.65,0.0,0.0,0.0,365.0,0.0,0.0,0.0,0.0,0.0,0.0,1,0,0.0,0.0,0.0,65.9,107.31041666666667,17.11,0.0,6,0,2,1,0,0,0,0
0,0,1,0,49.0,0,0,1,0,0,0,1,0,0,40.65,0.0,0.0,0.0,365.0,1.0,30.0,30.0,1.0,0.0,1.0,3,1,0.33,10.72,32.16,71.16,42.26020408163265,-17.41,0.0,2,2,0,0,0,0,0,0
1,0,1,1,29.0,0,0,1,1,1,1,0,1,1,55.35,0.0,0.0,0.0,365.0,0.0,0.0,0.0,0.0,0.0,0.0,2,1,0.5,15.95,31.9,56.16,56.44655172413793,-2.71,0.0,5,1,1,0,0,1,0,0
1,0,1,0,72.0,1,1,1,1,1,1,0,1,0,105.6,0.0,0.0,0.0,365.0,0.0,0.0,0.0,0.0,0.0,0.0,2,1,0.5,6.24,12.47,56.98,105.29861111111111,14.06,0.0,5,1,2,1,0,0,0,0
1,0,1,0,31.0,1,1,0,1,1,0,1,0,0,93.8,0.0,0.0,0.0,365.0,0.0,0.0,0.0,0.0,0.0,0.0,1,0,0.0,0.0,0.0,103.29,97.40322580645162,2.26,0.0,3,1,0,1,0,0,1,0
0,0,0,0,50.0,1,1,0,0,0,0,1,1,1,95.7,9.0,142.0,1.0,223.0,0.0,0.0,0.0,0.0,0.0,0.0,2,0,0.0,0.0,0.0,79.46,94.595,4.16,9.0,2,1,0,1,0,0,1,0
1,0,1,0,71.0,1,1,1,0,1,1,1,1,0,83.2,0.0,0.0,0.0,365.0,0.0,0.0,0.0,0.0,0.0,0.0,3,0,0.0,0.0,0.0,82.3,86.2830985915493,25.14,0.0,5,0,2,0,0,0,1,0
1,1,1,0,70.0,1,1,1,1,1,1,1,1,0,90.05,0.0,0.0,0.0,365.0,0.0,0.0,0.0,0.0,0.0,0.0,2,1,0.5,9.72,19.43,74.92,90.47714285714285,31.99,0.0,6,1,2,0,0,1,0,0
1,0,0,0,71.0,1,1,1,0,0,1,0,1,0,97.65,0.0,0.0,0.0,365.0,0.0,0.0,0.0,0.0,0.0,0.0,1,0,0.0,0.0,0.0,77.59,94.19507042253521,6.11,0.0,3,0,1,1,0,1,0,0
1,0,1,1,61.0,1,0,1,1,1,1,0,0,1,68.05,2.0,283.0,1.0,225.0,1.0,7.6,7.6,0.0,1.0,0.0,2,0,0.0,0.0,0.0,77.46,68.16803278688525,9.99,2.0,4,0,2,0,0,0,0,0
1,0,0,0,32.0,1,0,0,0,0,1,1,1,1,96.2,4.0,42.0,1.0,161.0,0.0,0.0,0.0,0.0,0.0,0.0,3,1,0.33,1.49,4.48,69.72,99.48125,4.66,4.0,3,2,0,1,0,0,1,0
0,0,0,1,1.0,1,0,0,0,0,0,0,1,1,79.6,4.0,65.0,1.0,205.0,0.0,0.0,0.0,0.0,0.0,0.0,2,1,0.5,5.02,10.04,34.02,79.6,-11.94,4.0,1,3,0,1,0,0,1,0
1,0,0,0,68.0,1,1,1,1,1,0,0,1,1,102.1,7.0,194.0,1.0,213.0,1.0,19.9,19.9,1.0,0.0,1.0,1,1,1.0,50.3,50.3,109.07,105.1375,10.56,7.0,4,1,2,1,0,0,0,0
1,0,0,0,62.0,1,1,0,0,0,0,0,0,0,23.4,0.0,0.0,0.0,365.0,0.0,0.0,0.0,0.0,0.0,0.0,1,0,0.0,0.0,0.0,46.47,23.058870967741935,2.33,0.0,0,0,2,0,1,0,0,0
0,0,0,1,7.0,1,0,0,0,0,0,0,0,1,71.05,12.0,129.5,2.0,2.0,1.0,17.3,17.3,0.0,1.0,0.0,1,0,0.0,0.0,0.0,26.47,67.52142857142857,-20.49,6.0,0,2,0,1,0,0,1,0
1,0,0,0,20.0,1,1,0,0,0,0,1,0,1,85.25,0.0,0.0,0.0,365.0,1.0,28.1,28.1,0.0,0.0,0.0,3,0,0.0,0.0,0.0,75.72,86.725,-6.29,0.0,1,1,0,1,0,0,1,0
1,0,1,1,6.0,1,0,0,0,0,0,0,0,0,19.45,0.0,0.0,0.0,365.0,0.0,0.0,0.0,0.0,0.0,0.0,1,0,0.0,0.0,0.0,39.37,18.916666666666668,-1.62,0.0,0,1,1,0,1,0,0,1
0,1,0,0,33.0,0,0,1,1,1,0,1,1,1,59.45,0.0,0.0,0.0,365.0,1.0,0.6,0.6,0.0,0.0,0.0,2,2,1.0,33.38,47.21,90.53,57.11060606060607,1.39,0.0,5,2,0,0,0,0,0,0
1,0,1,1,28.0,1,1,0,0,0,0,1,1,0,92.2,11.0,148.5,2.0,34.0,0.0,0.0,0.0,0.0,0.0,0.0,3,0,0.0,0.0,0.0,63.19,91.71964285714286,0.66,5.5,2,0,1,1,0,0,0,0
1,0,0,0,64.0,1,0,0,0,0,0,0,0,0,19.85,2.0,95.0,1.0,58.0,0.0,0.0,0.0,0.0,0.0,0.0,2,0,0.0,0.0,0.0,84.91,7.34375,-1.22,2.0,0,0,2,0,1,1,0,0
1,0,0,0,7.0,1,0,0,0,0,0,0,0,0,56.15,0.0,0.0,0.0,365.0,0.0,0.0,0.0,0.0,0.0,0.0,3,0,0.0,0.0,0.0,87.73,39.771428571428565,-1.91,0.0,0,2,0,0,0,0,0,1
1,0,0,0,26.0,1,1,0,0,0,1,0,0,1,80.5,0.0,0.0,0.0,365.0,0.0,0.0,0.0,0.0,0.0,0.0,1,0,0.0,0.0,0.0,26.29,80.33846153846154,-11.04,0.0,1,1,0,1,0,0,1,0
1,1,0,0,5.0,1,1,0,1,0,0,0,1,1,89.8,0.0,0.0,0.0,365.0,0.0,0.0,0.0,0.0,0.0,0.0,3,1,0.33,5.93,17.79,60.11,100.52000000000001,-1.74,0.0,2,3,0,1,0,0,1,0
1,1,0,0,30.0,1,1,1,0,0,0,0,1,1,90.5,0.0,0.0,0.0,365.0,0.0,0.0,0.0,0.0,0.0,0.0,2,0,0.0,0.0,0.0,85.2,86.52833333333334,-1.04,0.0,2,1,0,1,0,1,0,0
1,0,0,0,63.0,1,1,0,1,0,0,0,1,0,90.45,3.0,170.0,1.0,77.0,0.0,0.0,0.0,0.0,0.0,0.0,2,1,0.5,4.01,8.02,27.84,92.46825396825396,-1.09,3.0,2,1,1,1,0,1,0,0
1,0,0,0,1.0,1,0,0,1,0,0,0,0,1,50.75,0.0,0.0,0.0,365.0,0.0,0.0,0.0,0.0,0.0,0.0,3,1,0.33,5.16,15.48,103.72,50.75,-7.31,0.0,1,3,0,0,0,0,1,0
0,0,0,1,53.0,1,1,0,1,1,1,1,1,1,84.6,7.0,170.0,1.0,359.0,0.0,0.0,0.0,0.0,0.0,0.0,3,0,0.0,0.0,0.0,61.88,83.95754716981132,26.54,7.0,5,0,1,0,0,0,1,0
0,0,1,1,14.0,1,0,0,1,0,1,0,1,1,89.65,0.0,0.0,0.0,365.0,0.0,0.0,0.0,0.0,0.0,0.0,1,0,0.0,0.0,0.0,92.61,86.31071428571428,-1.89,0.0,3,1,0,1,0,1,0,0
0,0,0,0,21.0,1,0,0,1,0,1,1,1,1,99.15,0.0,0.0,0.0,365.0,0.0,0.0,0.0,0.0,0.0,0.0,1,1,1.0,36.62,36.62,89.2,93.16190476190476,7.61,0.0,4,2,0,1,0,0,0,0
1,0,0,0,17.0,1,0,0,0,0,0,0,0,0,19.95,0.0,0.0,0.0,365.0,0.0,0.0,0.0,0.0,0.0,0.0,1,1,1.0,6.07,6.07,72.73,18.27058823529412,-1.12,0.0,0,1,1,0,1,0,0,1
1,0,1,1,16.0,1,0,0,0,0,0,0,0,0,20.15,0.0,0.0,0.0,365.0,1.0,83.6,83.6,0.0,0.0,0.0,2,0,0.0,0.0,0.0,65.18,18.159375,-0.92,0.0,0,0,2,0,1,0,0,1
0,0,0,0,35.0,1,0,0,0,1,0,0,1,1,62.1,6.0,249.5,2.0,18.0,0.0,0.0,0.0,0.0,0.0,0.0,2,0,0.0,0.0,0.0,108.8,59.888571428571424,4.04,3.0,2,1,0,0,0,0,1,0
0,1,0,0,32.0,1,0,0,0,0,0,0,1,1,79.5,0.0,0.0,0.0,365.0,1.0,11.3,11.3,1.0,0.0,1.0,2,1,0.5,24.52,49.03,81.88,83.28125,-12.04,0.0,1,2,0,1,0,0,1,0
0,0,1,1,12.0,1,0,0,0,0,0,0,0,1,19.55,0.0,0.0,0.0,365.0,0.0,0.0,0.0,0.0,0.0,0.0,1,0,0.0,0.0,0.0,101.99,45.31666666666666,-1.52,0.0,0,1,0,0,1,0,0,0
0,0,0,0,1.0,1,0,0,0,0,0,0,0,1,20.35,8.0,132.0,1.0,49.0,0.0,0.0,0.0,0.0,0.0,0.0,3,0,0.0,0.0,0.0,69.82,20.35,-0.72,8.0,0,2,0,0,1,0,0,1
1,0,0,0,59.0,0,0,0,0,0,1,1,1,1,51.7,3.0,155.0,1.0,10.0,0.0,0.0,0.0,0.0,0.0,0.0,2,0,0.0,0.0,0.0,70.61,50.94576271186441,-6.36,3.0,3,1,0,0,0,0,1,0
0,0,1,1,72.0,1,1,0,0,0,0,0,0,1,23.3,0.0,0.0,0.0,365.0,1.0,48.8,48.8,0.0,1.0,0.0,2,0,0.0,0.0,0.0,67.43,22.543750000000003,2.23,0.0,0,0,1,0,1,0,0,0
1,0,0,0,36.0,1,0,0,1,0,1,0,1,1,65.4,0.0,0.0,0.0,365.0,0.0,0.0,0.0,0.0,0.0,0.0,2,1,0.5,8.95,17.9,101.18,69.4,7.34,0.0,3,1,1,0,0,0,0,1
0,0,0,0,40.0,1,0,1,1,0,0,1,0,0,65.1,0.0,0.0,0.0,365.0,0.0,0.0,0.0,0.0,0.0,0.0,1,0,0.0,0.0,0.0,74.43,64.65,7.04,0.0,3,1,0,0,0,0,0,1
1,0,1,1,40.0,1,1,0,0,1,0,0,0,1,81.2,0.0,0.0,0.0,365.0,0.0,0.0,0.0,0.0,0.0,0.0,3,0,0.0,0.0,0.0,77.69,82.3075,-10.34,0.0,1,1,0,1,0,0,1,0
0,0,0,1,9.0,1,0,0,0,1,1,1,1,1,72.9,0.0,0.0,0.0,365.0,0.0,0.0,0.0,0.0,0.0,0.0,1,0,0.0,0.0,0.0,28.04,72.37777777777778,14.84,0.0,4,2,0,0,0,0,0,1
1,0,1,1,63.0,1,0,1,1,1,1,1,0,0,74.5,0.0,0.0,0.0,365.0,0.0,0.0,0.0,0.0,0.0,0.0,3,0,0.0,0.0,0.0,57.88,74.19920634920635,16.44,0.0,5,0,2,0,0,1,0,0
0,0,0,0,3.0,1,0,0,0,0,0,1,0,1,80.5,0.0,0.0,0.0,365.0,0.0,0.0,0.0,0.0,0.0,0.0,2,0,0.0,0.0,0.0,82.97,77.45,-11.04,0.0,1,2,0,1,0,0,1,0
1,0,1,1,40.0,0,0,0,1,1,1,1,1,0,60.3,0.0,0.0,0.0,365.0,1.0,51.7,51.7,0.0,0.0,0.0,3,3,1.0,15.06,28.17,67.81,61.2125,2.24,0.0,5,1,1,0,0,0,0,1
1,0,1,0,8.0,1,0,1,0,0,0,0,0,1,75.0,0.0,0.0,0.0,365.0,0.0,0.0,0.0,0.0,0.0,0.0,2,1,0.5,21.56,43.12,103.05,82.2625,-16.54,0.0,1,3,0,1,0,0,0,1
1,1,1,0,34.0,1,0,1,0,0,1,1,0,0,90.15,0.0,0.0,0.0,365.0,0.0,0.0,0.0,0.0,0.0,0.0,1,0,0.0,0.0,0.0,62.94,92.02352941176471,-1.39,0.0,3,0,1,1,0,0,0,1
1,0,0,0,5.0,0,0,1,0,1,1,0,0,0,40.0,0.0,0.0,0.0,365.0,0.0,0.0,0.0,0.0,0.0,0.0,2,0,0.0,0.0,0.0,62.9,44.69,-18.06,0.0,3,2,0,0,0,0,0,1
1,1,0,0,9.0,1,1,0,1,0,0,1,1,1,99.45,0.0,0.0,0.0,365.0,0.0,0.0,0.0,0.0,0.0,0.0,3,0,0.0,0.0,0.0,76.92,102.15555555555555,7.91,0.0,3,2,0,1,0,1,0,0
1,0,1,0,9.0,1,1,0,1,1,0,0,1,1,69.05,9.0,296.0,1.0,283.0,0.0,0.0,0.0,0.0,0.0,0.0,3,0,0.0,0.0,0.0,100.64,72.66111111111111,10.99,9.0,3,2,0,0,0,1,0,0
1,0,1,1,31.0,1,1,0,0,0,0,0,1,0,59.7,0.0,0.0,0.0,365.0,0.0,0.0,0.0,0.0,0.0,0.0,2,0,0.0,0.0,0.0,61.97,58.88709677419355,1.64,0.0,1,1,0,0,0,0,0,0
0,0,1,0,50.0,1,0,0,0,0,0,0,0,1,19.85,5.0,294.0,1.0,109.0,0.0,0.0,0.0,0.0,0.0,0.0,2,0,0.0,0.0,0.0,56.18,18.862000000000002,-1.22,5.0,0,0,1,0,1,0,0,0
0,0,0,0,2.0,1,0,1,1,0,1,0,0,1,86.25,0.0,0.0,0.0,365.0,1.0,8.7,8.7,0.0,1.0,0.0,2,0,0.0,0.0,0.0,110.8,90.825,-5.29,0.0,3,2,0,1,0,0,1,0
0,0,0,0,12.0,1,0,0,0,0,0,0,0,1,45.65,0.0,0.0,0.0,365.0,0.0,0.0,0.0,0.0,0.0,0.0,3,0,0.0,0.0,0.0,66.29,3.8041666666666667,-12.41,0.0,0,1,0,0,0,0,1,0
1,0,0,0,12.0,1,0,0,0,0,0,0,0,1,70.1,0.0,0.0,0.0,365.0,0.0,0.0,0.0,0.0,0.0,0.0,3,0,0.0,0.0,0.0,86.48,45.94583333333333,-21.44,0.0,0,1,0,1,0,0,0,1
0,0,0,0,9.0,0,0,0,1,0,0,0,1,0,40.75,0.0,0.0,0.0,365.0,0.0,0.0,0.0,0.0,0.0,0.0,3,1,0.33,2.18,6.55,69.57,39.93333333333333,-17.31,0.0,2,3,0,0,0,0,1,0
0,1,0,0,2.0,1,0,0,0,0,0,0,0,1,70.2,0.0,0.0,0.0,365.0,0.0,0.0,0.0,0.0,0.0,0.0,3,0,0.0,0.0,0.0,40.82,57.975,-21.34,0.0,0,2,0,1,0,0,0,0
0,0,0,0,3.0,1,0,1,1,0,0,0,0,0,55.35,3.0,6.0,1.0,230.0,0.0,0.0,0.0,0.0,0.0,0.0,3,0,0.0,0.0,0.0,82.64,55.06666666666666,-2.71,3.0,2,2,0,0,0,0,1,0
1,0,1,0,25.0,1,0,0,0,0,1,1,1,1,95.7,9.0,246.0,2.0,86.0,0.0,0.0,0.0,0.0,0.0,0.0,2,0,0.0,0.0,0.0,28.04,93.53399999999999,4.16,4.5,3,1,0,1,0,1,0,0
1,1,0,0,1.0,1,0,0,0,0,0,0,0,0,46.3,0.0,0.0,0.0,365.0,0.0,0.0,0.0,0.0,0.0,0.0,3,0,0.0,0.0,0.0,55.74,46.3,-11.76,0.0,0,2,0,0,0,0,1,0
0,0,1,1,45.0,1,1,1,1,1,1,1,0,0,81.3,0.0,0.0,0.0,365.0,0.0,0.0,0.0,0.0,0.0,0.0,1,0,0.0,0.0,0.0,69.17,78.69111111111111,23.24,0.0,5,1,0,0,0,0,0,1
1,1,1,1,51.0,1,1,0,1,1,0,0,0,1,84.2,0.0,0.0,0.0,365.0,1.0,5.1,5.1,1.0,0.0,1.0,2,1,0.5,20.5,41.01,83.08,81.29509803921569,-7.34,0.0,2,2,0,1,0,0,1,0
0,0,1,1,12.0,1,0,0,0,0,0,0,0,0,20.0,0.0,0.0,0.0,365.0,1.0,7.3,7.3,0.0,1.0,0.0,3,0,0.0,0.0,0.0,87.32,90.60416666666667,-1.07,0.0,0,1,0,0,1,1,0,0
0,0,0,0,38.0,1,1,1,1,1,0,0,0,1,66.15,0.0,0.0,0.0,365.0,0.0,0.0,0.0,0.0,0.0,0.0,3,0,0.0,0.0,0.0,62.07,66.37894736842105,8.09,0.0,3,1,0,0,0,0,0,0
1,0,0,0,2.0,1,0,0,0,0,0,0,0,0,45.85,0.0,0.0,0.0,365.0,1.0,49.0,49.0,0.0,0.0,0.0,2,0,0.0,0.0,0.0,71.13,40.5,-12.21,0.0,0,2,0,0,0,0,0,1
1,0,1,1,38.0,1,0,0,0,0,0,0,0,0,19.6,9.0,169.5,2.0,141.0,0.0,0.0,0.0,0.0,0.0,0.0,2,0,0.0,0.0,0.0,23.47,18.876315789473683,-1.47,4.5,0,1,0,0,1,0,1,0
1,0,0,0,34.0,1,0,0,1,0,0,0,0,1,49.8,0.0,0.0,0.0,365.0,0.0,0.0,0.0,0.0,0.0,0.0,2,0,0.0,0.0,0.0,62.69,51.00588235294118,-8.26,0.0,1,1,0,0,0,0,1,0
0,0,1,0,70.0,1,1,0,0,1,0,1,1,1,101.75,0.0,0.0,0.0,365.0,0.0,0.0,0.0,0.0,0.0,0.0,3,1,0.33,2.68,8.04,59.36,100.99000000000001,10.21,0.0,3,1,1,1,0,0,1,0
0,0,0,0,13.0,1,0,1,0,0,1,0,0,0,55.15,0.0,0.0,0.0,365.0,1.0,34.3,34.3,1.0,0.0,1.0,2,0,0.0,0.0,0.0,84.04,57.146153846153844,-2.91,0.0,2,0,1,0,0,0,0,1
1,0,0,0,39.0,1,1,0,0,0,0,0,0,0,75.25,0.0,0.0,0.0,365.0,1.0,114.9,114.9,1.0,0.0,1.0,1,0,0.0,0.0,0.0,115.19,77.37564102564103,-16.29,0.0,0,1,0,1,0,0,1,0
0,0,0,0,61.0,1,1,0,1,1,0,1,1,1,103.95,0.0,0.0,0.0,365.0,0.0,0.0,0.0,0.0,0.0,0.0,1,0,0.0,0.0,0.0,102.05,105.29508196721312,12.41,0.0,4,0,1,1,0,0,1,0
0,0,0,0,12.0,1,1,0,0,1,0,1,1,1,91.75,0.0,0.0,0.0,365.0,0.0,0.0,0.0,0.0,0.0,0.0,3,0,0.0,0.0,0.0,70.63,97.02499999999999,0.21,0.0,3,1,0,1,0,0,0,0
1,0,0,0,41.0,1,0,0,1,0,1,1,1,1,99.65,0.0,0.0,0.0,365.0,0.0,0.0,0.0,0.0,0.0,0.0,3,1,0.33,1.82,5.47,73.19,102.93536585365854,8.11,0.0,4,1,2,1,0,1,0,0
1,0,0,0,21.0,1,1,0,0,0,0,0,0,1,73.7,8.0,198.0,1.0,28.0,0.0,0.0,0.0,0.0,0.0,0.0,3,0,0.0,0.0,0.0,83.75,74.22380952380952,-17.84,8.0,0,1,0,1,0,0,1,0
1,1,0,0,55.0,0,0,0,0,1,0,1,1,1,50.05,16.0,97.0,2.0,15.0,0.0,0.0,0.0,0.0,0.0,0.0,2,0,0.0,0.0,0.0,55.94,49.880909090909086,-8.01,8.0,3,0,1,0,0,0,0,0
1,0,1,0,69.0,0,0,1,0,1,1,1,1,0,60.25,0.0,0.0,0.0,365.0,0.0,0.0,0.0,0.0,0.0,0.0,3,0,0.0,0.0,0.0,60.83,58.77536231884058,2.19,0.0,5,0,2,0,0,0,0,0
1,1,1,1,12.0,1,1,0,1,1,0,1,1,0,105.75,0.0,0.0,0.0,365.0,0.0,0.0,0.0,0.0,0.0,0.0,3,1,0.33,0.61,1.83,67.78,225.85416666666666,14.21,0.0,4,2,0,1,0,0,1,0
0,1,1,0,69.0,1,0,1,1,0,0,0,1,0,91.75,0.0,0.0,0.0,365.0,0.0,0.0,0.0,0.0,0.0,0.0,2,1,0.5,12.76,25.53,64.52,87.76159420289855,0.21,0.0,3,1,1,1,0,1,0,0
0,1,1,0,18.0,0,0,0,0,1,0,1,1,1,48.35,13.0,64.5,2.0,90.0,0.0,0.0,0.0,0.0,0.0,0.0,3,0,0.0,0.0,0.0,27.06,45.03888888888889,-9.71,6.5,3,1,0,0,0,0,1,0
1,0,1,1,47.0,1,1,0,1,0,0,0,0,0,54.25,0.0,0.0,0.0,365.0,0.0,0.0,0.0,0.0,0.0,0.0,1,0,0.0,0.0,0.0,34.82,54.00425531914893,-3.81,0.0,1,1,0,0,0,0,1,0
0,0,1,1,72.0,1,0,1,1,1,1,1,1,0,85.3,0.0,0.0,0.0,365.0,0.0,0.0,0.0,0.0,0.0,0.0,2,0,0.0,0.0,0.0,50.76,85.12777777777778,27.24,0.0,6,0,2,0,0,0,0,0
1,1,1,0,33.0,0,0,0,1,1,1,1,0,1,50.0,7.0,109.0,1.0,81.0,1.0,4.7,4.7,0.0,1.0,0.0,1,0,0.0,0.0,0.0,43.76,53.056060606060605,-8.06,7.0,4,1,0,0,0,0,1,0
0,0,1,1,2.0,0,0,0,0,0,0,0,0,1,24.4,8.0,174.0,2.0,77.0,1.0,2.5,2.5,1.0,0.0,1.0,1,0,0.0,0.0,0.0,82.26,18.275,-33.66,4.0,0,2,0,0,0,0,0,1
0,0,1,1,72.0,1,1,1,1,1,1,1,1,0,90.95,0.0,0.0,0.0,365.0,0.0,0.0,0.0,0.0,0.0,0.0,1,0,0.0,0.0,0.0,56.75,92.39513888888888,32.89,0.0,6,0,2,0,0,1,0,0
1,1,1,0,37.0,1,0,0,0,0,0,0,0,1,72.25,0.0,0.0,0.0,365.0,0.0,0.0,0.0,0.0,0.0,0.0,2,1,0.5,1.12,2.23,81.44,69.60675675675675,-19.29,0.0,0,2,0,1,0,0,0,0
0,1,1,1,62.0,1,1,0,1,1,0,0,1,1,96.1,10.0,163.5,2.0,163.0,0.0,0.0,0.0,0.0,0.0,0.0,1,1,1.0,13.31,13.31,76.29,97.08629032258065,4.56,5.0,3,2,0,1,0,1,0,0
0,0,1,0,71.0,1,0,0,0,0,0,0,0,0,19.85,20.0,202.33333333333331,3.0,141.0,0.0,0.0,0.0,0.0,0.0,0.0,1,1,1.0,10.45,10.45,116.7,19.430985915492958,-1.22,6.667,0,1,2,0,1,1,0,0
1,0,0,1,23.0,1,0,0,1,0,1,0,0,1,55.3,7.0,11.0,1.0,219.0,0.0,0.0,0.0,0.0,0.0,0.0,2,1,0.5,2.91,5.82,70.4,55.834782608695654,-2.76,7.0,2,2,0,0,0,0,0,0
0,0,0,0,16.0,1,0,0,0,0,0,0,0,0,20.1,0.0,0.0,0.0,365.0,1.0,16.8,16.8,1.0,0.0,1.0,3,0,0.0,0.0,0.0,70.97,18.509375,-0.97,0.0,0,0,1,0,1,0,0,1
1,0,0,0,9.0,1,0,1,0,1,1,1,0,1,69.5,6.0,232.0,1.0,81.0,0.0,0.0,0.0,0.0,0.0,0.0,3,0,0.0,0.0,0.0,44.83,72.58333333333333,11.44,6.0,4,2,0,0,0,0,0,1
1,0,1,1,17.0,1,1,0,0,0,0,0,0,1,25.15,17.0,199.0,3.0,160.0,0.0,0.0,0.0,0.0,0.0,0.0,1,0,0.0,0.0,0.0,25.86,24.27058823529412,4.08,5.667,0,0,2,0,1,0,0,1
0,0,0,0,4.0,1,0,0,0,0,0,0,0,0,20.95,0.0,0.0,0.0,365.0,0.0,0.0,0.0,0.0,0.0,0.0,2,0,0.0,0.0,0.0,32.66,21.375,-0.12,0.0,0,2,0,0,1,0,0,0
0,1,1,0,1.0,1,0,1,0,0,0,0,0,1,49.55,0.0,0.0,0.0,365.0,0.0,0.0,0.0,0.0,0.0,0.0,3,0,0.0,0.0,0.0,74.24,49.55,-8.51,0.0,1,2,0,0,0,0,1,0
0,0,1,0,24.0,1,1,0,0,1,0,0,0,1,79.65,0.0,0.0,0.0,365.0,0.0,0.0,0.0,0.0,0.0,0.0,3,0,0.0,0.0,0.0,84.19,80.3625,-11.89,0.0,1,1,0,1,0,0,0,1
0,1,0,0,1.0,1,0,0,0,0,0,0,0,1,71.25,0.0,0.0,0.0,365.0,1.0,4.8,4.8,1.0,0.0,1.0,2,1,0.5,15.42,30.83,100.1,71.25,-20.29,0.0,0,3,0,1,0,0,1,0
1,1,0,0,72.0,1,1,1,1,1,1,1,1,0,113.8,4.0,183.0,1.0,6.0,0.0,0.0,0.0,0.0,0.0,0.0,3,0,0.0,0.0,0.0,67.06,108.96944444444445,22.26,4.0,6,0,2,1,0,0,0,0
0,0,1,0,72.0,1,1,0,0,0,0,0,0,0,24.55,0.0,0.0,0.0,365.0,0.0,0.0,0.0,0.0,0.0,0.0,1,0,0.0,0.0,0.0,52.53,24.31527777777778,3.48,0.0,0,0,2,0,1,0,1,0
0,0,0,1,11.0,1,0,0,0,0,0,0,0,0,19.7,4.0,22.0,1.0,111.0,0.0,0.0,0.0,0.0,0.0,0.0,1,0,0.0,0.0,0.0,49.53,19.654545454545453,-1.37,4.0,0,2,0,0,1,1,0,0
1,0,0,0,9.0,1,0,0,0,0,0,0,0,0,20.25,0.0,0.0,0.0,365.0,1.0,23.7,23.7,1.0,0.0,1.0,3,0,0.0,0.0,0.0,72.73,19.833333333333332,-0.82,0.0,0,2,0,0,1,0,0,1
0,1,1,0,2.0,1,0,0,1,0,0,0,0,0,50.15,0.0,0.0,0.0,365.0,1.0,104.0,104.0,0.0,0.0,0.0,3,1,0.33,3.63,10.9,92.64,57.55,-7.91,0.0,1,3,0,0,0,1,0,0
0,1,1,0,60.0,1,1,0,0,1,0,1,1,1,100.5,0.0,0.0,0.0,365.0,0.0,0.0,0.0,0.0,0.0,0.0,3,1,0.33,3.89,11.67,60.42,100.48333333333333,8.96,0.0,3,1,1,1,0,1,0,0
1,1,1,0,29.0,1,1,0,1,1,0,0,1,1,95.9,0.0,0.0,0.0,365.0,0.0,0.0,0.0,0.0,0.0,0.0,1,0,0.0,0.0,0.0,27.19,94.66206896551724,4.36,0.0,3,1,0,1,0,0,1,0
0,0,0,0,49.0,1,0,0,0,1,1,1,1,1,74.45,0.0,0.0,0.0,365.0,0.0,0.0,0.0,0.0,0.0,0.0,2,0,0.0,0.0,0.0,73.0,75.95714285714286,16.39,0.0,4,0,2,0,0,0,0,0
0,1,0,0,30.0,1,1,0,1,1,0,1,1,1,104.1,0.0,0.0,0.0,365.0,0.0,0.0,0.0,0.0,0.0,0.0,2,1,0.5,3.08,6.15,54.26,104.03666666666666,12.56,0.0,4,2,0,1,0,0,1,0
0,0,1,0,53.0,1,0,0,0,0,0,0,0,0,19.05,0.0,0.0,0.0,365.0,0.0,0.0,0.0,0.0,0.0,0.0,2,0,0.0,0.0,0.0,87.14,18.687735849056605,-2.02,0.0,0,0,1,0,1,1,0,0
1,0,0,1,39.0,1,1,0,0,0,0,0,0,0,25.0,0.0,0.0,0.0,365.0,1.0,6.6,6.6,0.0,0.0,0.0,3,0,0.0,0.0,0.0,52.68,25.752564102564104,3.93,0.0,0,0,2,0,1,0,0,1
0,0,0,0,9.0,1,0,0,0,0,0,0,0,0,19.05,2.0,252.0,1.0,98.0,1.0,2.4,2.4,0.0,0.0,0.0,2,1,0.5,7.39,14.78,30.49,17.516666666666666,-2.02,2.0,0,3,0,0,1,0,0,1
1,0,0,0,39.0,1,0,0,0,1,1,0,0,0,81.9,1.0,178.0,1.0,215.0,0.0,0.0,0.0,0.0,0.0,0.0,1,1,1.0,13.94,13.94,89.51,82.5576923076923,-9.64,1.0,2,1,1,1,0,0,1,0
1,1,0,0,8.0,1,0,0,0,0,0,0,0,1,69.7,0.0,0.0,0.0,365.0,0.0,0.0,0.0,0.0,0.0,0.0,2,0,0.0,0.0,0.0,32.45,71.60625,-21.84,0.0,0,2,0,1,0,0,1,0
0,0,1,1,51.0,1,1,0,0,1,0,0,1,1,90.15,8.0,59.0,2.0,111.0,0.0,0.0,0.0,0.0,0.0,0.0,3,2,0.67,8.37,13.48,83.49,89.31078431372549,-1.39,4.0,2,1,1,1,0,0,1,0
1,0,1,1,71.0,1,1,0,0,0,0,0,0,0,25.35,4.0,74.0,1.0,241.0,0.0,0.0,0.0,0.0,0.0,0.0,3,1,0.33,4.18,12.55,54.06,26.021830985915493,4.28,4.0,0,1,2,0,1,1,0,0
1,1,0,0,71.0,1,1,0,0,0,0,0,0,1,24.65,6.0,39.0,1.0,180.0,1.0,5.3,5.3,1.0,0.0,1.0,3,0,0.0,0.0,0.0,73.4,24.883802816901408,3.58,6.0,0,0,2,0,1,0,0,1
0,1,1,0,70.0,1,0,0,0,0,0,0,0,1,19.55,0.0,0.0,0.0,365.0,0.0,0.0,0.0,0.0,0.0,0.0,2,0,0.0,0.0,0.0,48.66,20.88642857142857,-1.52,0.0,0,0,2,0,1,1,0,0
0,1,0,0,1.0,0,0,0,0,0,0,0,0,0,25.25,0.0,0.0,0.0,365.0,1.0,39.2,39.2,0.0,0.0,0.0,3,0,0.0,0.0,0.0,59.15,25.25,-32.81,0.0,0,2,0,0,0,0,1,0
1,0,1,0,64.0,0,0,1,1,0,1,1,1,1,60.0,6.0,5.0,1.0,30.0,0.0,0.0,0.0,0.0,0.0,0.0,2,1,0.5,3.24,6.49,84.08,34.26875,1.94,6.0,5,1,2,0,0,0,0,0
0,0,1,0,28.0,1,0,0,1,1,0,0,1,0,89.9,0.0,0.0,0.0,365.0,0.0,0.0,0.0,0.0,0.0,0.0,2,0,0.0,0.0,0.0,93.44,86.91071428571429,-1.64,0.0,3,1,0,1,0,1,0,0
0,0,1,0,32.0,1,0,0,0,0,0,0,0,0,19.4,0.0,0.0,0.0,365.0,0.0,0.0,0.0,0.0,0.0,0.0,3,1,0.33,5.03,15.1,67.24,20.0359375,-1.67,0.0,0,2,0,0,1,0,0,0
1,1,1,0,49.0,1,0,0,1,0,0,0,0,0,49.8,0.0,0.0,0.0,365.0,0.0,0.0,0.0,0.0,0.0,0.0,1,0,0.0,0.0,0.0,47.83,48.946938775510205,-8.26,0.0,1,0,2,0,0,0,0,1
0,0,1,1,37.0,1,1,0,0,0,0,0,0,1,24.1,0.0,0.0,0.0,365.0,1.0,30.2,30.2,1.0,0.0,1.0,3,1,0.33,3.3,9.89,72.99,23.293243243243243,3.03,0.0,0,1,2,0,1,0,0,0
0,0,0,0,12.0,1,0,0,0,1,1,0,0,0,54.25,7.0,31.0,1.0,260.0,0.0,0.0,0.0,0.0,0.0,0.0,3,1,0.33,3.39,10.17,69.77,48.583333333333336,-3.81,7.0,2,2,0,0,0,0,1,0
1,0,1,0,67.0,1,1,1,1,1,0,1,1,0,109.9,4.0,12.0,1.0,312.0,0.0,0.0,0.0,0.0,0.0,0.0,3,1,0.33,8.76,26.29,102.62,109.43880597014925,18.36,4.0,5,1,1,1,0,1,0,0
1,0,0,0,7.0,0,0,0,0,1,1,0,0,1,35.5,0.0,0.0,0.0,365.0,0.0,0.0,0.0,0.0,0.0,0.0,3,2,0.67,18.18,30.92,77.29,35.65,-22.56,0.0,2,2,1,0,0,1,0,0
0,0,0,0,51.0,1,0,0,0,0,0,1,1,0,87.55,0.0,0.0,0.0,365.0,0.0,0.0,0.0,0.0,0.0,0.0,3,0,0.0,0.0,0.0,86.65,87.7627450980392,-3.99,0.0,2,0,1,1,0,1,0,0
0,0,0,0,9.0,1,0,0,0,0,0,0,0,0,56.15,0.0,0.0,0.0,365.0,0.0,0.0,0.0,0.0,0.0,0.0,1,0,0.0,0.0,0.0,54.68,46.27222222222222,-1.91,0.0,0,2,0,0,0,0,1,0
0,0,0,0,9.0,1,0,0,0,0,0,1,1,1,91.75,11.0,83.0,2.0,57.0,0.0,0.0,0.0,0.0,0.0,0.0,1,0,0.0,0.0,0.0,104.47,87.62222222222222,0.21,5.5,2,2,0,1,0,0,0,1
1,0,0,0,4.0,1,0,0,0,0,1,0,0,1,50.8,0.0,0.0,0.0,365.0,0.0,0.0,0.0,0.0,0.0,0.0,2,0,0.0,0.0,0.0,75.74,50.575,-7.26,0.0,1,2,0,0,0,0,0,1
1,0,1,0,71.0,1,1,1,1,1,0,1,0,1,99.0,6.0,115.0,1.0,328.0,0.0,0.0,0.0,0.0,0.0,0.0,2,1,0.5,2.52,5.03,68.41,98.51549295774649,7.46,6.0,4,1,2,1,0,0,1,0
0,0,1,1,50.0,1,1,0,0,0,0,1,0,1,84.4,1.0,16.0,1.0,238.0,0.0,0.0,0.0,0.0,0.0,0.0,1,0,0.0,0.0,0.0,64.59,82.323,-7.14,1.0,1,1,0,1,0,0,0,0
0,1,1,1,24.0,1,0,0,0,1,0,1,1,1,96.55,0.0,0.0,0.0,365.0,0.0,0.0,0.0,0.0,0.0,0.0,1,0,0.0,0.0,0.0,108.82,94.31041666666665,5.01,0.0,3,0,2,1,0,0,1,0
1,0,1,0,44.0,1,0,1,0,0,0,1,0,1,59.75,0.0,0.0,0.0,365.0,0.0,0.0,0.0,0.0,0.0,0.0,1,0,0.0,0.0,0.0,31.86,31.235227272727272,1.69,0.0,2,0,1,0,0,0,0,0
1,0,0,0,44.0,1,1,1,1,1,0,1,1,1,111.5,5.0,90.0,1.0,24.0,0.0,0.0,0.0,0.0,0.0,0.0,3,1,0.33,1.73,5.2,52.36,111.70795454545454,19.96,5.0,5,2,0,1,0,0,1,0
0,0,1,1,33.0,1,1,0,0,0,0,0,0,0,24.25,2.0,137.0,1.0,343.0,0.0,0.0,0.0,0.0,0.0,0.0,3,1,0.33,11.32,33.97,91.74,25.40909090909091,3.18,2.0,0,2,0,0,1,0,0,0
0,0,0,0,1.0,1,1,0,0,0,0,0,0,1,75.1,7.0,274.0,1.0,361.0,0.0,0.0,0.0,0.0,0.0,0.0,2,0,0.0,0.0,0.0,85.5,75.1,-16.44,7.0,0,2,0,1,0,0,1,0
0,0,1,0,54.0,1,1,0,0,0,0,1,1,1,70.15,0.0,0.0,0.0,365.0,0.0,0.0,0.0,0.0,0.0,0.0,1,0,0.0,0.0,0.0,74.71,68.80833333333334,12.09,0.0,2,0,1,0,0,1,0,0
1,0,0,0,42.0,1,1,0,1,0,0,1,1,1,101.75,0.0,0.0,0.0,365.0,0.0,0.0,0.0,0.0,0.0,0.0,3,2,0.67,19.84,34.86,79.55,101.74880952380951,10.21,0.0,3,2,0,1,0,0,1,0
0,0,0,0,1.0,1,0,0,0,0,0,0,0,0,45.8,7.0,218.0,1.0,285.0,0.0,0.0,0.0,0.0,0.0,0.0,2,1,0.5,5.4,10.79,73.83,45.8,-12.26,7.0,0,3,0,0,0,0,1,0
0,0,0,0,1.0,1,0,0,0,0,0,0,0,0,20.5,8.0,168.0,1.0,325.0,1.0,36.4,36.4,1.0,0.0,1.0,3,0,0.0,0.0,0.0,95.12,20.5,-0.57,8.0,0,2,0,0,1,0,0,1
1,0,0,0,30.0,1,0,1,1,0,1,1,0,0,70.4,0.0,0.0,0.0,365.0,0.0,0.0,0.0,0.0,0.0,0.0,1,0,0.0,0.0,0.0,71.32,68.15833333333333,12.34,0.0,4,0,1,0,0,0,1,0
0,0,0,0,1.0,0,0,0,0,0,1,0,0,0,30.55,4.0,133.0,1.0,273.0,0.0,0.0,0.0,0.0,0.0,0.0,1,0,0.0,0.0,0.0,78.45,30.55,-27.51,4.0,1,2,0,0,0,0,0,1
1,0,1,1,16.0,1,1,1,1,0,1,1,1,0,56.15,0.0,0.0,0.0,365.0,0.0,0.0,0.0,0.0,0.0,0.0,3,1,0.33,10.82,32.47,63.18,87.390625,-1.91,0.0,5,2,0,0,0,0,1,0
1,0,0,0,1.0,1,0,0,0,0,0,0,0,1,20.15,0.0,0.0,0.0,365.0,0.0,0.0,0.0,0.0,0.0,0.0,2,0,0.0,0.0,0.0,67.24,20.1,-0.92,0.0,0,2,0,0,1,0,0,1
1,0,1,0,9.0,0,0,0,0,0,1,1,0,0,40.65,13.0,152.0,2.0,134.0,0.0,0.0,0.0,0.0,0.0,0.0,2,0,0.0,0.0,0.0,89.88,36.55,-17.41,6.5,2,2,0,0,0,0,0,1
1,1,1,0,46.0,1,1,0,0,1,0,1,1,1,101.0,0.0,0.0,0.0,365.0,0.0,0.0,0.0,0.0,0.0,0.0,1,0,0.0,0.0,0.0,107.49,101.74021739130436,9.46,0.0,3,1,0,1,0,0,1,0
1,0,0,0,1.0,1,0,0,0,0,0,0,0,1,69.1,0.0,0.0,0.0,365.0,0.0,0.0,0.0,0.0,0.0,0.0,3,1,0.33,9.68,29.04,66.73,69.1,-22.44,0.0,0,3,0,1,0,0,1,0
1,0,1,0,71.0,1,0,1,0,0,1,0,0,0,54.5,3.0,208.0,1.0,169.0,0.0,0.0,0.0,0.0,0.0,0.0,2,0,0.0,0.0,0.0,86.04,53.21408450704225,-3.56,3.0,2,0,2,0,0,0,0,0
1,0,0,0,43.0,1,1,0,0,0,0,0,0,1,75.35,0.0,0.0,0.0,365.0,0.0,0.0,0.0,0.0,0.0,0.0,2,0,0.0,0.0,0.0,77.72,73.52093023255814,-16.19,0.0,0,1,0,1,0,1,0,0
1,0,1,0,50.0,0,0,1,0,0,1,1,0,1,44.45,0.0,0.0,0.0,365.0,0.0,0.0,0.0,0.0,0.0,0.0,1,0,0.0,0.0,0.0,59.82,43.769,-13.61,0.0,3,0,1,0,0,0,0,0
0,0,0,0,13.0,1,1,0,0,0,0,0,0,1,75.0,7.0,109.0,1.0,35.0,0.0,0.0,0.0,0.0,0.0,0.0,2,1,0.5,5.14,10.29,73.0,76.88076923076923,-16.54,7.0,0,2,0,1,0,0,0,1
1,0,1,1,19.0,1,0,0,1,0,1,1,1,0,91.75,0.0,0.0,0.0,365.0,0.0,0.0,0.0,0.0,0.0,0.0,3,0,0.0,0.0,0.0,97.91,99.40263157894738,0.21,0.0,4,0,1,1,0,0,0,0
0,0,0,0,41.0,1,1,0,0,1,0,1,1,0,98.05,5.0,261.0,1.0,212.0,1.0,14.0,14.0,1.0,0.0,1.0,1,0,0.0,0.0,0.0,48.1,97.33170731707317,6.51,5.0,3,1,0,1,0,0,0,0
0,1,0,0,1.0,1,0,0,0,0,0,0,0,1,71.15,11.0,135.0,2.0,14.0,0.0,0.0,0.0,0.0,0.0,0.0,1,1,1.0,13.45,13.45,30.3,71.15,-20.39,5.5,0,3,0,1,0,0,1,0
0,0,0,0,24.0,0,0,0,1,1,0,1,1,1,54.15,0.0,0.0,0.0,365.0,0.0,0.0,0.0,0.0,0.0,0.0,3,0,0.0,0.0,0.0,69.93,51.677083333333336,-3.91,0.0,4,1,0,0,0,1,0,0
0,0,1,0,40.0,1,1,0,1,0,0,1,0,0,63.9,8.0,257.0,1.0,117.0,0.0,0.0,0.0,0.0,0.0,0.0,3,0,0.0,0.0,0.0,60.31,65.875,5.84,8.0,2,0,1,0,0,0,0,0
0,0,1,1,3.0,1,1,0,1,1,0,1,0,1,69.15,0.0,0.0,0.0,365.0,0.0,0.0,0.0,0.0,0.0,0.0,2,0,0.0,0.0,0.0,72.81,78.33333333333333,11.09,0.0,3,2,0,0,0,0,0,0
0,0,0,0,37.0,1,1,1,0,0,0,1,0,0,64.65,4.0,281.0,1.0,84.0,1.0,53.9,53.9,0.0,0.0,0.0,1,0,0.0,0.0,0.0,24.57,63.4554054054054,6.59,4.0,2,0,1,0,0,0,0,0
0,0,1,1,67.0,1,1,1,0,1,1,1,1,1,108.75,0.0,0.0,0.0,365.0,0.0,0.0,0.0,0.0,0.0,0.0,1,0,0.0,0.0,0.0,102.68,106.80895522388059,17.21,0.0,5,0,2,1,0,1,0,0
0,0,1,1,32.0,1,1,0,1,0,0,1,1,1,98.85,0.0,0.0,0.0,365.0,0.0,0.0,0.0,0.0,0.0,0.0,2,1,0.5,4.44,8.88,56.72,96.55,7.31,0.0,3,2,0,1,0,0,1,0
0,0,1,0,6.0,1,0,0,0,0,1,0,0,1,49.15,13.0,159.0,2.0,18.0,0.0,0.0,0.0,0.0,0.0,0.0,2,0,0.0,0.0,0.0,69.32,45.13333333333333,-8.91,6.5,1,2,0,0,0,0,1,0
0,0,1,1,32.0,1,1,1,0,0,0,1,0,0,89.6,0.0,0.0,0.0,365.0,0.0,0.0,0.0,0.0,0.0,0.0,1,0,0.0,0.0,0.0,24.8,90.68125,-1.94,0.0,2,1,0,1,0,0,1,0
0,0,0,0,59.0,1,1,0,1,1,0,0,0,1,83.25,0.0,0.0,0.0,365.0,0.0,0.0,0.0,0.0,0.0,0.0,3,0,0.0,0.0,0.0,77.92,83.88305084745764,-8.29,0.0,2,1,0,1,0,0,1,0
0,0,1,0,30.0,1,0,0,1,1,1,0,1,0,70.25,4.0,198.0,1.0,302.0,0.0,0.0,0.0,0.0,0.0,0.0,3,2,0.67,7.4,11.68,64.47,73.29666666666667,12.19,4.0,4,1,1,0,0,0,0,0
1,0,0,1,20.0,1,0,0,0,0,0,0,0,1,19.4,8.0,70.0,1.0,101.0,0.0,0.0,0.0,0.0,0.0,0.0,1,0,0.0,0.0,0.0,96.09,18.725,-1.67,8.0,0,1,0,0,1,0,1,0
0,0,1,1,27.0,1,1,0,0,0,0,0,0,0,24.5,0.0,0.0,0.0,365.0,0.0,0.0,0.0,0.0,0.0,0.0,2,0,0.0,0.0,0.0,44.75,28.22037037037037,3.43,0.0,0,0,2,0,1,0,1,0
0,1,0,0,20.0,1,1,1,0,0,0,0,0,1,91.75,2.0,92.0,1.0,56.0,0.0,0.0,0.0,0.0,0.0,0.0,2,0,0.0,0.0,0.0,29.58,76.045,0.21,2.0,1,1,0,1,0,0,1,0
1,0,0,1,9.0,1,0,0,0,0,0,0,0,0,20.1,0.0,0.0,0.0,365.0,0.0,0.0,0.0,0.0,0.0,0.0,3,1,0.33,6.07,18.22,99.46,21.13888888888889,-0.97,0.0,0,2,1,0,1,0,0,1
0,0,1,1,68.0,1,1,1,1,1,0,1,0,1,73.0,0.0,0.0,0.0,365.0,1.0,1.8,1.8,1.0,0.0,1.0,1,1,1.0,13.9,13.9,49.72,75.92647058823529,14.94,0.0,4,1,1,0,0,1,0,0
0,0,1,1,69.0,1,1,1,0,0,1,0,0,0,61.4,16.0,182.0,2.0,187.0,0.0,0.0,0.0,0.0,0.0,0.0,1,0,0.0,0.0,0.0,79.63,58.83840579710145,3.34,8.0,2,0,2,0,0,1,0,0
1,0,0,0,26.0,1,1,0,0,1,1,0,0,1,84.3,0.0,0.0,0.0,365.0,0.0,0.0,0.0,0.0,0.0,0.0,1,0,0.0,0.0,0.0,113.1,87.75384615384615,-7.24,0.0,2,1,0,1,0,0,0,1
1,0,1,1,69.0,1,0,0,0,0,0,0,0,0,19.9,0.0,0.0,0.0,365.0,0.0,0.0,0.0,0.0,0.0,0.0,2,1,0.5,17.94,35.88,80.4,19.66231884057971,-1.17,0.0,0,1,2,0,1,0,0,0
1,0,0,0,11.0,1,0,0,0,0,0,0,0,0,20.4,4.0,180.0,1.0,62.0,0.0,0.0,0.0,0.0,0.0,0.0,2,0,0.0,0.0,0.0,104.85,21.04090909090909,-0.67,4.0,0,1,2,0,1,0,0,1
1,0,0,0,1.0,1,1,0,0,0,0,0,0,0,50.75,3.0,68.0,1.0,348.0,0.0,0.0,0.0,0.0,0.0,0.0,1,0,0.0,0.0,0.0,44.36,50.75,-7.31,3.0,0,2,0,0,0,0,0,1
1,0,1,1,44.0,1,0,0,0,0,0,0,0,0,20.45,0.0,0.0,0.0,365.0,0.0,0.0,0.0,0.0,0.0,0.0,1,0,0.0,0.0,0.0,75.16,5.509090909090909,-0.62,0.0,0,0,1,0,1,0,0,1
0,0,1,1,55.0,1,1,1,1,0,1,0,1,1,75.75,0.0,0.0,0.0,365.0,0.0,0.0,0.0,0.0,0.0,0.0,3,0,0.0,0.0,0.0,90.29,77.53181818181818,17.69,0.0,4,0,1,0,0,0,0,0
1,0,0,0,44.0,1,0,1,0,0,1,1,0,0,65.4,0.0,0.0,0.0,365.0,0.0,0.0,0.0,0.0,0.0,0.0,2,0,0.0,0.0,0.0,89.24,63.05795454545455,7.34,0.0,3,0,1,0,0,0,1,0
1,1,1,0,46.0,1,0,0,0,0,0,0,1,1,80.4,5.0,152.0,1.0,310.0,0.0,0.0,0.0,0.0,0.0,0.0,1,0,0.0,0.0,0.0,85.48,78.37391304347825,-11.14,5.0,1,1,0,1,0,0,1,0
1,0,1,1,69.0,1,0,1,1,1,0,0,0,1,59.75,0.0,0.0,0.0,365.0,0.0,0.0,0.0,0.0,0.0,0.0,1,0,0.0,0.0,0.0,96.15,58.984057971014494,1.69,0.0,3,0,2,0,0,0,0,0
1,1,0,0,11.0,1,0,0,0,0,0,0,1,1,78.5,7.0,104.0,1.0,364.0,0.0,0.0,0.0,0.0,0.0,0.0,2,1,0.5,4.52,9.04,64.92,79.47272727272728,-13.04,7.0,1,3,0,1,0,0,1,0
0,0,1,0,11.0,1,1,0,1,0,0,1,1,1,102.0,0.0,0.0,0.0,365.0,0.0,0.0,0.0,0.0,0.0,0.0,3,0,0.0,0.0,0.0,71.38,104.12272727272726,10.46,0.0,3,2,0,1,0,0,1,0
1,0,0,0,29.0,1,0,0,0,1,0,0,0,0,48.95,5.0,225.0,1.0,81.0,1.0,8.9,8.9,0.0,0.0,0.0,1,0,0.0,0.0,0.0,43.9,45.6448275862069,-9.11,5.0,1,1,0,0,0,0,0,0
0,0,1,0,57.0,1,1,1,0,0,0,1,1,1,99.65,0.0,0.0,0.0,365.0,1.0,37.0,37.0,1.0,0.0,1.0,3,1,0.33,18.18,54.53,62.23,96.43947368421053,8.11,0.0,3,2,0,1,0,0,1,0
1,0,0,0,28.0,1,0,0,0,0,0,0,0,0,18.25,13.0,77.0,2.0,9.0,0.0,0.0,0.0,0.0,0.0,0.0,1,0,0.0,0.0,0.0,79.02,19.09642857142857,-2.82,6.5,0,0,1,0,1,1,0,0
0,0,0,0,42.0,1,0,1,0,1,0,0,0,0,54.55,0.0,0.0,0.0,365.0,0.0,0.0,0.0,0.0,0.0,0.0,1,0,0.0,0.0,0.0,92.85,58.453571428571436,-3.51,0.0,2,1,0,0,0,1,0,0
0,0,0,0,2.0,1,0,0,0,0,0,0,0,0,20.65,0.0,0.0,0.0,365.0,0.0,0.0,0.0,0.0,0.0,0.0,2,0,0.0,0.0,0.0,52.78,19.35,-0.42,0.0,0,2,0,0,1,0,0,1
1,0,0,1,23.0,0,0,1,1,0,1,0,0,0,40.65,3.0,177.0,1.0,339.0,0.0,0.0,0.0,0.0,0.0,0.0,2,1,0.5,13.95,27.9,89.23,41.19130434782608,-17.41,3.0,3,1,1,0,0,0,0,0
0,0,1,1,18.0,1,0,0,0,0,0,0,0,0,20.45,8.0,233.0,1.0,231.0,0.0,0.0,0.0,0.0,0.0,0.0,1,0,0.0,0.0,0.0,103.2,19.833333333333332,-0.62,8.0,0,1,0,0,1,0,0,1
1,0,1,1,62.0,1,1,0,0,0,0,0,0,0,24.8,0.0,0.0,0.0,365.0,0.0,0.0,0.0,0.0,0.0,0.0,2,0,0.0,0.0,0.0,57.16,23.81048387096774,3.73,0.0,0,0,1,0,1,0,0,0
0,0,0,0,1.0,1,0,0,0,0,0,0,0,1,70.8,0.0,0.0,0.0,365.0,0.0,0.0,0.0,0.0,0.0,0.0,3,0,0.0,0.0,0.0,95.05,70.8,-20.74,0.0,0,2,0,1,0,0,0,1
1,0,0,0,16.0,1,1,0,0,0,1,0,1,1,89.05,9.0,94.5,2.0,181.0,0.0,0.0,0.0,0.0,0.0,0.0,1,0,0.0,0.0,0.0,117.97,90.5375,-2.49,4.5,2,1,0,1,0,1,0,0
0,0,0,0,3.0,1,1,0,0,0,0,1,1,1,96.6,0.0,0.0,0.0,365.0,0.0,0.0,0.0,0.0,0.0,0.0,1,0,0.0,0.0,0.0,44.11,97.3,5.06,0.0,2,2,0,1,0,0,1,0
1,0,0,0,67.0,1,1,1,1,1,1,1,1,1,88.8,0.0,0.0,0.0,365.0,0.0,0.0,0.0,0.0,0.0,0.0,3,0,0.0,0.0,0.0,79.21,88.10671641791045,30.74,0.0,6,0,1,0,0,0,0,0
1,0,0,0,62.0,1,0,0,0,0,0,0,0,1,20.15,0.0,0.0,0.0,365.0,0.0,0.0,0.0,0.0,0.0,0.0,2,0,0.0,0.0,0.0,21.42,19.381451612903227,-0.92,0.0,0,0,2,0,1,1,0,0
0,0,1,0,57.0,1,1,0,1,1,0,1,1,1,104.5,0.0,0.0,0.0,365.0,0.0,0.0,0.0,0.0,0.0,0.0,3,2,0.67,11.98,22.25,60.65,103.88333333333334,12.96,0.0,4,2,0,1,0,1,0,0
1,0,0,0,2.0,1,0,0,0,0,0,0,0,1,69.8,0.0,0.0,0.0,365.0,0.0,0.0,0.0,0.0,0.0,0.0,3,0,0.0,0.0,0.0,99.32,73.325,-21.74,0.0,0,2,0,1,0,0,1,0
0,0,1,1,64.0,1,1,1,0,1,1,1,0,1,77.15,5.0,246.0,1.0,42.0,0.0,0.0,0.0,0.0,0.0,0.0,2,0,0.0,0.0,0.0,67.76,27.490625,19.09,5.0,4,0,2,0,0,0,0,0
0,0,0,1,25.0,0,0,1,0,0,1,0,0,0,35.05,5.0,299.0,1.0,303.0,0.0,0.0,0.0,0.0,0.0,0.0,1,0,0.0,0.0,0.0,31.16,33.778,-23.01,5.0,2,0,2,0,0,0,0,0
0,1,0,0,72.0,1,1,0,1,1,1,1,1,1,108.1,0.0,0.0,0.0,365.0,0.0,0.0,0.0,0.0,0.0,0.0,1,0,0.0,0.0,0.0,36.05,107.97291666666666,16.56,0.0,5,0,2,1,0,0,0,0
0,0,1,0,2.0,1,1,0,0,0,0,1,0,1,84.05,0.0,0.0,0.0,365.0,0.0,0.0,0.0,0.0,0.0,0.0,1,0,0.0,0.0,0.0,50.63,67.025,-7.49,0.0,1,2,0,1,0,0,1,0
0,0,0,0,8.0,1,0,0,0,0,0,0,0,1,20.2,0.0,0.0,0.0,365.0,0.0,0.0,0.0,0.0,0.0,0.0,1,0,0.0,0.0,0.0,24.45,17.61875,-0.87,0.0,0,1,1,0,1,0,0,0
0,0,0,0,5.0,1,1,0,0,0,0,0,0,1,50.6,8.0,43.0,2.0,274.0,0.0,0.0,0.0,0.0,0.0,0.0,1,1,1.0,8.28,8.28,83.76,49.989999999999995,-7.46,4.0,0,3,0,0,0,0,0,1
1,0,0,0,35.0,0,0,0,0,1,0,1,1,0,49.2,0.0,0.0,0.0,365.0,0.0,0.0,0.0,0.0,0.0,0.0,2,0,0.0,0.0,0.0,61.95,48.61857142857143,-8.86,0.0,3,1,0,0,0,0,1,0
1,0,0,0,24.0,1,1,0,0,0,0,0,0,0,24.6,7.0,133.0,2.0,145.0,0.0,0.0,0.0,0.0,0.0,0.0,2,1,0.5,7.06,14.11,65.6,24.693749999999998,3.53,3.5,0,1,1,0,1,0,1,0
0,0,1,1,2.0,1,0,0,0,0,0,0,0,1,71.65,6.0,64.0,1.0,121.0,0.0,0.0,0.0,0.0,0.0,0.0,1,0,0.0,0.0,0.0,101.12,67.875,-19.89,6.0,0,2,0,1,0,0,1,0
1,0,1,1,72.0,1,1,1,1,1,1,0,1,1,104.9,0.0,0.0,0.0,365.0,0.0,0.0,0.0,0.0,0.0,0.0,3,1,0.33,6.54,19.62,72.54,107.39791666666666,13.36,0.0,5,1,2,1,0,1,0,0
0,0,0,0,41.0,1,1,1,1,1,1,1,0,1,106.5,6.0,137.5,2.0,76.0,0.0,0.0,0.0,0.0,0.0,0.0,2,0,0.0,0.0,0.0,32.38,104.44878048780487,14.96,3.0,5,1,0,1,0,0,1,0
1,0,0,1,4.0,1,0,1,0,0,0,0,0,0,49.35,0.0,0.0,0.0,365.0,0.0,0.0,0.0,0.0,0.0,0.0,1,0,0.0,0.0,0.0,26.72,54.9125,-8.71,0.0,1,2,0,0,0,0,1,0
1,0,0,0,26.0,1,0,0,1,0,0,0,0,0,75.5,0.0,0.0,0.0,365.0,0.0,0.0,0.0,0.0,0.0,0.0,2,0,0.0,0.0,0.0,99.15,77.61923076923077,-16.04,0.0,1,0,1,1,0,0,0,0
1,0,0,0,7.0,1,0,0,1,0,0,1,1,1,94.25,0.0,0.0,0.0,365.0,0.0,0.0,0.0,0.0,0.0,0.0,1,0,0.0,0.0,0.0,74.72,95.57142857142857,2.71,0.0,3,2,0,1,0,0,1,0
0,0,1,0,1.0,1,0,0,0,0,0,0,0,1,68.95,0.0,0.0,0.0,365.0,0.0,0.0,0.0,0.0,0.0,0.0,3,1,0.33,8.99,26.97,79.06,68.95,-22.59,0.0,0,3,0,1,0,0,1,0
0,0,1,1,4.0,1,1,0,1,0,1,0,0,1,58.5,3.0,26.0,1.0,154.0,0.0,0.0,0.0,0.0,0.0,0.0,1,1,1.0,4.89,4.89,61.4,56.2125,0.44,3.0,2,3,0,0,0,0,0,1
1,0,0,0,48.0,1,0,0,1,1,1,1,1,0,78.9,8.0,65.0,1.0,146.0,0.0,0.0,0.0,0.0,0.0,0.0,1,0,0.0,0.0,0.0,70.72,78.57291666666667,20.84,8.0,5,0,2,0,0,1,0,0
1,1,0,0,2.0,1,1,0,0,0,0,1,1,1,93.85,6.0,287.0,1.0,209.0,0.0,0.0,0.0,0.0,0.0,0.0,1,0,0.0,0.0,0.0,113.45,98.375,2.31,6.0,2,2,0,1,0,0,1,0
0,1,1,0,12.0,1,0,1,0,1,1,1,1,1,79.2,0.0,0.0,0.0,365.0,0.0,0.0,0.0,0.0,0.0,0.0,3,1,0.33,9.8,29.39,73.1,78.65416666666667,21.14,0.0,5,1,1,0,0,0,1,0
1,0,1,0,60.0,1,1,1,0,1,1,1,1,1,109.45,0.0,0.0,0.0,365.0,0.0,0.0,0.0,0.0,0.0,0.0,2,1,0.5,20.02,40.04,65.68,109.5475,17.91,0.0,5,2,0,1,0,0,0,0
1,0,0,0,55.0,1,0,1,0,1,1,0,0,1,59.2,0.0,0.0,0.0,365.0,0.0,0.0,0.0,0.0,0.0,0.0,2,2,1.0,21.77,28.19,57.45,57.74272727272727,1.14,0.0,3,1,2,0,0,0,1,0
1,0,0,0,1.0,0,0,0,0,0,1,0,0,0,29.15,0.0,0.0,0.0,365.0,0.0,0.0,0.0,0.0,0.0,0.0,2,0,0.0,0.0,0.0,52.8,29.15,-28.91,0.0,1,2,0,0,0,0,0,1
1,0,0,0,1.0,1,0,0,0,0,0,0,0,0,20.05,12.0,150.0,2.0,49.0,0.0,0.0,0.0,0.0,0.0,0.0,2,0,0.0,0.0,0.0,95.45,20.05,-1.02,6.0,0,2,0,0,1,0,0,1
1,0,0,0,4.0,1,1,0,0,0,0,0,0,1,76.05,0.0,0.0,0.0,365.0,0.0,0.0,0.0,0.0,0.0,0.0,1,0,0.0,0.0,0.0,101.11,79.725,-15.49,0.0,0,2,0,1,0,0,1,0
1,0,0,0,1.0,0,0,0,0,0,0,0,0,1,24.45,0.0,0.0,0.0,365.0,1.0,43.3,43.3,0.0,0.0,0.0,1,0,0.0,0.0,0.0,23.82,24.45,-33.61,0.0,0,2,0,0,0,0,0,1
0,0,0,0,42.0,1,0,0,0,1,1,0,1,0,66.5,0.0,0.0,0.0,365.0,0.0,0.0,0.0,0.0,0.0,0.0,3,1,0.33,3.52,10.57,74.89,65.7797619047619,8.44,0.0,3,1,2,0,0,1,0,0
0,0,0,0,1.0,1,0,1,0,0,0,0,0,0,49.55,0.0,0.0,0.0,365.0,0.0,0.0,0.0,0.0,0.0,0.0,2,0,0.0,0.0,0.0,40.38,49.55,-8.51,0.0,1,2,0,0,0,0,0,0
1,0,0,0,7.0,1,1,0,0,1,0,1,0,1,89.35,0.0,0.0,0.0,365.0,0.0,0.0,0.0,0.0,0.0,0.0,1,0,0.0,0.0,0.0,67.52,90.26428571428572,-2.19,0.0,2,2,0,1,0,1,0,0
1,0,0,0,3.0,1,0,0,0,1,0,0,0,1,73.6,0.0,0.0,0.0,365.0,1.0,42.8,42.8,0.0,0.0,0.0,3,2,0.67,9.21,16.94,59.86,77.5,-17.94,0.0,1,3,0,1,0,1,0,0
0,0,1,0,72.0,1,1,1,1,1,0,1,1,1,82.65,0.0,0.0,0.0,365.0,0.0,0.0,0.0,0.0,0.0,0.0,2,0,0.0,0.0,0.0,102.8,82.21319444444445,24.59,0.0,5,0,2,0,0,1,0,0
1,0,0,0,15.0,1,1,0,0,0,0,0,0,1,49.0,0.0,0.0,0.0,365.0,1.0,17.3,17.3,0.0,1.0,0.0,1,1,1.0,19.75,19.75,57.92,49.95,-9.06,0.0,0,2,0,0,0,0,1,0
1,0,1,0,4.0,1,0,0,0,0,0,1,0,1,91.75,6.0,195.0,2.0,47.0,0.0,0.0,0.0,0.0,0.0,0.0,2,1,0.5,7.16,14.33,95.66,76.85,0.21,3.0,1,3,0,1,0,0,1,0
0,0,0,0,11.0,1,1,0,0,0,0,0,0,0,25.2,0.0,0.0,0.0,365.0,0.0,0.0,0.0,0.0,0.0,0.0,1,1,1.0,8.21,8.21,25.74,22.286363636363635,4.13,0.0,0,2,1,0,1,0,1,0
0,0,0,0,5.0,1,1,0,0,0,0,0,0,0,25.45,0.0,0.0,0.0,365.0,0.0,0.0,0.0,0.0,0.0,0.0,1,0,0.0,0.0,0.0,80.92,26.95,4.38,0.0,0,2,0,0,1,0,0,1
0,1,0,0,1.0,1,0,1,0,1,0,0,0,1,55.8,9.0,193.0,1.0,161.0,1.0,1.1,1.1,1.0,0.0,1.0,1,0,0.0,0.0,0.0,51.33,55.8,-2.26,9.0,2,2,0,0,0,0,1,0
1,0,1,0,72.0,1,1,1,0,1,1,1,1,1,110.9,0.0,0.0,0.0,365.0,0.0,0.0,0.0,0.0,0.0,0.0,3,0,0.0,0.0,0.0,96.33,114.45625000000001,19.36,0.0,5,0,2,1,0,1,0,0
0,0,1,0,55.0,1,1,0,1,0,0,0,0,1,77.75,8.0,251.0,1.0,46.0,0.0,0.0,0.0,0.0,0.0,0.0,2,0,0.0,0.0,0.0,104.86,77.57090909090908,-13.79,8.0,1,1,0,1,0,1,0,0
0,0,1,1,40.0,1,1,0,0,0,0,0,0,1,26.2,0.0,0.0,0.0,365.0,0.0,0.0,0.0,0.0,0.0,0.0,1,0,0.0,0.0,0.0,61.25,26.9375,5.13,0.0,0,1,0,0,1,0,1,0
0,0,1,0,57.0,1,0,0,0,0,0,0,0,0,19.9,0.0,0.0,0.0,365.0,0.0,0.0,0.0,0.0,0.0,0.0,2,0,0.0,0.0,0.0,92.68,19.5719298245614,-1.17,0.0,0,0,2,0,1,0,0,0
1,0,0,0,1.0,1,0,0,0,0,0,1,0,1,79.05,0.0,0.0,0.0,365.0,0.0,0.0,0.0,0.0,0.0,0.0,2,0,0.0,0.0,0.0,83.12,79.05,-12.49,0.0,1,2,0,1,0,0,1,0
1,0,1,0,1.0,1,0,1,0,0,0,1,1,1,95.0,0.0,0.0,0.0,365.0,0.0,0.0,0.0,0.0,0.0,0.0,3,0,0.0,0.0,0.0,68.13,95.0,3.46,0.0,3,2,0,1,0,0,1,0
0,0,0,0,1.0,0,0,0,0,0,0,0,0,0,25.2,0.0,0.0,0.0,365.0,0.0,0.0,0.0,0.0,0.0,0.0,3,1,0.33,0.35,1.06,43.16,25.2,-32.86,0.0,0,3,0,0,0,0,0,1
1,1,1,1,52.0,1,1,0,1,1,0,1,1,1,80.85,4.0,205.0,1.0,91.0,0.0,0.0,0.0,0.0,0.0,0.0,1,0,0.0,0.0,0.0,103.96,78.45288461538462,22.79,4.0,4,0,1,0,0,0,1,0
1,1,0,0,41.0,1,1,0,0,1,0,1,1,1,98.4,0.0,0.0,0.0,365.0,0.0,0.0,0.0,0.0,0.0,0.0,2,0,0.0,0.0,0.0,69.82,102.14024390243902,6.86,0.0,3,1,0,1,0,0,1,0
1,0,1,0,43.0,1,0,0,0,0,0,1,0,1,56.35,0.0,0.0,0.0,365.0,0.0,0.0,0.0,0.0,0.0,0.0,1,0,0.0,0.0,0.0,40.55,55.608139534883726,-1.71,0.0,1,0,1,0,0,0,0,1
0,0,1,1,47.0,1,0,0,0,0,0,0,0,0,19.3,2.0,150.0,1.0,349.0,0.0,0.0,0.0,0.0,0.0,0.0,1,0,0.0,0.0,0.0,26.92,18.9468085106383,-1.77,2.0,0,0,2,0,1,0,0,0
1,0,0,0,3.0,1,1,0,0,0,0,0,0,0,50.4,0.0,0.0,0.0,365.0,1.0,2.2,2.2,0.0,0.0,0.0,3,0,0.0,0.0,0.0,42.97,45.75,-7.66,0.0,0,2,0,0,0,0,0,0
1,1,1,1,66.0,1,1,1,1,1,1,1,0,0,79.4,0.0,0.0,0.0,365.0,0.0,0.0,0.0,0.0,0.0,0.0,3,0,0.0,0.0,0.0,64.74,78.10000000000001,21.34,0.0,5,0,2,0,0,1,0,0
1,0,1,1,55.0,1,0,0,0,1,1,0,0,1,55.25,0.0,0.0,0.0,365.0,1.0,8.8,8.8,0.0,1.0,0.0,2,0,0.0,0.0,0.0,89.69,56.72545454545455,-2.81,0.0,2,0,2,0,0,1,0,0
1,0,0,0,29.0,1,0,0,0,0,0,0,0,0,19.1,3.0,40.0,1.0,43.0,0.0,0.0,0.0,0.0,0.0,0.0,2,0,0.0,0.0,0.0,26.23,18.25862068965517,-1.97,3.0,0,0,1,0,1,0,0,1
0,0,0,1,12.0,1,1,0,0,0,0,1,0,1,84.05,0.0,0.0,0.0,365.0,0.0,0.0,0.0,0.0,0.0,0.0,2,0,0.0,0.0,0.0,72.68,80.54583333333333,-7.49,0.0,1,1,0,1,0,0,1,0
0,0,1,0,66.0,1,1,0,1,1,0,1,1,1,105.2,0.0,0.0,0.0,365.0,1.0,34.1,34.1,0.0,0.0,0.0,1,1,1.0,38.57,38.57,89.3,105.10378787878788,13.66,0.0,4,2,0,1,0,0,1,0
1,1,0,0,35.0,1,1,0,0,1,0,1,1,1,101.4,6.0,143.0,1.0,226.0,1.0,11.1,11.1,1.0,0.0,1.0,1,0,0.0,0.0,0.0,65.63,99.89428571428572,9.86,6.0,3,1,0,1,0,0,1,0
1,1,1,0,10.0,1,1,0,0,1,0,0,1,1,89.8,0.0,0.0,0.0,365.0,0.0,0.0,0.0,0.0,0.0,0.0,2,1,0.5,7.12,14.25,44.34,91.42999999999999,-1.74,0.0,2,3,0,1,0,0,1,0
1,0,1,1,27.0,1,1,0,0,0,0,0,0,1,75.75,0.0,0.0,0.0,365.0,0.0,0.0,0.0,0.0,0.0,0.0,2,0,0.0,0.0,0.0,95.46,71.44444444444444,-15.79,0.0,0,1,0,1,0,0,0,0
0,0,0,0,58.0,1,0,0,0,0,1,1,1,1,95.3,6.0,106.0,1.0,281.0,0.0,0.0,0.0,0.0,0.0,0.0,1,0,0.0,0.0,0.0,60.2,100.3051724137931,3.76,6.0,3,1,0,1,0,0,1,0
1,0,1,0,54.0,1,0,1,1,1,1,1,1,0,109.75,0.0,0.0,0.0,365.0,0.0,0.0,0.0,0.0,0.0,0.0,1,1,1.0,39.71,39.71,83.66,113.15185185185184,18.21,0.0,6,1,2,1,0,0,0,0
1,0,0,0,9.0,1,0,0,0,0,0,0,0,0,19.85,0.0,0.0,0.0,365.0,0.0,0.0,0.0,0.0,0.0,0.0,2,0,0.0,0.0,0.0,65.08,19.866666666666667,-1.22,0.0,0,2,0,0,1,0,0,1
1,0,0,0,2.0,1,0,0,0,0,0,0,0,0,19.3,6.0,299.0,1.0,149.0,0.0,0.0,0.0,0.0,0.0,0.0,3,0,0.0,0.0,0.0,80.58,14.15,-1.77,6.0,0,1,1,0,1,1,0,0
1,0,0,0,6.0,1,0,0,0,0,0,0,0,1,69.1,0.0,0.0,0.0,365.0,0.0,0.0,0.0,0.0,0.0,0.0,1,0,0.0,0.0,0.0,83.08,72.5,-22.44,0.0,0,2,0,1,0,0,1,0
0,1,0,0,26.0,1,0,0,0,0,0,1,1,1,91.25,0.0,0.0,0.0,365.0,1.0,10.9,10.9,1.0,0.0,1.0,1,0,0.0,0.0,0.0,40.84,90.45384615384616,-0.29,0.0,2,1,0,1,0,0,1,0
0,0,0,0,9.0,1,0,0,0,0,0,0,0,0,20.25,0.0,0.0,0.0,365.0,0.0,0.0,0.0,0.0,0.0,0.0,3,1,0.33,17.44,52.31,103.19,20.683333333333334,-0.82,0.0,0,3,0,0,1,0,0,1
1,0,1,0,8.0,1,0,0,1,1,0,0,0,1,54.75,5.0,131.0,1.0,95.0,0.0,0.0,0.0,0.0,0.0,0.0,3,1,0.33,15.66,46.98,96.08,55.73125,-3.31,5.0,2,3,0,0,0,0,0,1
1,0,0,0,12.0,1,0,0,0,0,0,1,0,1,81.45,0.0,0.0,0.0,365.0,0.0,0.0,0.0,0.0,0.0,0.0,1,0,0.0,0.0,0.0,45.18,76.0,-10.09,0.0,1,1,0,1,0,0,1,0
0,0,0,0,15.0,1,1,0,0,0,0,0,0,1,49.1,6.0,82.0,1.0,119.0,0.0,0.0,0.0,0.0,0.0,0.0,2,1,0.5,12.74,25.49,58.11,45.30333333333333,-8.96,6.0,0,2,0,0,0,0,1,0
1,0,1,0,43.0,1,1,1,0,1,0,1,1,1,80.2,0.0,0.0,0.0,365.0,1.0,2.4,2.4,0.0,0.0,0.0,3,0,0.0,0.0,0.0,35.47,83.29302325581395,22.14,0.0,4,0,1,0,0,0,1,0
1,0,0,0,42.0,1,1,0,0,0,1,1,1,1,100.3,0.0,0.0,0.0,365.0,0.0,0.0,0.0,0.0,0.0,0.0,2,1,0.5,6.22,12.43,48.37,100.54642857142856,8.76,0.0,3,2,0,1,0,0,1,0
0,0,0,0,31.0,1,1,1,0,1,1,0,0,0,65.25,0.0,0.0,0.0,365.0,0.0,0.0,0.0,0.0,0.0,0.0,1,0,0.0,0.0,0.0,109.16,64.33225806451613,7.19,0.0,3,1,0,0,0,1,0,0
0,0,0,1,66.0,1,1,1,0,1,1,0,0,1,90.95,7.0,183.5,2.0,154.0,0.0,0.0,0.0,0.0,0.0,0.0,2,0,0.0,0.0,0.0,96.86,89.84924242424243,-0.59,3.5,3,0,2,1,0,1,0,0
0,1,0,0,12.0,1,1,0,1,0,1,0,0,1,85.45,0.0,0.0,0.0,365.0,1.0,5.3,5.3,0.0,0.0,0.0,2,1,0.5,9.88,19.77,50.71,125.4875,-6.09,0.0,2,2,0,1,0,0,1,0
1,0,0,0,12.0,1,0,0,0,0,0,0,0,0,20.0,6.0,72.0,1.0,132.0,0.0,0.0,0.0,0.0,0.0,0.0,3,0,0.0,0.0,0.0,80.95,1.6666666666666667,-1.07,6.0,0,1,0,0,1,0,0,1
1,0,1,0,61.0,1,1,0,1,0,1,1,0,1,94.1,7.0,82.0,1.0,181.0,0.0,0.0,0.0,0.0,0.0,0.0,3,0,0.0,0.0,0.0,56.58,92.43114754098362,2.56,7.0,3,0,2,1,0,0,1,0
1,0,0,0,10.0,1,1,0,1,0,0,0,0,0,79.85,0.0,0.0,0.0,365.0,0.0,0.0,0.0,0.0,0.0,0.0,2,0,0.0,0.0,0.0,31.66,79.725,-11.69,0.0,1,2,0,1,0,0,1,0
1,1,0,0,1.0,1,0,0,0,0,0,0,0,1,71.65,0.0,0.0,0.0,365.0,0.0,0.0,0.0,0.0,0.0,0.0,1,0,0.0,0.0,0.0,97.46,71.65,-19.89,0.0,0,2,0,1,0,0,1,0
0,1,0,0,18.0,1,0,0,1,0,0,0,0,1,73.55,0.0,0.0,0.0,365.0,0.0,0.0,0.0,0.0,0.0,0.0,2,0,0.0,0.0,0.0,64.18,75.525,-17.99,0.0,1,1,0,1,0,0,1,0
1,0,1,0,24.0,1,1,0,1,1,0,1,1,1,104.65,7.0,166.0,1.0,75.0,1.0,9.5,9.5,1.0,0.0,1.0,1,0,0.0,0.0,0.0,54.85,105.93541666666665,13.11,7.0,4,1,0,1,0,0,1,0
0,0,1,1,3.0,1,0,0,0,0,0,0,0,0,19.3,0.0,0.0,0.0,365.0,1.0,15.9,15.9,1.0,0.0,1.0,1,0,0.0,0.0,0.0,82.31,18.233333333333334,-1.77,0.0,0,2,0,0,1,0,0,1
1,0,0,0,50.0,1,0,0,0,0,0,0,0,0,20.15,0.0,0.0,0.0,365.0,0.0,0.0,0.0,0.0,0.0,0.0,3,0,0.0,0.0,0.0,88.26,19.781,-0.92,0.0,0,0,1,0,1,1,0,0
1,0,1,1,1.0,1,0,0,0,0,0,0,0,0,44.55,4.0,183.0,1.0,265.0,0.0,0.0,0.0,0.0,0.0,0.0,2,0,0.0,0.0,0.0,71.39,44.55,-13.51,4.0,0,2,0,0,0,0,1,0
1,0,0,0,2.0,1,0,1,0,0,1,0,0,1,54.45,6.0,262.0,1.0,8.0,1.0,49.8,49.8,0.0,1.0,0.0,2,0,0.0,0.0,0.0,92.56,43.65,-3.61,6.0,2,2,0,0,0,0,0,1
1,0,0,0,17.0,1,0,0,0,0,0,0,0,1,19.65,0.0,0.0,0.0,365.0,0.0,0.0,0.0,0.0,0.0,0.0,2,0,0.0,0.0,0.0,88.39,20.679411764705883,-1.42,0.0,0,0,1,0,1,0,0,0
1,0,1,1,69.0,1,1,0,1,1,0,1,1,1,105.0,0.0,0.0,0.0,365.0,0.0,0.0,0.0,0.0,0.0,0.0,2,0,0.0,0.0,0.0,64.86,105.76449275362319,13.46,0.0,4,0,2,1,0,0,1,0
1,0,1,0,72.0,1,1,1,1,1,1,1,1,1,88.7,4.0,230.0,1.0,323.0,0.0,0.0,0.0,0.0,0.0,0.0,3,1,0.33,5.49,16.46,57.03,87.52361111111111,30.64,4.0,6,1,2,0,0,1,0,0
0,0,0,0,3.0,1,1,0,0,0,0,0,0,1,74.25,0.0,0.0,0.0,365.0,1.0,16.6,16.6,0.0,0.0,0.0,2,1,0.5,9.76,19.53,54.82,70.10000000000001,-17.29,0.0,0,3,0,1,0,0,1,0
1,1,1,1,50.0,1,1,1,1,1,0,0,1,1,75.15,0.0,0.0,0.0,365.0,0.0,0.0,0.0,0.0,0.0,0.0,1,0,0.0,0.0,0.0,83.28,76.449,17.09,0.0,4,0,2,0,0,0,0,0
0,0,0,0,53.0,1,0,0,0,0,0,0,0,0,20.25,0.0,0.0,0.0,365.0,0.0,0.0,0.0,0.0,0.0,0.0,1,1,1.0,29.0,29.0,72.13,19.782075471698114,-0.82,0.0,0,1,2,0,1,0,0,1
0,0,1,0,58.0,1,1,1,1,0,1,1,1,1,109.1,5.0,141.0,1.0,328.0,1.0,12.3,12.3,0.0,1.0,0.0,1,0,0.0,0.0,0.0,97.1,110.2353448275862,17.56,5.0,5,0,2,1,0,1,0,0
1,0,0,0,46.0,0,0,1,0,0,0,0,0,1,30.75,0.0,0.0,0.0,365.0,0.0,0.0,0.0,0.0,0.0,0.0,3,0,0.0,0.0,0.0,61.36,32.37608695652174,-27.31,0.0,1,0,1,0,0,0,0,0
1,1,1,0,72.0,1,1,1,1,1,1,1,1,1,112.9,0.0,0.0,0.0,365.0,0.0,0.0,0.0,0.0,0.0,0.0,1,0,0.0,0.0,0.0,119.59,111.96527777777777,21.36,0.0,6,1,0,1,0,1,0,0
0,1,0,0,1.0,1,1,0,0,0,0,0,0,1,74.2,0.0,0.0,0.0,365.0,0.0,0.0,0.0,0.0,0.0,0.0,2,1,0.5,10.18,20.37,93.36,74.2,-17.34,0.0,0,3,0,1,0,0,1,0
0,0,1,1,6.0,1,1,0,1,1,0,1,0,1,94.05,0.0,0.0,0.0,365.0,0.0,0.0,0.0,0.0,0.0,0.0,1,0,0.0,0.0,0.0,42.71,86.45833333333333,2.51,0.0,3,2,0,1,0,0,0,1
1,0,1,0,72.0,1,1,1,1,1,1,0,1,0,78.85,0.0,0.0,0.0,365.0,1.0,8.1,8.1,1.0,0.0,1.0,1,0,0.0,0.0,0.0,98.92,80.04374999999999,20.79,0.0,5,0,2,0,0,0,0,0
1,0,0,0,4.0,1,0,0,0,0,0,0,1,1,55.3,8.0,263.0,1.0,293.0,0.0,0.0,0.0,0.0,0.0,0.0,3,1,0.33,4.75,14.25,69.17,59.625,-2.76,8.0,1,3,0,0,0,0,0,1
0,0,1,1,64.0,1,0,0,0,0,0,0,0,0,19.35,11.0,42.0,3.0,107.0,0.0,0.0,0.0,0.0,0.0,0.0,2,0,0.0,0.0,0.0,105.9,16.1203125,-1.72,3.667,0,0,2,0,1,0,0,1
1,0,1,1,0.0,1,1,0,0,0,0,0,0,0,25.35,5.0,158.0,1.0,355.0,0.0,0.0,0.0,0.0,0.0,0.0,1,0,0.0,0.0,0.0,31.84,25.35,4.28,5.0,0,1,2,0,1,0,0,1
0,0,0,0,2.0,1,0,0,0,0,0,0,0,0,20.45,0.0,0.0,0.0,365.0,1.0,6.8,6.8,0.0,1.0,0.0,2,0,0.0,0.0,0.0,103.92,17.4,-0.62,0.0,0,1,1,0,1,0,0,1
0,0,1,0,65.0,1,0,0,0,0,0,0,0,0,19.35,0.0,0.0,0.0,365.0,0.0,0.0,0.0,0.0,0.0,0.0,3,1,0.33,1.51,4.53,57.98,20.306923076923077,-1.72,0.0,0,1,2,0,1,0,0,0
1,1,1,0,43.0,1,1,0,1,0,0,1,1,1,101.0,0.0,0.0,0.0,365.0,0.0,0.0,0.0,0.0,0.0,0.0,1,0,0.0,0.0,0.0,76.85,102.05581395348837,9.46,0.0,3,1,0,1,0,0,1,0
1,0,1,0,4.0,1,1,0,1,0,0,1,1,1,100.2,0.0,0.0,0.0,365.0,0.0,0.0,0.0,0.0,0.0,0.0,3,0,0.0,0.0,0.0,92.21,105.05,8.66,0.0,3,2,0,1,0,0,1,0
1,1,1,0,25.0,1,1,1,0,0,0,0,1,1,89.05,5.0,236.0,1.0,114.0,0.0,0.0,0.0,0.0,0.0,0.0,1,0,0.0,0.0,0.0,115.44,87.098,-2.49,5.0,2,0,1,1,0,0,1,0
0,0,1,0,51.0,1,1,0,1,0,1,1,1,1,78.65,0.0,0.0,0.0,365.0,0.0,0.0,0.0,0.0,0.0,0.0,1,0,0.0,0.0,0.0,112.52,77.46764705882353,20.59,0.0,4,0,1,0,0,1,0,0
1,0,0,0,12.0,1,1,0,0,1,0,1,1,0,74.75,0.0,0.0,0.0,365.0,0.0,0.0,0.0,0.0,0.0,0.0,3,0,0.0,0.0,0.0,83.91,68.92083333333333,16.69,0.0,3,1,0,0,0,0,0,0
0,0,1,1,57.0,1,0,1,0,0,0,1,1,1,70.1,0.0,0.0,0.0,365.0,0.0,0.0,0.0,0.0,0.0,0.0,3,0,0.0,0.0,0.0,65.53,68.65438596491228,12.04,0.0,3,0,1,0,0,0,0,0
0,0,1,1,24.0,1,0,0,0,0,0,0,0,0,19.9,0.0,0.0,0.0,365.0,1.0,24.2,24.2,0.0,1.0,0.0,1,0,0.0,0.0,0.0,55.37,22.229166666666668,-1.17,0.0,0,0,1,0,1,0,0,1
0,0,1,0,64.0,1,1,0,0,1,1,0,0,0,58.35,3.0,248.0,1.0,358.0,1.0,37.7,37.7,0.0,1.0,0.0,2,0,0.0,0.0,0.0,87.34,58.69453125,0.29,3.0,2,0,1,0,0,0,0,0
0,0,0,0,44.0,1,0,0,1,1,1,1,1,1,105.65,9.0,197.0,2.0,17.0,0.0,0.0,0.0,0.0,0.0,0.0,3,1,0.33,10.66,31.97,44.58,10.088636363636363,14.11,4.5,5,1,1,1,0,0,1,0
0,0,0,0,26.0,1,1,0,0,1,0,1,1,1,91.75,6.0,98.0,1.0,286.0,0.0,0.0,0.0,0.0,0.0,0.0,2,1,0.5,2.45,4.9,85.68,99.99807692307692,0.21,6.0,3,2,0,1,0,0,0,0
0,0,1,1,15.0,1,0,0,0,0,0,0,0,0,20.05,0.0,0.0,0.0,365.0,0.0,0.0,0.0,0.0,0.0,0.0,1,0,0.0,0.0,0.0,71.04,18.953333333333333,-1.02,0.0,0,1,0,0,1,0,0,1
1,1,1,0,64.0,1,1,0,0,0,0,0,0,0,25.65,0.0,0.0,0.0,365.0,0.0,0.0,0.0,0.0,0.0,0.0,3,0,0.0,0.0,0.0,52.7,27.2,4.58,0.0,0,0,2,0,1,1,0,0
1,1,1,0,36.0,1,1,0,1,0,0,1,1,1,96.5,6.0,109.0,1.0,146.0,0.0,0.0,0.0,0.0,0.0,0.0,1,0,0.0,0.0,0.0,44.14,95.44722222222222,4.96,6.0,3,1,0,1,0,0,1,0
0,0,1,0,27.0,1,1,0,0,0,0,1,1,0,95.0,0.0,0.0,0.0,365.0,0.0,0.0,0.0,0.0,0.0,0.0,3,0,0.0,0.0,0.0,77.44,91.20555555555556,3.46,0.0,2,1,0,1,0,1,0,0
1,1,1,0,1.0,1,0,0,0,0,0,0,0,0,70.85,0.0,0.0,0.0,365.0,0.0,0.0,0.0,0.0,0.0,0.0,2,0,0.0,0.0,0.0,50.61,70.85,-20.69,0.0,0,2,0,1,0,0,0,1
0,0,0,0,35.0,1,1,1,0,1,1,1,1,1,85.95,0.0,0.0,0.0,365.0,0.0,0.0,0.0,0.0,0.0,0.0,2,0,0.0,0.0,0.0,107.22,88.86,27.89,0.0,5,0,1,0,0,1,0,0
1,0,0,0,4.0,1,0,0,0,1,0,0,0,1,73.9,0.0,0.0,0.0,365.0,0.0,0.0,0.0,0.0,0.0,0.0,1,0,0.0,0.0,0.0,85.33,70.2125,-17.64,0.0,1,2,0,1,0,0,1,0
0,0,1,1,8.0,1,0,0,0,0,0,0,0,1,45.45,0.0,0.0,0.0,365.0,0.0,0.0,0.0,0.0,0.0,0.0,3,1,0.33,0.92,2.77,65.77,51.46875,-12.61,0.0,0,3,0,0,0,0,1,0
1,0,0,0,10.0,1,0,0,0,0,0,0,0,1,20.0,6.0,193.0,1.0,293.0,0.0,0.0,0.0,0.0,0.0,0.0,2,0,0.0,0.0,0.0,97.13,19.86,-1.07,6.0,0,2,0,0,1,1,0,0
0,0,0,0,2.0,1,0,0,1,0,0,0,0,0,49.2,7.0,72.5,2.0,139.0,0.0,0.0,0.0,0.0,0.0,0.0,2,1,0.5,3.37,6.74,61.02,51.85,-8.86,3.5,1,3,0,0,0,0,0,1
0,0,1,0,58.0,1,1,1,1,1,0,1,1,1,109.45,0.0,0.0,0.0,365.0,0.0,0.0,0.0,0.0,0.0,0.0,1,0,0.0,0.0,0.0,97.39,105.94051724137931,17.91,0.0,5,0,2,1,0,0,0,0
1,0,1,0,51.0,1,0,1,1,1,1,1,1,1,83.25,0.0,0.0,0.0,365.0,0.0,0.0,0.0,0.0,0.0,0.0,3,1,0.33,1.73,5.18,89.86,80.18529411764706,25.19,0.0,6,1,2,0,0,1,0,0
0,0,1,1,46.0,1,0,0,0,0,0,0,0,1,19.25,5.0,268.0,1.0,32.0,0.0,0.0,0.0,0.0,0.0,0.0,2,1,0.5,1.26,2.52,70.41,18.786956521739132,-1.82,5.0,0,1,2,0,1,0,0,1
1,0,0,0,1.0,1,0,0,0,0,0,0,0,1,20.15,4.0,180.0,1.0,24.0,0.0,0.0,0.0,0.0,0.0,0.0,2,0,0.0,0.0,0.0,64.61,19.65,-0.92,4.0,0,2,0,0,1,0,0,0
1,0,0,0,46.0,1,1,0,0,0,0,0,0,0,72.8,4.0,124.0,1.0,212.0,0.0,0.0,0.0,0.0,0.0,0.0,2,0,0.0,0.0,0.0,80.69,70.63913043478261,-18.74,4.0,0,1,0,1,0,0,0,0
0,0,1,0,50.0,1,1,1,1,0,1,1,1,1,109.65,5.0,229.0,1.0,159.0,0.0,0.0,0.0,0.0,0.0,0.0,1,0,0.0,0.0,0.0,52.25,108.116,18.11,5.0,5,1,0,1,0,0,0,0
1,0,1,1,12.0,1,0,0,1,0,1,1,0,0,65.0,0.0,0.0,0.0,365.0,0.0,0.0,0.0,0.0,0.0,0.0,1,0,0.0,0.0,0.0,81.77,280.31666666666666,6.94,0.0,3,1,0,0,0,1,0,0
1,0,1,0,61.0,1,1,0,1,1,1,1,1,1,114.1,0.0,0.0,0.0,365.0,0.0,0.0,0.0,0.0,0.0,0.0,3,0,0.0,0.0,0.0,75.95,116.92049180327868,22.56,0.0,5,1,0,1,0,0,1,0
1,0,0,0,5.0,1,0,0,0,0,0,0,0,0,20.65,7.0,270.0,1.0,217.0,0.0,0.0,0.0,0.0,0.0,0.0,3,0,0.0,0.0,0.0,100.59,18.71,-0.42,7.0,0,2,0,0,1,0,0,0
1,0,0,0,47.0,1,0,1,1,1,1,1,1,1,86.95,0.0,0.0,0.0,365.0,1.0,7.7,7.7,1.0,0.0,1.0,2,2,1.0,32.54,51.74,88.68,88.06170212765957,28.89,0.0,6,1,1,0,0,0,0,0
0,0,0,0,54.0,1,1,0,1,1,0,1,0,1,94.75,5.0,66.0,1.0,270.0,0.0,0.0,0.0,0.0,0.0,0.0,1,0,0.0,0.0,0.0,105.13,94.84722222222223,3.21,5.0,3,0,1,1,0,0,0,0
1,0,0,1,19.0,0,0,0,0,0,0,0,0,1,25.35,0.0,0.0,0.0,365.0,0.0,0.0,0.0,0.0,0.0,0.0,1,0,0.0,0.0,0.0,73.04,29.794736842105266,-32.71,0.0,0,1,0,0,0,1,0,0
0,0,0,1,26.0,1,0,0,1,1,1,1,1,1,105.45,0.0,0.0,0.0,365.0,0.0,0.0,0.0,0.0,0.0,0.0,1,0,0.0,0.0,0.0,67.58,104.4346153846154,13.91,0.0,5,0,2,1,0,0,1,0
1,0,1,1,64.0,1,1,0,0,0,0,0,0,0,25.4,6.0,174.0,1.0,163.0,0.0,0.0,0.0,0.0,0.0,0.0,2,0,0.0,0.0,0.0,77.16,27.84453125,4.33,6.0,0,0,2,0,1,0,0,1
1,0,1,0,17.0,1,1,0,1,1,0,1,1,1,102.55,0.0,0.0,0.0,365.0,0.0,0.0,0.0,0.0,0.0,0.0,2,0,0.0,0.0,0.0,46.86,102.5,11.01,0.0,4,1,0,1,0,0,1,0
0,0,0,0,30.0,1,1,0,1,0,0,1,1,1,100.2,6.0,172.0,1.0,30.0,0.0,0.0,0.0,0.0,0.0,0.0,3,0,0.0,0.0,0.0,50.66,99.46000000000001,8.66,6.0,3,1,0,1,0,0,1,0
0,0,0,1,1.0,1,1,0,0,0,0,0,0,0,24.0,4.0,280.0,1.0,298.0,0.0,0.0,0.0,0.0,0.0,0.0,2,0,0.0,0.0,0.0,89.48,24.0,2.93,4.0,0,2,0,0,1,0,0,1
0,0,1,1,19.0,1,1,0,0,0,0,0,0,0,25.6,7.0,153.0,1.0,341.0,0.0,0.0,0.0,0.0,0.0,0.0,3,1,0.33,16.72,50.16,67.63,25.573684210526313,4.53,7.0,0,1,2,0,1,0,0,1
0,0,1,0,26.0,1,0,0,1,1,0,1,1,1,73.5,3.0,112.0,1.0,75.0,0.0,0.0,0.0,0.0,0.0,0.0,1,0,0.0,0.0,0.0,44.5,73.29615384615384,15.44,3.0,4,0,2,0,0,1,0,0
0,0,1,1,21.0,1,0,0,1,0,0,0,0,1,74.05,0.0,0.0,0.0,365.0,0.0,0.0,0.0,0.0,0.0,0.0,3,0,0.0,0.0,0.0,66.85,74.55714285714286,-17.49,0.0,1,1,0,1,0,0,0,0
1,0,1,0,50.0,1,1,0,1,0,0,1,1,1,98.25,0.0,0.0,0.0,365.0,0.0,0.0,0.0,0.0,0.0,0.0,3,0,0.0,0.0,0.0,62.81,97.17399999999999,6.71,0.0,3,0,1,1,0,0,1,0
0,0,1,0,68.0,0,0,1,0,1,0,1,1,1,54.4,0.0,0.0,0.0,365.0,0.0,0.0,0.0,0.0,0.0,0.0,1,0,0.0,0.0,0.0,81.44,54.75955882352941,-3.66,0.0,4,0,1,0,0,0,1,0
1,0,0,0,3.0,1,1,0,0,1,0,1,1,1,101.55,0.0,0.0,0.0,365.0,1.0,44.7,44.7,1.0,0.0,1.0,2,1,0.5,2.02,4.05,64.16,99.45,10.01,0.0,3,3,0,1,0,0,0,0
1,0,1,1,12.0,1,0,0,0,1,1,1,1,0,103.1,0.0,0.0,0.0,365.0,0.0,0.0,0.0,0.0,0.0,0.0,3,0,0.0,0.0,0.0,85.2,80.87083333333334,11.56,0.0,4,1,0,1,0,0,1,0
0,0,1,1,51.0,0,0,1,0,0,1,0,0,0,34.2,0.0,0.0,0.0,365.0,1.0,8.0,8.0,0.0,0.0,0.0,1,1,1.0,12.92,12.92,86.32,34.94117647058823,-23.86,0.0,2,1,2,0,0,0,0,0
0,0,0,0,9.0,1,0,0,0,0,0,0,0,1,43.75,0.0,0.0,0.0,365.0,0.0,0.0,0.0,0.0,0.0,0.0,3,0,0.0,0.0,0.0,65.04,45.077777777777776,-14.31,0.0,0,2,0,0,0,0,1,0
1,1,1,1,41.0,1,1,0,1,1,1,1,1,1,111.95,0.0,0.0,0.0,365.0,0.0,0.0,0.0,0.0,0.0,0.0,1,0,0.0,0.0,0.0,23.11,110.60731707317072,20.41,0.0,5,0,1,1,0,0,1,0
1,0,0,0,22.0,1,1,0,1,0,0,1,1,1,100.65,0.0,0.0,0.0,365.0,0.0,0.0,0.0,0.0,0.0,0.0,1,0,0.0,0.0,0.0,29.22,109.81590909090909,9.11,0.0,3,1,0,1,0,0,1,0
0,0,1,1,21.0,0,0,1,0,1,0,1,1,1,56.15,6.0,259.0,1.0,258.0,0.0,0.0,0.0,0.0,0.0,0.0,1,0,0.0,0.0,0.0,28.58,55.09761904761905,-1.91,6.0,4,0,1,0,0,0,1,0
1,0,1,1,71.0,1,1,1,1,1,1,1,1,1,116.05,0.0,0.0,0.0,365.0,0.0,0.0,0.0,0.0,0.0,0.0,1,0,0.0,0.0,0.0,118.48,116.86619718309859,24.51,0.0,6,0,2,1,0,0,0,0
1,0,0,0,1.0,1,0,0,0,0,0,0,0,0,45.75,2.0,280.0,1.0,271.0,0.0,0.0,0.0,0.0,0.0,0.0,3,0,0.0,0.0,0.0,91.93,45.75,-12.31,2.0,0,2,0,0,0,0,1,0
1,0,1,1,44.0,1,1,0,0,1,1,1,1,1,82.0,0.0,0.0,0.0,365.0,0.0,0.0,0.0,0.0,0.0,0.0,3,0,0.0,0.0,0.0,36.66,47.34318181818182,23.94,0.0,4,0,1,0,0,1,0,0
1,0,1,0,71.0,1,1,1,1,0,1,0,0,0,56.15,0.0,0.0,0.0,365.0,0.0,0.0,0.0,0.0,0.0,0.0,2,1,0.5,13.62,27.23,53.8,65.94014084507042,-1.91,0.0,3,1,2,0,0,0,0,0
1,0,0,0,4.0,1,0,0,0,0,0,0,0,1,44.8,0.0,0.0,0.0,365.0,0.0,0.0,0.0,0.0,0.0,0.0,3,0,0.0,0.0,0.0,75.59,44.05,-13.26,0.0,0,2,0,0,0,1,0,0
0,0,0,0,12.0,1,1,1,0,0,0,0,0,1,79.8,0.0,0.0,0.0,365.0,0.0,0.0,0.0,0.0,0.0,0.0,2,1,0.5,8.22,16.45,70.6,83.43333333333334,-11.74,0.0,1,2,0,1,0,0,1,0
0,0,1,0,18.0,1,1,0,0,0,1,1,0,1,88.85,5.0,191.0,1.0,202.0,0.0,0.0,0.0,0.0,0.0,0.0,1,1,1.0,31.78,31.78,67.14,88.59722222222223,-2.69,5.0,2,2,0,1,0,0,1,0
0,0,0,0,3.0,1,1,0,0,0,0,0,0,1,74.95,0.0,0.0,0.0,365.0,0.0,0.0,0.0,0.0,0.0,0.0,1,1,1.0,21.09,21.09,84.07,70.8,-16.59,0.0,0,3,0,1,0,0,1,0
0,1,1,0,72.0,1,1,1,1,0,0,1,1,1,106.85,2.0,146.0,1.0,29.0,0.0,0.0,0.0,0.0,0.0,0.0,3,1,0.33,1.78,5.33,63.07,106.63055555555555,15.31,2.0,4,1,1,1,0,0,0,0
1,0,0,0,12.0,1,0,0,1,0,0,0,0,0,74.95,4.0,196.0,2.0,220.0,0.0,0.0,0.0,0.0,0.0,0.0,2,0,0.0,0.0,0.0,33.86,67.95833333333333,-16.59,2.0,1,1,0,1,0,0,1,0
0,0,0,0,1.0,1,0,0,0,0,0,0,1,0,80.15,0.0,0.0,0.0,365.0,0.0,0.0,0.0,0.0,0.0,0.0,3,0,0.0,0.0,0.0,83.58,80.15,-11.39,0.0,1,2,0,1,0,1,0,0
1,0,0,0,13.0,1,0,0,0,0,0,0,0,0,19.3,0.0,0.0,0.0,365.0,1.0,24.6,24.6,0.0,0.0,0.0,1,0,0.0,0.0,0.0,70.53,19.97307692307692,-1.77,0.0,0,0,1,0,1,1,0,0
0,0,1,0,72.0,1,1,0,1,1,1,1,1,1,109.25,0.0,0.0,0.0,365.0,0.0,0.0,0.0,0.0,0.0,0.0,1,0,0.0,0.0,0.0,24.85,112.63611111111112,17.71,0.0,5,0,1,1,0,0,1,0
1,0,1,0,42.0,1,1,1,0,0,0,0,0,0,56.1,0.0,0.0,0.0,365.0,0.0,0.0,0.0,0.0,0.0,0.0,1,0,0.0,0.0,0.0,28.7,56.8297619047619,-1.96,0.0,1,0,1,0,0,1,0,0
0,0,0,0,17.0,1,0,0,0,0,0,0,0,0,19.7,0.0,0.0,0.0,365.0,1.0,4.2,4.2,0.0,1.0,0.0,1,1,1.0,35.2,35.2,98.49,20.02058823529412,-1.37,0.0,0,2,0,0,1,1,0,0
0,1,0,0,7.0,1,0,0,1,0,0,0,0,1,51.3,0.0,0.0,0.0,365.0,0.0,0.0,0.0,0.0,0.0,0.0,1,1,1.0,10.23,10.23,31.57,59.90714285714286,-6.76,0.0,1,3,0,0,0,0,0,1
0,0,1,0,68.0,1,1,1,1,1,1,1,1,0,118.6,3.0,129.0,1.0,163.0,0.0,0.0,0.0,0.0,0.0,0.0,3,0,0.0,0.0,0.0,52.84,117.50073529411765,27.06,3.0,6,0,2,1,0,0,0,1
1,0,1,1,56.0,1,1,0,0,0,0,0,0,0,24.15,0.0,0.0,0.0,365.0,0.0,0.0,0.0,0.0,0.0,0.0,1,0,0.0,0.0,0.0,81.52,25.040178571428573,3.08,0.0,0,0,2,0,1,0,0,0
0,0,1,1,38.0,1,0,0,0,0,0,0,0,0,20.3,4.0,240.0,1.0,116.0,0.0,0.0,0.0,0.0,0.0,0.0,1,0,0.0,0.0,0.0,99.48,19.719736842105263,-0.77,4.0,0,0,1,0,1,0,0,1
0,0,1,1,72.0,1,1,1,1,1,1,1,1,1,115.5,0.0,0.0,0.0,365.0,0.0,0.0,0.0,0.0,0.0,0.0,1,0,0.0,0.0,0.0,53.97,117.01597222222222,23.96,0.0,6,0,2,1,0,0,1,0
0,0,0,0,48.0,1,1,0,0,0,0,0,0,0,25.05,0.0,0.0,0.0,365.0,1.0,67.6,67.6,0.0,1.0,0.0,2,0,0.0,0.0,0.0,98.43,24.40625,3.98,0.0,0,0,1,0,1,1,0,0
0,1,1,0,52.0,1,1,1,1,1,0,1,1,1,109.1,5.0,121.0,1.0,285.0,0.0,0.0,0.0,0.0,0.0,0.0,1,0,0.0,0.0,0.0,37.96,108.61442307692307,17.56,5.0,5,1,0,1,0,0,1,0
0,0,1,1,35.0,1,0,0,0,0,0,0,0,0,19.65,0.0,0.0,0.0,365.0,0.0,0.0,0.0,0.0,0.0,0.0,3,0,0.0,0.0,0.0,55.02,20.25142857142857,-1.42,0.0,0,0,1,0,1,0,0,1
1,0,1,0,67.0,1,1,0,1,1,1,1,1,1,111.3,0.0,0.0,0.0,365.0,0.0,0.0,0.0,0.0,0.0,0.0,1,0,0.0,0.0,0.0,106.05,112.94328358208955,19.76,0.0,5,0,2,1,0,0,0,0
0,0,0,0,1.0,0,0,1,0,0,0,0,0,0,29.9,6.0,102.5,2.0,182.0,0.0,0.0,0.0,0.0,0.0,0.0,2,0,0.0,0.0,0.0,65.86,29.9,-28.16,3.0,1,2,0,0,0,0,0,1
1,0,0,0,53.0,1,0,0,1,0,1,0,0,1,80.6,0.0,0.0,0.0,365.0,1.0,8.9,8.9,0.0,0.0,0.0,3,1,0.33,2.42,7.26,69.5,82.03962264150944,-10.94,0.0,2,2,0,1,0,0,0,1
1,0,1,1,12.0,1,0,0,0,0,0,0,0,0,20.8,0.0,0.0,0.0,365.0,0.0,0.0,0.0,0.0,0.0,0.0,1,0,0.0,0.0,0.0,85.91,52.99166666666667,-0.27,0.0,0,1,0,0,1,0,0,1
0,0,0,0,3.0,0,0,0,0,0,0,1,0,0,35.2,0.0,0.0,0.0,365.0,0.0,0.0,0.0,0.0,0.0,0.0,2,0,0.0,0.0,0.0,67.74,36.31666666666667,-22.86,0.0,1,2,0,0,0,1,0,0
0,0,1,0,1.0,1,0,0,0,0,0,1,0,0,78.8,11.0,208.0,2.0,140.0,0.0,0.0,0.0,0.0,0.0,0.0,2,0,0.0,0.0,0.0,74.68,78.8,-12.74,5.5,1,2,0,1,0,0,1,0
1,0,0,0,19.0,1,0,0,0,1,1,1,0,0,89.95,0.0,0.0,0.0,365.0,0.0,0.0,0.0,0.0,0.0,0.0,2,0,0.0,0.0,0.0,42.93,88.54736842105264,-1.59,0.0,3,1,0,1,0,0,0,1
0,1,1,0,60.0,1,1,1,1,1,1,1,1,1,116.05,0.0,0.0,0.0,365.0,0.0,0.0,0.0,0.0,0.0,0.0,3,0,0.0,0.0,0.0,83.33,115.43166666666666,24.51,0.0,6,0,2,1,0,0,0,0
1,0,0,0,11.0,1,0,0,0,0,0,0,0,0,19.55,0.0,0.0,0.0,365.0,0.0,0.0,0.0,0.0,0.0,0.0,3,2,0.67,4.51,7.17,59.65,20.286363636363635,-1.52,0.0,0,2,2,0,1,1,0,0
0,0,0,0,12.0,1,1,0,1,1,0,1,1,1,106.4,8.0,178.0,2.0,199.0,0.0,0.0,0.0,0.0,0.0,0.0,1,0,0.0,0.0,0.0,33.98,427.32916666666665,14.86,4.0,4,1,0,1,0,0,1,0
1,0,0,0,18.0,1,0,1,0,0,0,0,0,0,49.4,0.0,0.0,0.0,365.0,0.0,0.0,0.0,0.0,0.0,0.0,2,0,0.0,0.0,0.0,52.16,48.599999999999994,-8.66,0.0,1,1,0,0,0,0,1,0
0,0,1,1,60.0,1,1,1,1,1,1,1,1,0,115.25,0.0,0.0,0.0,365.0,0.0,0.0,0.0,0.0,0.0,0.0,3,1,0.33,3.12,9.36,49.01,112.64083333333333,23.71,0.0,6,1,2,1,0,1,0,0
1,0,1,0,72.0,1,1,0,0,0,0,0,0,0,24.8,0.0,0.0,0.0,365.0,0.0,0.0,0.0,0.0,0.0,0.0,3,1,0.33,6.88,20.65,52.85,26.031944444444445,3.73,0.0,0,1,2,0,1,1,0,0
1,0,0,0,44.0,1,0,0,0,0,0,0,0,0,19.9,0.0,0.0,0.0,365.0,1.0,40.9,40.9,1.0,0.0,1.0,2,0,0.0,0.0,0.0,59.41,17.980681818181818,-1.17,0.0,0,0,1,0,1,0,0,1
0,0,1,0,59.0,1,0,1,0,1,0,0,0,1,81.25,0.0,0.0,0.0,365.0,0.0,0.0,0.0,0.0,0.0,0.0,3,0,0.0,0.0,0.0,85.21,78.63474576271186,-10.29,0.0,2,0,1,1,0,1,0,0
1,0,1,1,12.0,1,0,0,0,0,0,0,0,0,69.95,0.0,0.0,0.0,365.0,1.0,13.2,13.2,1.0,0.0,1.0,1,1,1.0,5.43,5.43,94.29,11.991666666666667,-21.59,0.0,0,2,0,1,0,0,0,1
1,1,0,0,1.0,1,0,0,0,0,0,0,0,0,69.1,0.0,0.0,0.0,365.0,1.0,75.8,75.8,1.0,0.0,1.0,3,1,0.33,2.17,6.51,48.62,69.1,-22.44,0.0,0,3,0,1,0,0,1,0
1,0,1,1,20.0,1,0,0,0,0,0,1,1,1,90.2,0.0,0.0,0.0,365.0,0.0,0.0,0.0,0.0,0.0,0.0,3,1,0.33,2.18,6.55,33.87,88.8275,-1.34,0.0,2,2,0,1,0,0,1,0
0,0,0,0,6.0,1,1,0,0,0,0,1,1,1,93.55,0.0,0.0,0.0,365.0,0.0,0.0,0.0,0.0,0.0,0.0,2,2,1.0,10.9,11.62,70.91,89.39999999999999,2.01,0.0,2,3,0,1,0,0,0,0
1,0,0,0,71.0,1,1,0,0,1,1,0,0,1,86.4,5.0,75.0,1.0,284.0,0.0,0.0,0.0,0.0,0.0,0.0,2,0,0.0,0.0,0.0,83.25,86.92957746478874,-5.14,5.0,2,0,2,1,0,1,0,0
0,0,1,0,24.0,1,1,1,1,1,0,0,0,0,66.3,4.0,208.0,1.0,132.0,0.0,0.0,0.0,0.0,0.0,0.0,1,0,0.0,0.0,0.0,114.47,64.97708333333334,8.24,4.0,3,1,0,0,0,0,0,1
1,1,1,0,67.0,1,1,0,0,0,0,1,1,1,94.65,0.0,0.0,0.0,365.0,0.0,0.0,0.0,0.0,0.0,0.0,2,0,0.0,0.0,0.0,69.78,90.73134328358209,3.11,0.0,2,1,0,1,0,1,0,0
1,0,0,0,1.0,1,0,0,0,0,0,0,1,1,80.85,0.0,0.0,0.0,365.0,0.0,0.0,0.0,0.0,0.0,0.0,2,2,1.0,34.82,39.32,96.64,80.85,-10.69,0.0,1,3,0,1,0,0,0,1
0,0,1,1,48.0,1,1,0,0,0,0,0,1,1,82.05,0.0,0.0,0.0,365.0,0.0,0.0,0.0,0.0,0.0,0.0,3,1,0.33,7.65,22.96,79.0,83.95729166666666,-9.49,0.0,1,1,1,1,0,0,0,1
0,0,1,0,37.0,1,1,0,1,0,1,0,1,0,72.1,0.0,0.0,0.0,365.0,1.0,21.9,21.9,1.0,0.0,1.0,3,0,0.0,0.0,0.0,31.38,71.84864864864865,14.04,0.0,3,0,1,0,0,0,0,1
1,0,0,0,11.0,0,0,0,1,1,0,0,0,0,34.7,1.0,195.0,1.0,70.0,0.0,0.0,0.0,0.0,0.0,0.0,2,0,0.0,0.0,0.0,102.92,34.86818181818182,-23.36,1.0,2,2,0,0,0,0,0,1
1,0,1,0,3.0,1,0,0,0,0,0,0,0,1,20.55,0.0,0.0,0.0,365.0,0.0,0.0,0.0,0.0,0.0,0.0,3,1,0.33,7.24,21.72,53.63,17.05,-0.52,0.0,0,3,0,0,1,1,0,0
0,0,1,0,18.0,1,0,0,0,1,0,1,1,1,95.95,8.0,63.0,1.0,33.0,0.0,0.0,0.0,0.0,0.0,0.0,1,0,0.0,0.0,0.0,67.12,96.97222222222223,4.41,8.0,3,1,0,1,0,1,0,0
1,0,1,1,50.0,1,0,0,0,0,0,0,0,1,44.8,0.0,0.0,0.0,365.0,1.0,48.7,48.7,1.0,0.0,1.0,3,0,0.0,0.0,0.0,42.46,44.617,-13.26,0.0,0,0,1,0,0,0,0,0
0,0,1,1,67.0,1,1,1,0,1,1,1,1,1,109.4,4.0,173.0,1.0,1.0,0.0,0.0,0.0,0.0,0.0,0.0,3,0,0.0,0.0,0.0,99.46,108.68059701492538,17.86,4.0,5,0,1,1,0,0,1,0
0,0,1,0,25.0,1,0,1,1,0,1,0,1,1,71.05,0.0,0.0,0.0,365.0,0.0,0.0,0.0,0.0,0.0,0.0,2,0,0.0,0.0,0.0,30.1,73.508,12.99,0.0,4,1,0,0,0,0,0,1
0,1,0,0,12.0,1,1,0,0,1,0,0,0,1,78.55,0.0,0.0,0.0,365.0,0.0,0.0,0.0,0.0,0.0,0.0,1,1,1.0,7.02,7.02,83.1,12.4625,-12.99,0.0,1,2,0,1,0,0,1,0
1,0,0,0,9.0,1,0,0,0,0,0,0,0,0,19.7,11.0,140.0,2.0,255.0,2.0,3.75,4.7,1.0,0.0,0.5,1,0,0.0,0.0,0.0,106.56,20.077777777777776,-1.37,5.5,0,2,0,0,1,1,0,0
0,0,0,1,44.0,0,0,1,1,0,1,0,0,0,40.25,0.0,0.0,0.0,365.0,0.0,0.0,0.0,0.0,0.0,0.0,3,0,0.0,0.0,0.0,70.72,9.351136363636364,-17.81,0.0,3,0,1,0,0,0,0,1
0,0,1,0,70.0,1,0,0,0,0,0,0,0,0,19.85,6.0,266.0,1.0,148.0,0.0,0.0,0.0,0.0,0.0,0.0,2,1,0.5,4.95,9.9,42.48,18.97642857142857,-1.22,6.0,0,1,2,0,1,1,0,0
1,0,0,0,12.0,1,0,1,0,1,1,0,1,1,68.25,4.0,31.0,1.0,334.0,0.0,0.0,0.0,0.0,0.0,0.0,1,0,0.0,0.0,0.0,48.86,48.07916666666667,10.19,4.0,4,1,0,0,0,0,0,0
0,0,0,0,4.0,1,0,0,0,0,0,0,0,1,20.15,0.0,0.0,0.0,365.0,1.0,29.5,29.5,1.0,0.0,1.0,1,0,0.0,0.0,0.0,110.75,17.1125,-0.92,0.0,0,2,0,0,1,1,0,0
0,0,0,0,2.0,1,0,1,0,0,0,0,0,0,50.95,6.0,250.0,1.0,214.0,0.0,0.0,0.0,0.0,0.0,0.0,2,1,0.5,5.01,10.02,83.78,61.525,-7.11,6.0,1,3,0,0,0,0,0,1
0,0,0,1,1.0,1,0,0,0,0,0,0,1,0,78.65,0.0,0.0,0.0,365.0,0.0,0.0,0.0,0.0,0.0,0.0,2,0,0.0,0.0,0.0,40.93,78.65,-12.89,0.0,1,2,0,1,0,0,1,0
1,0,0,0,19.0,0,0,0,0,0,0,0,0,1,25.15,0.0,0.0,0.0,365.0,0.0,0.0,0.0,0.0,0.0,0.0,1,0,0.0,0.0,0.0,111.96,24.650000000000002,-32.91,0.0,0,1,0,0,0,0,0,0
1,0,1,1,7.0,1,0,0,0,0,0,0,0,1,20.25,4.0,225.0,1.0,10.0,0.0,0.0,0.0,0.0,0.0,0.0,1,0,0.0,0.0,0.0,27.19,24.957142857142856,-0.82,4.0,0,2,0,0,1,0,0,0
1,0,0,0,1.0,1,0,0,0,0,0,0,0,1,42.9,0.0,0.0,0.0,365.0,0.0,0.0,0.0,0.0,0.0,0.0,3,0,0.0,0.0,0.0,107.07,42.9,-15.16,0.0,0,2,0,0,0,0,1,0
1,1,0,0,1.0,1,0,0,0,0,0,0,0,0,56.15,0.0,0.0,0.0,365.0,0.0,0.0,0.0,0.0,0.0,0.0,1,0,0.0,0.0,0.0,32.31,44.0,-1.91,0.0,0,2,0,0,0,0,1,0
0,0,1,1,9.0,1,0,0,0,0,0,0,0,0,20.25,6.0,233.0,1.0,361.0,0.0,0.0,0.0,0.0,0.0,0.0,3,0,0.0,0.0,0.0,77.24,19.15,-0.82,6.0,0,1,1,0,1,0,0,1
0,0,0,0,3.0,0,0,1,0,0,1,0,0,0,34.25,0.0,0.0,0.0,365.0,0.0,0.0,0.0,0.0,0.0,0.0,2,0,0.0,0.0,0.0,79.56,46.449999999999996,-23.81,0.0,2,2,0,0,0,0,0,1
0,0,0,0,9.0,0,0,1,0,1,1,1,1,0,58.5,0.0,0.0,0.0,365.0,0.0,0.0,0.0,0.0,0.0,0.0,2,0,0.0,0.0,0.0,67.01,59.983333333333334,0.44,0.0,5,2,0,0,0,0,0,1
0,0,0,0,5.0,1,0,1,0,1,0,0,0,0,55.8,0.0,0.0,0.0,365.0,0.0,0.0,0.0,0.0,0.0,0.0,3,1,0.33,4.3,12.91,38.24,60.08,-2.26,0.0,2,3,0,0,0,1,0,0
0,0,1,1,44.0,1,0,0,0,0,0,1,1,0,88.9,3.0,229.0,1.0,147.0,1.0,29.7,29.7,0.0,1.0,0.0,3,0,0.0,0.0,0.0,69.23,112.9090909090909,-2.64,3.0,2,0,1,1,0,0,0,0
0,0,0,1,18.0,1,1,1,0,0,0,0,0,0,57.65,0.0,0.0,0.0,365.0,0.0,0.0,0.0,0.0,0.0,0.0,1,0,0.0,0.0,0.0,73.19,55.150000000000006,-0.41,0.0,1,1,0,0,0,0,0,1
1,1,0,0,49.0,1,1,0,0,0,0,1,1,1,96.2,4.0,264.0,1.0,4.0,0.0,0.0,0.0,0.0,0.0,0.0,3,0,0.0,0.0,0.0,64.22,96.29081632653062,4.66,4.0,2,1,0,1,0,0,1,0
1,0,1,0,70.0,1,1,1,1,1,1,1,0,0,79.15,0.0,0.0,0.0,365.0,0.0,0.0,0.0,0.0,0.0,0.0,1,1,1.0,29.72,29.72,66.73,79.09285714285714,21.09,0.0,5,1,2,0,0,0,0,1
0,0,0,0,72.0,1,1,0,1,1,1,1,1,1,108.05,10.0,17.0,1.0,24.0,0.0,0.0,0.0,0.0,0.0,0.0,1,0,0.0,0.0,0.0,114.02,108.42500000000001,16.51,10.0,5,0,2,1,0,1,0,0
0,1,0,0,6.0,1,0,0,0,1,0,0,0,0,74.4,12.0,100.0,2.0,2.0,0.0,0.0,0.0,0.0,0.0,0.0,2,0,0.0,0.0,0.0,100.79,72.35000000000001,-17.14,6.0,1,2,0,1,0,0,1,0
1,1,1,0,17.0,1,1,0,0,0,0,1,1,1,94.8,0.0,0.0,0.0,365.0,0.0,0.0,0.0,0.0,0.0,0.0,3,1,0.33,1.14,3.42,82.66,91.99411764705883,3.26,0.0,2,2,0,1,0,0,1,0
1,0,1,0,29.0,0,0,0,0,0,0,1,1,1,45.9,0.0,0.0,0.0,365.0,0.0,0.0,0.0,0.0,0.0,0.0,3,0,0.0,0.0,0.0,73.65,45.9448275862069,-12.16,0.0,2,1,0,0,0,0,1,0
0,0,1,0,6.0,1,1,0,1,1,0,1,1,1,105.3,0.0,0.0,0.0,365.0,0.0,0.0,0.0,0.0,0.0,0.0,1,1,1.0,12.88,12.88,78.4,90.86666666666667,13.76,0.0,4,3,0,1,0,0,1,0
1,0,1,0,63.0,1,1,0,0,1,0,1,1,0,102.6,9.0,53.0,1.0,338.0,0.0,0.0,0.0,0.0,0.0,0.0,3,0,0.0,0.0,0.0,56.54,99.9484126984127,11.06,9.0,3,0,2,1,0,0,1,0
1,0,1,0,16.0,1,1,0,0,0,0,0,0,1,73.85,11.0,165.0,1.0,28.0,0.0,0.0,0.0,0.0,0.0,0.0,3,0,0.0,0.0,0.0,102.74,80.2625,-17.69,11.0,0,1,0,1,0,0,0,0
1,0,0,0,59.0,1,0,0,0,1,0,0,1,1,61.35,3.0,160.0,1.0,35.0,0.0,0.0,0.0,0.0,0.0,0.0,2,0,0.0,0.0,0.0,82.4,61.78813559322034,3.29,3.0,2,0,1,0,0,0,0,0
0,0,0,0,3.0,1,0,0,0,1,0,1,0,0,57.55,4.0,38.0,1.0,60.0,0.0,0.0,0.0,0.0,0.0,0.0,3,3,1.0,18.45,27.99,67.9,53.81666666666666,-0.51,4.0,2,3,0,0,0,0,1,0
0,0,0,0,8.0,0,0,0,1,0,0,0,0,1,29.25,0.0,0.0,0.0,365.0,0.0,0.0,0.0,0.0,0.0,0.0,1,0,0.0,0.0,0.0,96.35,28.36875,-28.81,0.0,1,2,0,0,0,0,0,1
0,1,1,0,7.0,1,1,0,0,0,0,0,1,1,84.55,10.0,93.0,1.0,46.0,0.0,0.0,0.0,0.0,0.0,0.0,1,0,0.0,0.0,0.0,21.18,92.40714285714286,-6.99,10.0,1,2,0,1,0,0,1,0
0,0,0,0,68.0,1,0,0,0,0,0,0,0,0,19.6,2.0,31.0,1.0,129.0,0.0,0.0,0.0,0.0,0.0,0.0,2,2,1.0,14.52,18.31,80.4,21.20073529411765,-1.47,2.0,0,1,2,0,1,1,0,0
0,0,1,1,68.0,1,1,1,0,1,1,1,1,0,111.75,0.0,0.0,0.0,365.0,0.0,0.0,0.0,0.0,0.0,0.0,1,0,0.0,0.0,0.0,61.95,110.46029411764707,20.21,0.0,5,0,2,1,0,1,0,0
0,1,1,0,52.0,1,1,0,1,1,0,1,1,1,106.5,0.0,0.0,0.0,365.0,0.0,0.0,0.0,0.0,0.0,0.0,3,0,0.0,0.0,0.0,47.66,108.11250000000001,14.96,0.0,4,0,1,1,0,0,1,0
1,0,1,1,72.0,1,1,1,1,0,1,1,1,1,107.7,0.0,0.0,0.0,365.0,0.0,0.0,0.0,0.0,0.0,0.0,1,0,0.0,0.0,0.0,71.98,109.99722222222222,16.16,0.0,5,0,2,1,0,1,0,0
0,0,1,0,32.0,1,0,0,0,0,0,0,0,0,19.3,6.0,104.0,1.0,116.0,0.0,0.0,0.0,0.0,0.0,0.0,3,0,0.0,0.0,0.0,93.78,18.5375,-1.77,6.0,0,0,1,0,1,0,0,1
0,0,1,0,64.0,1,0,0,0,0,0,0,0,0,20.15,1.0,226.0,1.0,266.0,0.0,0.0,0.0,0.0,0.0,0.0,2,1,0.5,4.58,9.17,63.46,22.24453125,-0.92,1.0,0,1,2,0,1,0,0,0
1,0,1,1,1.0,1,0,0,0,0,0,0,0,1,69.95,0.0,0.0,0.0,365.0,0.0,0.0,0.0,0.0,0.0,0.0,3,1,0.33,3.88,11.65,77.92,69.95,-21.59,0.0,0,3,0,1,0,1,0,0
1,0,1,1,42.0,1,0,1,0,0,1,0,1,0,63.7,4.0,291.0,1.0,220.0,0.0,0.0,0.0,0.0,0.0,0.0,2,1,0.5,13.82,27.64,66.9,65.79404761904762,5.64,4.0,3,1,1,0,0,1,0,0
0,0,0,0,25.0,1,1,0,0,0,0,0,0,0,24.75,0.0,0.0,0.0,365.0,0.0,0.0,0.0,0.0,0.0,0.0,1,0,0.0,0.0,0.0,59.74,27.684,3.68,0.0,0,0,2,0,1,1,0,0
1,0,0,0,45.0,1,0,1,0,0,0,0,0,1,50.9,0.0,0.0,0.0,365.0,0.0,0.0,0.0,0.0,0.0,0.0,2,1,0.5,3.94,7.88,47.52,51.07888888888889,-7.16,0.0,1,2,0,0,0,0,0,0
0,0,1,1,43.0,0,0,1,0,1,1,1,1,1,60.4,0.0,0.0,0.0,365.0,0.0,0.0,0.0,0.0,0.0,0.0,1,0,0.0,0.0,0.0,26.78,61.40813953488372,2.34,0.0,5,0,1,0,0,1,0,0
1,0,1,0,37.0,1,1,1,0,1,0,1,1,0,79.25,7.0,123.0,1.0,356.0,0.0,0.0,0.0,0.0,0.0,0.0,2,0,0.0,0.0,0.0,72.09,78.6972972972973,21.19,7.0,4,0,1,0,0,0,0,1
0,1,0,0,20.0,1,1,0,0,0,0,0,1,1,85.8,4.0,57.0,1.0,351.0,0.0,0.0,0.0,0.0,0.0,0.0,1,0,0.0,0.0,0.0,97.19,86.375,-5.74,4.0,1,1,0,1,0,1,0,0
0,0,0,0,4.0,0,0,0,0,0,0,0,0,1,24.45,7.0,102.0,1.0,172.0,0.0,0.0,0.0,0.0,0.0,0.0,1,1,1.0,12.63,12.63,81.87,21.65,-33.61,7.0,0,3,0,0,0,0,1,0
1,0,1,0,64.0,1,0,1,1,1,1,1,1,1,110.1,0.0,0.0,0.0,365.0,0.0,0.0,0.0,0.0,0.0,0.0,3,2,0.67,19.45,41.29,73.41,104.7765625,18.56,0.0,6,1,2,1,0,1,0,0
1,0,0,0,3.0,1,0,0,0,0,0,1,1,0,90.7,0.0,0.0,0.0,365.0,0.0,0.0,0.0,0.0,0.0,0.0,3,0,0.0,0.0,0.0,67.55,79.21666666666667,-0.84,0.0,2,2,0,1,0,0,0,1
1,0,1,1,66.0,1,1,0,0,0,0,0,0,1,25.3,0.0,0.0,0.0,365.0,0.0,0.0,0.0,0.0,0.0,0.0,2,2,1.0,13.52,17.1,65.02,25.33863636363636,4.23,0.0,0,1,2,0,1,1,0,0
1,0,0,0,28.0,1,1,0,1,1,0,1,1,1,105.7,0.0,0.0,0.0,365.0,1.0,80.0,80.0,0.0,1.0,0.0,3,1,0.33,3.78,11.33,44.58,106.41071428571429,14.16,0.0,4,2,0,1,0,0,1,0
0,1,0,0,8.0,1,1,0,0,0,0,0,1,0,85.2,0.0,0.0,0.0,365.0,0.0,0.0,0.0,0.0,0.0,0.0,1,0,0.0,0.0,0.0,95.21,86.96875,-6.34,0.0,1,2,0,1,0,0,1,0
1,0,0,1,71.0,1,1,0,0,0,0,0,0,0,24.35,0.0,0.0,0.0,365.0,0.0,0.0,0.0,0.0,0.0,0.0,1,1,1.0,50.96,50.96,114.85,23.304225352112674,3.28,0.0,0,1,2,0,1,0,0,1
1,0,0,0,1.0,0,0,0,0,0,0,0,0,1,24.25,6.0,17.0,1.0,98.0,0.0,0.0,0.0,0.0,0.0,0.0,3,1,0.33,4.64,13.92,57.92,24.25,-33.81,6.0,0,3,0,0,0,0,1,0
0,0,1,1,72.0,1,1,0,0,0,0,0,0,0,25.1,2.0,219.0,1.0,123.0,0.0,0.0,0.0,0.0,0.0,0.0,1,0,0.0,0.0,0.0,30.14,25.803472222222222,4.03,2.0,0,0,2,0,1,0,0,0
1,1,1,0,16.0,1,0,1,1,0,0,0,0,1,54.55,4.0,107.0,1.0,154.0,1.0,1.5,1.5,0.0,0.0,0.0,3,2,0.67,10.9,28.71,76.64,51.56875,-3.51,4.0,2,2,0,0,0,0,0,0
1,0,1,0,66.0,1,1,1,1,1,1,0,0,0,96.6,0.0,0.0,0.0,365.0,0.0,0.0,0.0,0.0,0.0,0.0,3,0,0.0,0.0,0.0,48.28,97.33712121212122,5.06,0.0,4,0,2,1,0,0,0,1
0,0,0,0,11.0,1,1,0,0,0,0,0,0,1,76.5,0.0,0.0,0.0,365.0,0.0,0.0,0.0,0.0,0.0,0.0,1,0,0.0,0.0,0.0,93.47,76.17727272727274,-15.04,0.0,0,2,0,1,0,0,1,0
1,0,0,0,51.0,1,1,1,1,1,1,1,0,1,81.15,5.0,46.0,1.0,113.0,1.0,24.9,24.9,0.0,1.0,0.0,2,0,0.0,0.0,0.0,47.41,80.90588235294118,23.09,5.0,5,0,1,0,0,1,0,0
0,0,0,1,8.0,0,0,1,0,0,0,0,1,1,38.5,0.0,0.0,0.0,365.0,0.0,0.0,0.0,0.0,0.0,0.0,1,0,0.0,0.0,0.0,95.02,41.35,-19.56,0.0,2,2,0,0,0,0,1,0
1,0,0,0,14.0,1,0,0,0,0,0,1,1,1,92.9,0.0,0.0,0.0,365.0,0.0,0.0,0.0,0.0,0.0,0.0,2,0,0.0,0.0,0.0,75.51,95.53214285714286,1.36,0.0,2,1,0,1,0,0,1,0
0,0,0,0,4.0,1,1,0,1,0,1,0,1,1,93.5,9.0,62.0,1.0,59.0,1.0,4.0,4.0,1.0,0.0,1.0,1,0,0.0,0.0,0.0,119.36,90.55,1.96,9.0,3,2,0,1,0,0,1,0
0,0,0,0,70.0,1,1,1,1,1,0,1,1,0,84.7,0.0,0.0,0.0,365.0,0.0,0.0,0.0,0.0,0.0,0.0,1,0,0.0,0.0,0.0,47.21,85.58642857142857,26.64,0.0,5,0,2,0,0,0,0,1
0,0,0,1,70.0,1,1,1,1,0,1,0,0,0,66.0,0.0,0.0,0.0,365.0,0.0,0.0,0.0,0.0,0.0,0.0,3,1,0.33,15.21,45.62,106.13,69.87857142857143,7.94,0.0,3,1,2,0,0,0,1,0
0,1,1,0,54.0,1,1,0,1,0,0,1,1,1,101.5,5.0,9.0,1.0,37.0,0.0,0.0,0.0,0.0,0.0,0.0,3,0,0.0,0.0,0.0,60.11,99.50185185185185,9.96,5.0,3,0,1,1,0,1,0,0
1,0,0,1,28.0,1,0,1,0,0,0,0,0,1,74.9,7.0,75.0,1.0,140.0,0.0,0.0,0.0,0.0,0.0,0.0,2,1,0.5,2.8,5.59,69.33,73.87678571428572,-16.64,7.0,1,2,0,1,0,0,0,0
1,0,0,0,24.0,1,0,0,0,0,0,0,0,0,20.75,7.0,108.0,2.0,79.0,1.0,15.2,15.2,1.0,0.0,1.0,1,0,0.0,0.0,0.0,69.94,20.29375,-0.32,3.5,0,0,2,0,1,0,0,1
0,0,1,0,69.0,1,0,0,1,0,0,0,1,1,61.45,11.0,107.66666666666669,3.0,68.0,0.0,0.0,0.0,0.0,0.0,0.0,3,0,0.0,0.0,0.0,62.91,59.87246376811594,3.39,3.667,2,0,2,0,0,1,0,0
1,0,1,1,42.0,1,0,1,1,0,0,0,0,0,54.5,0.0,0.0,0.0,365.0,0.0,0.0,0.0,0.0,0.0,0.0,1,1,1.0,17.78,17.78,40.11,54.78928571428572,-3.56,0.0,2,2,0,0,0,0,0,1
0,1,0,0,2.0,1,0,0,0,0,0,0,0,1,69.6,0.0,0.0,0.0,365.0,1.0,15.3,15.3,0.0,0.0,0.0,2,0,0.0,0.0,0.0,83.84,65.825,-21.94,0.0,0,2,0,1,0,0,1,0
0,1,0,0,39.0,1,1,0,0,1,0,1,1,1,99.75,0.0,0.0,0.0,365.0,0.0,0.0,0.0,0.0,0.0,0.0,2,1,0.5,2.08,4.17,40.9,103.48717948717949,8.21,0.0,3,2,0,1,0,0,1,0
1,0,1,1,45.0,1,1,0,1,1,1,1,1,1,109.75,5.0,115.0,1.0,84.0,0.0,0.0,0.0,0.0,0.0,0.0,2,1,0.5,4.48,8.96,71.04,108.90333333333332,18.21,5.0,5,1,2,1,0,0,0,0
1,0,1,1,72.0,1,1,1,1,1,1,1,0,1,80.85,0.0,0.0,0.0,365.0,0.0,0.0,0.0,0.0,0.0,0.0,3,0,0.0,0.0,0.0,62.5,79.54791666666667,22.79,0.0,5,0,2,0,0,0,0,0
0,0,0,0,38.0,1,0,0,0,0,0,0,0,0,20.3,0.0,0.0,0.0,365.0,0.0,0.0,0.0,0.0,0.0,0.0,1,1,1.0,35.44,35.44,119.61,19.553947368421053,-0.77,0.0,0,1,2,0,1,0,0,1
1,0,1,0,72.0,1,1,1,1,1,1,0,0,1,67.8,3.0,268.0,1.0,135.0,0.0,0.0,0.0,0.0,0.0,0.0,3,0,0.0,0.0,0.0,69.17,66.73124999999999,9.74,3.0,4,0,2,0,0,0,0,0
1,0,0,0,1.0,1,1,0,0,0,0,0,0,1,24.05,0.0,0.0,0.0,365.0,0.0,0.0,0.0,0.0,0.0,0.0,2,0,0.0,0.0,0.0,91.79,24.05,2.98,0.0,0,2,0,0,1,0,0,1
1,0,1,1,72.0,1,0,0,0,0,0,0,0,1,19.8,3.0,293.0,1.0,327.0,0.0,0.0,0.0,0.0,0.0,0.0,3,1,0.33,1.67,5.0,69.56,19.647916666666667,-1.27,3.0,0,1,2,0,1,1,0,0
1,0,1,0,55.0,1,1,0,0,0,0,0,0,0,25.7,0.0,0.0,0.0,365.0,0.0,0.0,0.0,0.0,0.0,0.0,3,0,0.0,0.0,0.0,87.23,26.24818181818182,4.63,0.0,0,0,2,0,1,0,0,0
0,0,1,1,51.0,0,0,0,0,1,1,1,1,1,56.15,0.0,0.0,0.0,365.0,0.0,0.0,0.0,0.0,0.0,0.0,2,1,0.5,13.36,26.73,92.61,56.84215686274509,-1.91,0.0,4,1,1,0,0,0,1,0
1,0,0,0,63.0,1,0,1,1,1,1,1,1,1,86.7,0.0,0.0,0.0,365.0,1.0,0.4,0.4,1.0,0.0,1.0,3,0,0.0,0.0,0.0,36.2,84.27777777777777,28.64,0.0,6,0,2,0,0,0,0,0
0,0,0,0,1.0,1,0,0,0,0,0,0,0,0,20.4,3.0,129.0,1.0,108.0,1.0,10.7,10.7,1.0,0.0,1.0,1,0,0.0,0.0,0.0,60.91,20.4,-0.67,3.0,0,2,0,0,1,0,0,1
0,0,1,1,23.0,1,0,0,0,0,0,0,0,1,19.65,0.0,0.0,0.0,365.0,0.0,0.0,0.0,0.0,0.0,0.0,2,0,0.0,0.0,0.0,35.61,19.632608695652173,-1.42,0.0,0,0,2,0,1,0,0,1
0,0,0,0,1.0,1,0,0,1,0,0,0,0,0,50.55,0.0,0.0,0.0,365.0,0.0,0.0,0.0,0.0,0.0,0.0,1,0,0.0,0.0,0.0,66.67,50.55,-7.51,0.0,1,2,0,0,0,0,1,0
0,0,0,0,2.0,1,1,0,0,0,1,0,0,1,54.35,0.0,0.0,0.0,365.0,0.0,0.0,0.0,0.0,0.0,0.0,1,0,0.0,0.0,0.0,68.94,58.525,-3.71,0.0,1,2,0,0,0,0,0,1
0,1,0,0,52.0,1,1,1,1,1,0,1,1,0,108.1,1.0,23.0,1.0,54.0,0.0,0.0,0.0,0.0,0.0,0.0,1,0,0.0,0.0,0.0,115.41,112.29423076923078,16.56,1.0,5,1,0,1,0,1,0,0
0,0,0,0,36.0,1,1,1,0,0,0,0,0,0,54.45,0.0,0.0,0.0,365.0,0.0,0.0,0.0,0.0,0.0,0.0,3,1,0.33,2.96,8.87,53.12,52.59722222222222,-3.61,0.0,1,1,1,0,0,0,0,1
0,0,0,0,1.0,1,0,0,0,0,0,0,0,0,45.35,0.0,0.0,0.0,365.0,0.0,0.0,0.0,0.0,0.0,0.0,3,0,0.0,0.0,0.0,65.71,45.35,-12.71,0.0,0,2,0,0,0,0,0,1
0,0,0,0,28.0,1,1,1,0,1,0,0,0,0,59.0,0.0,0.0,0.0,365.0,2.0,28.15,46.4,2.0,0.0,1.0,1,0,0.0,0.0,0.0,85.25,59.0875,0.94,0.0,2,0,1,0,0,0,0,1
0,0,1,1,7.0,1,0,1,1,1,0,1,0,0,69.45,3.0,264.0,1.0,363.0,0.0,0.0,0.0,0.0,0.0,0.0,2,0,0.0,0.0,0.0,62.8,68.15,11.39,3.0,4,1,1,0,0,0,1,0
1,0,0,0,14.0,1,1,0,1,0,0,1,1,1,100.55,0.0,0.0,0.0,365.0,0.0,0.0,0.0,0.0,0.0,0.0,1,0,0.0,0.0,0.0,44.32,101.11071428571428,9.01,0.0,3,1,0,1,0,0,1,0
1,1,1,0,72.0,0,0,1,1,1,1,1,1,1,64.95,0.0,0.0,0.0,365.0,0.0,0.0,0.0,0.0,0.0,0.0,3,1,0.33,11.81,35.42,54.75,63.138888888888886,6.89,0.0,6,1,2,0,0,1,0,0
0,0,1,1,1.0,1,0,0,0,0,0,0,0,1,20.5,0.0,0.0,0.0,365.0,0.0,0.0,0.0,0.0,0.0,0.0,3,0,0.0,0.0,0.0,72.31,20.5,-0.57,0.0,0,2,0,0,1,0,0,1
0,0,0,0,10.0,1,0,0,0,0,0,0,0,0,18.85,3.0,197.0,1.0,261.0,0.0,0.0,0.0,0.0,0.0,0.0,1,0,0.0,0.0,0.0,83.76,16.32,-2.22,3.0,0,2,0,0,1,0,0,1
1,0,0,0,42.0,1,0,0,0,0,0,0,0,0,19.8,14.0,117.0,2.0,330.0,0.0,0.0,0.0,0.0,0.0,0.0,1,0,0.0,0.0,0.0,85.18,20.235714285714284,-1.27,7.0,0,0,1,0,1,0,0,0
0,0,0,0,7.0,0,0,0,0,0,0,0,0,0,25.05,0.0,0.0,0.0,365.0,1.0,23.8,23.8,0.0,0.0,0.0,2,0,0.0,0.0,0.0,72.04,27.135714285714283,-33.01,0.0,0,2,0,0,0,0,0,0
1,0,0,0,4.0,1,0,0,0,1,0,0,0,1,74.8,0.0,0.0,0.0,365.0,0.0,0.0,0.0,0.0,0.0,0.0,2,0,0.0,0.0,0.0,77.06,80.475,-16.74,0.0,1,2,0,1,0,0,0,0
1,0,1,1,72.0,1,1,1,1,1,1,1,1,1,114.3,4.0,140.0,1.0,242.0,0.0,0.0,0.0,0.0,0.0,0.0,1,0,0.0,0.0,0.0,88.37,111.92430555555556,22.76,4.0,6,0,2,1,0,1,0,0
0,0,1,0,20.0,0,0,0,0,0,0,0,0,1,24.45,0.0,0.0,0.0,365.0,0.0,0.0,0.0,0.0,0.0,0.0,2,1,0.5,5.58,11.17,71.82,24.14,-33.61,0.0,0,2,0,0,0,0,1,0
1,0,0,0,63.0,1,0,1,1,1,1,1,1,0,109.2,0.0,0.0,0.0,365.0,1.0,11.5,11.5,1.0,0.0,1.0,3,1,0.33,1.95,5.85,93.17,111.90079365079364,17.66,0.0,6,1,2,1,0,1,0,0
0,0,0,0,56.0,0,0,1,1,1,1,0,0,0,45.05,0.0,0.0,0.0,365.0,0.0,0.0,0.0,0.0,0.0,0.0,2,0,0.0,0.0,0.0,63.8,45.716071428571425,-13.01,0.0,4,0,2,0,0,0,0,0
0,0,0,1,5.0,1,0,0,0,0,1,0,0,1,51.0,1.0,106.0,1.0,258.0,0.0,0.0,0.0,0.0,0.0,0.0,1,0,0.0,0.0,0.0,41.74,57.36,-7.06,1.0,1,2,0,0,0,0,0,1
0,0,1,0,72.0,1,1,0,1,1,1,1,1,1,110.45,12.0,187.0,2.0,181.0,0.0,0.0,0.0,0.0,0.0,0.0,2,0,0.0,0.0,0.0,74.01,110.86805555555556,18.91,6.0,5,0,2,1,0,0,0,0
1,1,1,1,12.0,1,1,0,1,1,0,0,0,1,84.65,4.0,68.0,1.0,147.0,0.0,0.0,0.0,0.0,0.0,0.0,1,0,0.0,0.0,0.0,117.12,473.6333333333334,-6.89,4.0,2,1,0,1,0,0,1,0
1,0,1,1,67.0,1,0,1,1,0,1,0,0,0,60.05,6.0,93.0,1.0,204.0,0.0,0.0,0.0,0.0,0.0,0.0,2,1,0.5,7.17,14.34,79.3,59.61268656716418,1.99,6.0,3,1,1,0,0,0,0,1
1,0,1,1,8.0,1,0,0,0,0,0,0,0,0,44.65,0.0,0.0,0.0,365.0,0.0,0.0,0.0,0.0,0.0,0.0,2,0,0.0,0.0,0.0,64.12,46.14375,-13.41,0.0,0,2,0,0,0,0,0,0
1,0,1,1,52.0,1,1,0,1,0,1,0,1,1,93.25,4.0,169.0,1.0,129.0,1.0,6.7,6.7,0.0,1.0,0.0,3,0,0.0,0.0,0.0,61.17,89.07115384615385,1.71,4.0,3,1,0,1,0,0,0,0
0,0,1,1,18.0,1,0,0,0,0,0,0,0,1,20.25,0.0,0.0,0.0,365.0,0.0,0.0,0.0,0.0,0.0,0.0,1,0,0.0,0.0,0.0,103.99,22.330555555555556,-0.82,0.0,0,1,0,0,1,0,0,1
0,0,1,1,59.0,1,1,0,0,0,0,0,0,0,25.45,0.0,0.0,0.0,365.0,0.0,0.0,0.0,0.0,0.0,0.0,1,0,0.0,0.0,0.0,66.96,26.000847457627117,4.38,0.0,0,0,2,0,1,0,0,1
0,0,0,0,60.0,1,0,0,0,0,0,0,0,0,20.6,0.0,0.0,0.0,365.0,0.0,0.0,0.0,0.0,0.0,0.0,1,0,0.0,0.0,0.0,25.77,18.216666666666665,-0.47,0.0,0,0,2,0,1,0,0,1
1,0,0,0,7.0,1,1,0,0,0,0,1,1,1,94.1,9.0,190.0,2.0,34.0,0.0,0.0,0.0,0.0,0.0,0.0,2,1,0.5,6.81,13.62,78.02,100.18571428571428,2.56,4.5,2,3,0,1,0,0,1,0
1,0,1,1,59.0,0,0,1,0,1,0,0,0,0,34.8,0.0,0.0,0.0,365.0,1.0,14.2,14.2,1.0,0.0,1.0,3,0,0.0,0.0,0.0,97.35,33.56440677966101,-23.26,0.0,2,0,1,0,0,0,0,1
1,0,0,0,46.0,0,0,1,0,1,1,1,1,1,60.75,0.0,0.0,0.0,365.0,0.0,0.0,0.0,0.0,0.0,0.0,2,0,0.0,0.0,0.0,60.9,62.9,2.69,0.0,5,0,2,0,0,0,0,0
1,0,0,0,5.0,1,0,0,1,0,0,0,0,1,51.35,0.0,0.0,0.0,365.0,0.0,0.0,0.0,0.0,0.0,0.0,3,0,0.0,0.0,0.0,58.29,52.46,-6.71,0.0,1,2,0,0,0,0,1,0
1,1,1,0,59.0,0,0,1,0,1,1,1,1,1,64.05,0.0,0.0,0.0,365.0,0.0,0.0,0.0,0.0,0.0,0.0,2,0,0.0,0.0,0.0,66.55,65.87881355932203,5.99,0.0,5,0,2,0,0,1,0,0
0,0,1,0,70.0,1,1,0,1,1,1,1,1,1,84.8,4.0,164.0,1.0,103.0,0.0,0.0,0.0,0.0,0.0,0.0,1,0,0.0,0.0,0.0,76.99,84.53642857142857,26.74,4.0,5,0,2,0,0,0,0,0
0,0,0,0,14.0,1,0,0,0,0,0,0,0,1,71.0,0.0,0.0,0.0,365.0,1.0,16.3,16.3,0.0,1.0,0.0,2,0,0.0,0.0,0.0,76.9,65.28571428571429,-20.54,0.0,0,1,0,1,0,1,0,0
0,0,0,0,44.0,1,1,0,0,0,0,0,0,1,50.15,0.0,0.0,0.0,365.0,0.0,0.0,0.0,0.0,0.0,0.0,1,0,0.0,0.0,0.0,71.81,48.61590909090909,-7.91,0.0,0,1,0,0,0,0,0,1
0,0,1,0,64.0,1,1,1,0,1,0,1,0,1,94.6,0.0,0.0,0.0,365.0,0.0,0.0,0.0,0.0,0.0,0.0,2,0,0.0,0.0,0.0,54.73,92.9484375,3.06,0.0,3,0,2,1,0,1,0,0
0,0,1,1,58.0,0,0,1,0,1,1,1,1,0,59.75,0.0,0.0,0.0,365.0,0.0,0.0,0.0,0.0,0.0,0.0,3,2,0.67,16.7,42.48,73.18,62.48879310344827,1.69,0.0,5,1,2,0,0,0,0,1
0,1,1,0,46.0,1,1,0,0,0,1,1,1,0,100.25,7.0,132.5,2.0,122.0,0.0,0.0,0.0,0.0,0.0,0.0,3,2,0.67,17.82,32.67,78.7,103.3445652173913,8.71,3.5,3,1,1,1,0,0,1,0
1,1,1,0,58.0,1,1,0,1,0,0,1,1,1,98.9,0.0,0.0,0.0,365.0,1.0,3.7,3.7,1.0,0.0,1.0,1,0,0.0,0.0,0.0,81.91,99.66724137931034,7.36,0.0,3,1,0,1,0,0,1,0
0,0,1,0,72.0,1,1,0,1,0,0,1,1,1,97.7,5.0,287.0,1.0,72.0,0.0,0.0,0.0,0.0,0.0,0.0,2,0,0.0,0.0,0.0,72.7,95.4125,6.16,5.0,3,0,2,1,0,1,0,0
0,1,0,0,30.0,0,0,0,0,1,0,1,0,1,40.3,5.0,56.0,1.0,106.0,0.0,0.0,0.0,0.0,0.0,0.0,1,1,1.0,15.68,15.68,82.78,39.098333333333336,-17.76,5.0,2,2,0,0,0,0,1,0
1,1,0,0,11.0,1,1,1,1,0,0,0,0,0,60.25,1.0,132.0,1.0,133.0,0.0,0.0,0.0,0.0,0.0,0.0,2,0,0.0,0.0,0.0,54.64,60.26818181818182,2.19,1.0,2,2,0,0,0,0,0,0
0,1,0,0,34.0,0,0,0,1,1,0,1,1,1,56.25,0.0,0.0,0.0,365.0,0.0,0.0,0.0,0.0,0.0,0.0,3,1,0.33,4.54,13.61,71.42,51.93970588235294,-1.81,0.0,4,2,0,0,0,0,1,0
1,0,0,0,54.0,0,0,1,1,0,0,0,1,0,46.2,6.0,267.0,1.0,248.0,1.0,93.7,93.7,0.0,0.0,0.0,2,0,0.0,0.0,0.0,24.27,45.036111111111104,-11.86,6.0,3,0,2,0,0,0,0,0
0,0,0,0,3.0,0,0,0,1,0,0,1,1,1,50.6,0.0,0.0,0.0,365.0,0.0,0.0,0.0,0.0,0.0,0.0,2,1,0.5,20.64,41.29,108.47,51.78333333333333,-7.46,0.0,3,3,0,0,0,0,1,0
0,0,1,1,72.0,1,1,0,0,0,0,0,0,0,24.9,1.0,55.0,1.0,86.0,0.0,0.0,0.0,0.0,0.0,0.0,1,0,0.0,0.0,0.0,58.41,25.822222222222223,3.83,1.0,0,0,2,0,1,0,0,1
0,0,1,1,40.0,1,1,0,0,1,1,0,0,1,84.85,0.0,0.0,0.0,365.0,0.0,0.0,0.0,0.0,0.0,0.0,3,0,0.0,0.0,0.0,81.04,82.57625,-6.69,0.0,2,1,0,1,0,0,1,0
0,0,1,1,2.0,1,0,0,0,0,0,1,1,0,65.7,0.0,0.0,0.0,365.0,0.0,0.0,0.0,0.0,0.0,0.0,2,0,0.0,0.0,0.0,100.2,67.175,7.64,0.0,2,2,0,0,0,0,0,1
1,0,1,1,54.0,1,1,0,0,1,0,0,1,0,63.35,0.0,0.0,0.0,365.0,0.0,0.0,0.0,0.0,0.0,0.0,1,0,0.0,0.0,0.0,66.78,63.13148148148148,5.29,0.0,2,0,2,0,0,1,0,0
0,0,0,0,14.0,1,0,1,0,0,0,0,0,0,50.1,0.0,0.0,0.0,365.0,0.0,0.0,0.0,0.0,0.0,0.0,2,0,0.0,0.0,0.0,81.56,50.67857142857143,-7.96,0.0,1,1,0,0,0,0,0,0
0,0,0,0,1.0,1,0,0,0,0,0,0,0,0,70.5,0.0,0.0,0.0,365.0,1.0,9.9,9.9,0.0,1.0,0.0,3,1,0.33,12.14,36.43,88.92,70.5,-21.04,0.0,0,3,0,1,0,0,1,0
0,0,0,0,10.0,1,1,0,1,1,0,0,1,1,94.85,4.0,203.0,1.0,299.0,0.0,0.0,0.0,0.0,0.0,0.0,2,0,0.0,0.0,0.0,49.27,95.345,3.31,4.0,3,2,0,1,0,0,1,0
0,0,0,0,1.0,1,0,1,0,0,0,0,0,0,50.15,3.0,266.0,1.0,130.0,0.0,0.0,0.0,0.0,0.0,0.0,3,1,0.33,12.65,37.96,91.92,50.15,-7.91,3.0,1,3,0,0,0,0,1,0
1,0,0,0,1.0,1,0,0,0,0,0,0,0,0,19.75,0.0,0.0,0.0,365.0,0.0,0.0,0.0,0.0,0.0,0.0,2,0,0.0,0.0,0.0,61.65,19.75,-1.32,0.0,0,2,0,0,1,0,0,1
1,0,0,0,56.0,1,1,1,1,0,1,0,0,1,64.65,0.0,0.0,0.0,365.0,0.0,0.0,0.0,0.0,0.0,0.0,2,1,0.5,23.58,47.15,76.3,65.45625,6.59,0.0,3,1,1,0,0,0,0,0
0,0,1,0,68.0,1,0,1,1,0,1,1,1,1,79.6,3.0,61.0,1.0,148.0,0.0,0.0,0.0,0.0,0.0,0.0,3,0,0.0,0.0,0.0,70.69,81.11470588235295,21.54,3.0,5,0,2,0,0,0,0,0
0,0,1,1,14.0,1,0,0,0,0,0,0,0,1,19.5,0.0,0.0,0.0,365.0,2.0,6.300000000000001,10.4,2.0,0.0,1.0,2,0,0.0,0.0,0.0,65.06,19.428571428571427,-1.57,0.0,0,0,1,0,1,0,0,1
1,0,1,1,68.0,1,0,1,0,0,1,1,1,1,99.55,5.0,259.0,1.0,90.0,0.0,0.0,0.0,0.0,0.0,0.0,1,0,0.0,0.0,0.0,65.55,98.05882352941177,8.01,5.0,4,0,2,1,0,0,1,0
1,1,1,0,55.0,1,1,0,0,0,0,0,0,1,74.0,0.0,0.0,0.0,365.0,0.0,0.0,0.0,0.0,0.0,0.0,3,1,0.33,8.82,26.46,76.74,73.68,-17.54,0.0,0,2,0,1,0,0,1,0
0,0,0,0,16.0,0,0,1,0,0,0,1,0,1,38.9,0.0,0.0,0.0,365.0,0.0,0.0,0.0,0.0,0.0,0.0,2,1,0.5,6.32,12.64,47.58,41.525,-19.16,0.0,2,2,0,0,0,0,1,0
1,1,0,0,9.0,1,0,0,0,0,0,0,1,1,79.55,4.0,292.0,1.0,148.0,0.0,0.0,0.0,0.0,0.0,0.0,1,0,0.0,0.0,0.0,36.77,79.83888888888889,-11.99,4.0,1,2,0,1,0,0,1,0
1,0,1,1,14.0,1,0,1,1,0,0,1,0,1,65.45,0.0,0.0,0.0,365.0,0.0,0.0,0.0,0.0,0.0,0.0,2,0,0.0,0.0,0.0,42.97,66.97142857142858,7.39,0.0,3,1,0,0,0,0,1,0
1,1,1,0,58.0,1,1,0,0,1,0,1,1,1,98.7,0.0,0.0,0.0,365.0,0.0,0.0,0.0,0.0,0.0,0.0,2,0,0.0,0.0,0.0,94.44,100.21724137931035,7.16,0.0,3,1,0,1,0,0,1,0
1,0,0,0,53.0,0,0,1,1,0,0,0,1,1,46.3,0.0,0.0,0.0,365.0,1.0,25.4,25.4,1.0,0.0,1.0,1,0,0.0,0.0,0.0,107.06,48.053773584905656,-11.76,0.0,3,1,0,0,0,0,0,0
1,0,1,0,70.0,1,1,1,1,1,0,1,0,1,99.35,0.0,0.0,0.0,365.0,0.0,0.0,0.0,0.0,0.0,0.0,1,0,0.0,0.0,0.0,76.13,99.20714285714286,7.81,0.0,4,0,2,1,0,1,0,0
0,1,1,1,14.0,1,1,0,0,0,0,1,1,1,95.8,0.0,0.0,0.0,365.0,2.0,30.85,49.9,0.0,1.0,0.0,2,0,0.0,0.0,0.0,107.75,96.16428571428571,4.26,0.0,2,1,0,1,0,0,1,0
1,0,1,1,22.0,1,0,1,0,1,1,1,0,1,67.5,0.0,0.0,0.0,365.0,0.0,0.0,0.0,0.0,0.0,0.0,3,1,0.33,3.19,9.57,85.48,70.18409090909091,9.44,0.0,4,1,1,0,0,0,0,0
0,0,1,0,10.0,1,1,1,0,0,0,0,0,1,78.15,1.0,185.0,1.0,273.0,0.0,0.0,0.0,0.0,0.0,0.0,2,1,0.5,9.72,19.45,60.8,76.515,-13.39,1.0,1,3,0,1,0,1,0,0
0,0,1,1,29.0,1,1,0,0,0,0,0,0,0,26.1,0.0,0.0,0.0,365.0,2.0,14.55,27.0,2.0,0.0,1.0,2,0,0.0,0.0,0.0,62.56,23.88103448275862,5.03,0.0,0,0,2,0,1,0,0,1
0,0,0,0,1.0,1,0,0,0,0,0,0,0,1,69.6,0.0,0.0,0.0,365.0,0.0,0.0,0.0,0.0,0.0,0.0,2,0,0.0,0.0,0.0,74.44,69.6,-21.94,0.0,0,2,0,1,0,0,1,0
1,0,1,0,49.0,1,1,1,0,1,1,1,1,0,84.35,0.0,0.0,0.0,365.0,0.0,0.0,0.0,0.0,0.0,0.0,1,0,0.0,0.0,0.0,100.19,82.84387755102041,26.29,0.0,5,0,1,0,0,0,1,0
0,1,1,0,68.0,1,1,0,1,0,0,1,1,1,100.2,6.0,288.0,1.0,111.0,0.0,0.0,0.0,0.0,0.0,0.0,1,0,0.0,0.0,0.0,88.96,100.7595588235294,8.66,6.0,3,1,0,1,0,0,1,0
0,0,0,0,1.0,1,0,0,0,0,0,1,0,0,78.05,0.0,0.0,0.0,365.0,0.0,0.0,0.0,0.0,0.0,0.0,3,0,0.0,0.0,0.0,70.48,78.05,-13.49,0.0,1,2,0,1,0,0,1,0
0,0,0,0,30.0,0,0,0,0,0,1,0,1,1,40.35,0.0,0.0,0.0,365.0,1.0,65.9,65.9,0.0,1.0,0.0,1,0,0.0,0.0,0.0,101.19,39.568333333333335,-17.71,0.0,2,0,1,0,0,1,0,0
0,0,1,0,64.0,1,1,1,1,1,1,1,0,0,79.2,0.0,0.0,0.0,365.0,0.0,0.0,0.0,0.0,0.0,0.0,1,0,0.0,0.0,0.0,90.72,84.4046875,21.14,0.0,5,0,2,0,0,1,0,0
0,0,0,0,10.0,1,0,0,0,0,0,0,0,1,20.9,0.0,0.0,0.0,365.0,0.0,0.0,0.0,0.0,0.0,0.0,3,0,0.0,0.0,0.0,36.39,24.7,-0.17,0.0,0,2,0,0,1,0,0,1
1,0,0,0,7.0,1,1,0,0,0,0,0,0,0,73.6,5.0,130.0,1.0,264.0,0.0,0.0,0.0,0.0,0.0,0.0,1,0,0.0,0.0,0.0,54.51,74.28571428571429,-17.94,5.0,0,2,0,1,0,0,1,0
0,0,0,0,9.0,1,1,0,0,0,0,0,0,1,74.75,0.0,0.0,0.0,365.0,0.0,0.0,0.0,0.0,0.0,0.0,1,1,1.0,16.54,16.54,88.22,78.51111111111112,-16.79,0.0,0,3,0,1,0,0,1,0
0,0,0,1,1.0,1,0,1,0,0,0,0,0,0,49.9,10.0,120.33333333333331,3.0,84.0,0.0,0.0,0.0,0.0,0.0,0.0,2,0,0.0,0.0,0.0,80.92,49.9,-8.16,3.333,1,2,0,0,0,0,0,1
0,0,0,0,20.0,1,1,0,1,0,1,0,1,1,68.9,4.0,199.0,1.0,351.0,0.0,0.0,0.0,0.0,0.0,0.0,3,1,0.33,12.04,36.13,97.53,68.5175,10.84,4.0,3,2,0,0,0,1,0,0
0,0,0,0,1.0,1,0,0,0,0,0,0,0,1,20.25,0.0,0.0,0.0,365.0,0.0,0.0,0.0,0.0,0.0,0.0,3,0,0.0,0.0,0.0,73.26,20.25,-0.82,0.0,0,2,0,0,1,0,0,1
0,0,0,0,29.0,1,1,0,0,0,0,0,0,1,76.0,0.0,0.0,0.0,365.0,0.0,0.0,0.0,0.0,0.0,0.0,1,0,0.0,0.0,0.0,43.56,76.38793103448276,-15.54,0.0,0,1,0,1,0,1,0,0
1,0,0,0,1.0,1,0,0,0,0,1,0,0,0,74.0,4.0,66.0,1.0,82.0,0.0,0.0,0.0,0.0,0.0,0.0,2,0,0.0,0.0,0.0,55.62,74.0,-17.54,4.0,1,2,0,1,0,0,1,0
1,0,0,0,3.0,1,0,1,0,0,1,0,0,1,82.3,0.0,0.0,0.0,365.0,0.0,0.0,0.0,0.0,0.0,0.0,1,1,1.0,39.82,39.82,118.43,71.46666666666667,-9.24,0.0,2,3,0,1,0,0,0,1
0,0,0,0,12.0,1,0,1,0,1,0,1,0,1,89.4,0.0,0.0,0.0,365.0,1.0,35.9,35.9,0.0,1.0,0.0,1,1,1.0,12.5,12.5,63.74,155.92916666666667,-2.14,0.0,3,2,0,1,0,0,0,0
1,0,0,1,64.0,1,0,0,1,0,1,1,1,1,99.15,0.0,0.0,0.0,365.0,1.0,6.1,6.1,0.0,1.0,0.0,2,1,0.5,2.24,4.47,46.92,96.425,7.61,0.0,4,2,0,1,0,1,0,0
1,0,0,0,1.0,1,0,0,0,0,0,0,0,1,20.2,0.0,0.0,0.0,365.0,0.0,0.0,0.0,0.0,0.0,0.0,3,1,0.33,2.94,8.81,64.71,20.2,-0.87,0.0,0,3,0,0,1,0,0,1
0,0,0,0,6.0,0,0,1,0,0,0,0,0,0,29.45,7.0,158.5,2.0,43.0,0.0,0.0,0.0,0.0,0.0,0.0,2,1,0.5,6.06,12.12,62.46,26.90833333333333,-28.61,3.5,1,3,0,0,0,0,0,0
1,0,1,0,50.0,1,0,0,0,0,0,0,0,0,19.8,13.0,201.5,2.0,153.0,1.0,35.9,35.9,1.0,0.0,1.0,2,1,0.5,19.4,38.8,82.82,20.264,-1.27,6.5,0,1,2,0,1,0,1,0
1,0,0,0,6.0,1,0,1,0,0,0,0,1,1,59.15,0.0,0.0,0.0,365.0,1.0,3.1,3.1,1.0,0.0,1.0,3,0,0.0,0.0,0.0,61.6,56.11666666666667,1.09,0.0,2,2,0,0,0,0,0,0
1,0,1,1,7.0,1,0,0,0,0,0,0,0,0,44.75,0.0,0.0,0.0,365.0,0.0,0.0,0.0,0.0,0.0,0.0,1,0,0.0,0.0,0.0,118.59,47.66428571428571,-13.31,0.0,0,2,0,0,0,0,1,0
1,0,1,1,72.0,1,1,0,0,1,0,0,1,1,90.8,0.0,0.0,0.0,365.0,0.0,0.0,0.0,0.0,0.0,0.0,2,0,0.0,0.0,0.0,109.7,90.44166666666666,-0.74,0.0,2,0,2,1,0,1,0,0
1,0,1,0,8.0,1,0,0,1,0,0,0,0,1,49.55,0.0,0.0,0.0,365.0,0.0,0.0,0.0,0.0,0.0,0.0,1,0,0.0,0.0,0.0,24.12,49.18125,-8.51,0.0,1,2,0,0,0,0,0,0
0,0,1,1,67.0,1,1,1,0,0,1,1,1,0,91.75,0.0,0.0,0.0,365.0,0.0,0.0,0.0,0.0,0.0,0.0,1,1,1.0,9.14,9.14,38.99,104.61940298507463,0.21,0.0,4,1,2,1,0,1,0,0
0,1,1,0,24.0,1,1,0,0,0,0,1,1,1,93.55,0.0,0.0,0.0,365.0,0.0,0.0,0.0,0.0,0.0,0.0,2,0,0.0,0.0,0.0,105.2,94.33541666666667,2.01,0.0,2,1,0,1,0,0,1,0
0,0,1,0,72.0,1,1,1,1,0,0,0,1,1,94.45,0.0,0.0,0.0,365.0,0.0,0.0,0.0,0.0,0.0,0.0,1,0,0.0,0.0,0.0,119.1,96.13472222222222,2.91,0.0,3,0,2,1,0,1,0,0
1,0,1,1,33.0,1,0,0,0,0,0,0,0,1,19.45,0.0,0.0,0.0,365.0,0.0,0.0,0.0,0.0,0.0,0.0,2,1,0.5,16.4,32.79,65.9,18.189393939393938,-1.62,0.0,0,1,1,0,1,0,0,0
1,0,0,0,2.0,0,0,0,0,0,0,0,0,1,25.05,0.0,0.0,0.0,365.0,0.0,0.0,0.0,0.0,0.0,0.0,1,0,0.0,0.0,0.0,119.62,28.175,-33.01,0.0,0,2,0,0,0,0,1,0
1,0,1,0,70.0,1,0,1,1,0,1,0,1,0,56.15,0.0,0.0,0.0,365.0,0.0,0.0,0.0,0.0,0.0,0.0,3,0,0.0,0.0,0.0,68.78,66.63071428571428,-1.91,0.0,4,0,2,0,0,0,0,1
0,0,0,0,22.0,1,0,0,1,1,0,1,0,0,65.25,0.0,0.0,0.0,365.0,0.0,0.0,0.0,0.0,0.0,0.0,3,1,0.33,6.75,20.26,80.82,65.53636363636363,7.19,0.0,3,1,1,0,0,0,0,0
0,0,0,0,59.0,1,1,1,1,1,0,0,1,1,99.45,0.0,0.0,0.0,365.0,0.0,0.0,0.0,0.0,0.0,0.0,2,1,0.5,10.1,20.2,77.14,95.31694915254236,7.91,0.0,4,2,0,1,0,0,0,0
1,0,0,0,36.0,1,0,0,0,0,0,0,0,1,20.35,0.0,0.0,0.0,365.0,0.0,0.0,0.0,0.0,0.0,0.0,3,0,0.0,0.0,0.0,63.19,19.329166666666666,-0.72,0.0,0,0,1,0,1,1,0,0
0,0,1,1,51.0,1,0,0,0,0,0,0,0,0,19.95,0.0,0.0,0.0,365.0,0.0,0.0,0.0,0.0,0.0,0.0,3,1,0.33,1.14,3.42,59.14,20.17156862745098,-1.12,0.0,0,1,2,0,1,0,0,1
1,0,1,0,53.0,1,1,1,0,1,1,1,0,0,77.4,0.0,0.0,0.0,365.0,0.0,0.0,0.0,0.0,0.0,0.0,2,0,0.0,0.0,0.0,51.5,78.41415094339622,19.34,0.0,4,0,1,0,0,0,0,0
0,0,1,1,20.0,1,0,0,0,0,0,0,0,0,19.7,0.0,0.0,0.0,365.0,2.0,54.7,76.3,1.0,1.0,0.5,3,0,0.0,0.0,0.0,47.43,19.78,-1.37,0.0,0,0,1,0,1,0,0,0
1,0,1,0,63.0,1,0,1,0,1,0,1,1,0,99.7,0.0,0.0,0.0,365.0,2.0,28.95,29.4,1.0,0.0,0.5,3,1,0.33,15.24,45.71,107.18,100.48253968253968,8.16,0.0,4,1,2,1,0,1,0,0
0,0,0,0,40.0,1,0,0,1,0,0,0,0,0,74.8,4.0,15.0,1.0,319.0,0.0,0.0,0.0,0.0,0.0,0.0,3,0,0.0,0.0,0.0,81.83,74.29249999999999,-16.74,4.0,1,1,0,1,0,1,0,0
1,0,0,0,35.0,1,0,0,0,0,0,0,0,1,19.15,0.0,0.0,0.0,365.0,0.0,0.0,0.0,0.0,0.0,0.0,3,1,0.33,2.2,6.6,64.44,18.228571428571428,-1.92,0.0,0,1,1,0,1,0,0,1
1,0,1,1,26.0,1,0,0,0,0,0,0,1,0,78.95,0.0,0.0,0.0,365.0,0.0,0.0,0.0,0.0,0.0,0.0,1,0,0.0,0.0,0.0,59.27,78.24038461538461,-12.59,0.0,1,0,1,1,0,0,0,0
1,1,1,0,27.0,1,1,0,1,1,0,0,1,1,95.55,3.0,169.0,1.0,6.0,0.0,0.0,0.0,0.0,0.0,0.0,1,0,0.0,0.0,0.0,111.11,92.97037037037036,4.01,3.0,3,1,0,1,0,0,1,0
1,0,0,1,53.0,1,0,1,1,0,1,0,0,0,62.85,7.0,191.0,2.0,38.0,0.0,0.0,0.0,0.0,0.0,0.0,1,0,0.0,0.0,0.0,46.31,64.51886792452831,4.79,3.5,3,0,1,0,0,1,0,0
1,1,1,0,34.0,1,0,0,0,0,0,0,0,0,71.55,0.0,0.0,0.0,365.0,0.0,0.0,0.0,0.0,0.0,0.0,3,1,0.33,12.16,36.47,87.03,71.39264705882353,-19.99,0.0,0,2,0,1,0,1,0,0
0,1,1,0,19.0,1,1,0,0,0,0,1,1,1,94.95,7.0,42.5,2.0,38.0,1.0,22.4,22.4,1.0,0.0,1.0,2,0,0.0,0.0,0.0,61.14,92.64473684210526,3.41,3.5,2,1,0,1,0,0,1,0
1,0,1,0,43.0,1,0,1,1,1,0,0,0,1,86.1,0.0,0.0,0.0,365.0,0.0,0.0,0.0,0.0,0.0,0.0,3,0,0.0,0.0,0.0,81.08,82.59651162790698,-5.44,0.0,3,1,0,1,0,1,0,0
1,0,1,1,6.0,1,0,0,0,0,0,0,0,0,19.55,0.0,0.0,0.0,365.0,0.0,0.0,0.0,0.0,0.0,0.0,2,0,0.0,0.0,0.0,95.73,20.483333333333334,-1.52,0.0,0,2,0,0,1,0,0,1
1,0,0,1,56.0,1,1,0,0,0,0,0,0,1,24.8,7.0,288.0,1.0,145.0,0.0,0.0,0.0,0.0,0.0,0.0,3,1,0.33,5.41,16.23,76.48,25.432142857142857,3.73,7.0,0,1,2,0,1,0,0,1
1,0,0,0,57.0,0,0,0,1,0,0,1,0,1,39.3,0.0,0.0,0.0,365.0,0.0,0.0,0.0,0.0,0.0,0.0,2,1,0.5,2.39,4.78,25.19,37.04298245614035,-18.76,0.0,2,2,0,0,0,0,1,0
1,0,1,1,12.0,1,0,0,0,1,0,1,0,1,84.05,9.0,168.5,2.0,91.0,0.0,0.0,0.0,0.0,0.0,0.0,1,0,0.0,0.0,0.0,23.16,242.4958333333333,-7.49,4.5,2,1,0,1,0,0,0,1
0,0,0,0,10.0,0,0,0,1,0,1,0,0,0,36.25,0.0,0.0,0.0,365.0,0.0,0.0,0.0,0.0,0.0,0.0,3,1,0.33,11.89,35.68,54.79,37.4,-21.81,0.0,2,3,0,0,0,0,1,0
0,0,0,0,1.0,1,0,0,0,0,0,0,0,1,20.25,0.0,0.0,0.0,365.0,0.0,0.0,0.0,0.0,0.0,0.0,3,0,0.0,0.0,0.0,63.61,20.25,-0.82,0.0,0,2,0,0,1,0,0,1
0,0,0,0,13.0,0,0,0,0,0,0,0,0,1,23.9,0.0,0.0,0.0,365.0,0.0,0.0,0.0,0.0,0.0,0.0,3,0,0.0,0.0,0.0,74.17,23.138461538461538,-34.16,0.0,0,1,0,0,0,0,1,0
1,0,0,0,56.0,1,1,0,1,0,0,1,1,0,98.6,3.0,63.0,1.0,61.0,0.0,0.0,0.0,0.0,0.0,0.0,3,0,0.0,0.0,0.0,67.47,99.66160714285715,7.06,3.0,3,1,0,1,0,0,1,0
0,0,1,0,55.0,1,1,0,1,1,0,1,1,1,103.65,0.0,0.0,0.0,365.0,0.0,0.0,0.0,0.0,0.0,0.0,1,1,1.0,4.39,4.39,73.23,103.21181818181817,12.11,0.0,4,2,0,1,0,1,0,0
0,0,1,1,36.0,1,1,1,1,1,1,1,1,1,92.9,6.0,122.0,1.0,247.0,0.0,0.0,0.0,0.0,0.0,0.0,3,1,0.33,7.56,22.67,49.0,93.86805555555556,34.84,6.0,6,1,2,0,0,1,0,0
1,0,1,0,47.0,1,0,0,0,0,0,0,0,0,19.9,7.0,244.0,1.0,208.0,1.0,31.6,31.6,0.0,1.0,0.0,3,1,0.33,1.1,3.29,54.6,20.06276595744681,-1.17,7.0,0,1,1,0,1,0,0,0
0,0,1,1,12.0,1,0,0,0,0,0,0,0,1,20.1,7.0,110.0,1.0,161.0,0.0,0.0,0.0,0.0,0.0,0.0,3,3,1.0,17.63,26.37,97.66,19.366666666666667,-0.97,7.0,0,2,0,0,1,1,0,0
0,0,0,0,1.0,1,0,0,0,1,0,1,0,1,85.45,6.0,100.0,1.0,167.0,0.0,0.0,0.0,0.0,0.0,0.0,1,0,0.0,0.0,0.0,42.77,85.45,-6.09,6.0,2,2,0,1,0,0,1,0
1,1,0,0,24.0,1,1,0,1,0,0,0,0,1,80.5,10.0,243.5,2.0,200.0,0.0,0.0,0.0,0.0,0.0,0.0,1,0,0.0,0.0,0.0,99.42,87.01875,-11.04,5.0,1,1,0,1,0,0,1,0
0,0,0,0,63.0,1,1,0,1,0,0,1,1,0,99.9,0.0,0.0,0.0,365.0,0.0,0.0,0.0,0.0,0.0,0.0,3,2,0.67,20.13,54.46,109.54,97.41269841269842,8.36,0.0,3,1,1,1,0,0,0,0
0,1,0,0,35.0,0,0,0,0,1,0,1,0,1,39.85,13.0,162.5,2.0,11.0,0.0,0.0,0.0,0.0,0.0,0.0,3,1,0.33,11.42,34.25,87.12,40.988571428571426,-18.21,6.5,2,2,0,0,0,0,1,0
0,0,0,0,67.0,1,0,1,1,0,1,0,0,0,60.5,11.0,235.5,2.0,90.0,0.0,0.0,0.0,0.0,0.0,0.0,2,0,0.0,0.0,0.0,76.3,57.76119402985075,2.44,5.5,3,0,1,0,0,1,0,0
1,0,0,0,25.0,1,1,0,0,0,0,0,1,1,91.75,0.0,0.0,0.0,365.0,0.0,0.0,0.0,0.0,0.0,0.0,1,0,0.0,0.0,0.0,31.35,81.738,0.21,0.0,1,1,0,1,0,0,1,0
1,0,0,0,21.0,1,1,1,0,1,0,1,1,0,103.85,0.0,0.0,0.0,365.0,0.0,0.0,0.0,0.0,0.0,0.0,2,0,0.0,0.0,0.0,51.33,105.47619047619048,12.31,0.0,4,1,0,1,0,0,0,1
0,0,0,0,13.0,1,0,1,1,0,1,0,1,0,67.8,3.0,203.0,1.0,315.0,0.0,0.0,0.0,0.0,0.0,0.0,2,1,0.5,5.66,11.31,65.56,64.78846153846153,9.74,3.0,4,2,0,0,0,0,0,0
1,0,1,0,35.0,1,1,0,0,0,0,0,0,1,75.2,0.0,0.0,0.0,365.0,0.0,0.0,0.0,0.0,0.0,0.0,2,0,0.0,0.0,0.0,54.98,73.60571428571428,-16.34,0.0,0,1,0,1,0,0,1,0
1,1,1,0,71.0,1,1,0,0,0,0,0,0,0,24.85,6.0,65.0,1.0,110.0,0.0,0.0,0.0,0.0,0.0,0.0,2,0,0.0,0.0,0.0,34.87,26.774647887323944,3.78,6.0,0,0,2,0,1,0,0,0
0,0,0,0,29.0,1,0,0,0,0,0,0,0,0,19.35,0.0,0.0,0.0,365.0,0.0,0.0,0.0,0.0,0.0,0.0,1,0,0.0,0.0,0.0,24.43,20.7448275862069,-1.72,0.0,0,1,0,0,1,1,0,0
1,0,1,0,71.0,0,0,0,1,0,0,1,1,0,49.35,0.0,0.0,0.0,365.0,0.0,0.0,0.0,0.0,0.0,0.0,2,0,0.0,0.0,0.0,100.48,49.51056338028169,-8.71,0.0,3,0,2,0,0,0,1,0
1,1,1,0,7.0,1,0,0,0,0,0,1,1,1,89.0,0.0,0.0,0.0,365.0,0.0,0.0,0.0,0.0,0.0,0.0,2,0,0.0,0.0,0.0,80.18,86.49285714285715,-2.54,0.0,2,2,0,1,0,0,1,0
0,1,0,0,57.0,0,0,0,1,1,0,1,1,1,55.0,0.0,0.0,0.0,365.0,0.0,0.0,0.0,0.0,0.0,0.0,2,1,0.5,5.4,10.79,68.4,54.28157894736842,-3.06,0.0,4,2,0,0,0,0,1,0
1,0,1,0,65.0,1,1,1,0,1,1,0,1,0,76.15,10.0,148.0,1.0,27.0,0.0,0.0,0.0,0.0,0.0,0.0,3,0,0.0,0.0,0.0,41.15,75.83923076923077,18.09,10.0,4,0,2,0,0,0,0,0
1,0,0,0,27.0,1,0,0,0,0,0,0,0,0,20.3,4.0,187.0,1.0,262.0,0.0,0.0,0.0,0.0,0.0,0.0,1,1,1.0,7.87,7.87,99.88,22.038888888888888,-0.77,4.0,0,1,1,0,1,0,0,1
1,0,0,0,6.0,1,1,0,0,0,0,0,0,1,74.9,0.0,0.0,0.0,365.0,0.0,0.0,0.0,0.0,0.0,0.0,1,1,1.0,20.69,20.69,61.21,78.3,-16.64,0.0,0,3,0,1,0,0,1,0
0,1,0,0,72.0,1,1,1,1,1,1,1,1,1,117.35,0.0,0.0,0.0,365.0,0.0,0.0,0.0,0.0,0.0,0.0,2,0,0.0,0.0,0.0,69.68,117.17013888888889,25.81,0.0,6,0,2,1,0,1,0,0
1,0,0,0,1.0,1,0,0,0,0,0,0,0,1,19.75,0.0,0.0,0.0,365.0,1.0,17.7,17.7,1.0,0.0,1.0,2,0,0.0,0.0,0.0,49.66,19.75,-1.32,0.0,0,2,0,0,1,0,0,1
1,0,0,0,11.0,1,0,0,0,0,0,0,0,0,45.2,0.0,0.0,0.0,365.0,0.0,0.0,0.0,0.0,0.0,0.0,2,0,0.0,0.0,0.0,72.19,44.72727272727273,-12.86,0.0,0,2,0,0,0,1,0,0
1,0,1,1,39.0,1,1,0,0,0,0,0,0,0,25.2,7.0,24.0,1.0,125.0,0.0,0.0,0.0,0.0,0.0,0.0,1,0,0.0,0.0,0.0,116.13,25.33205128205128,4.13,7.0,0,0,2,0,1,0,0,1
0,1,0,0,59.0,1,1,1,1,1,0,0,0,1,89.75,0.0,0.0,0.0,365.0,1.0,10.7,10.7,1.0,0.0,1.0,1,0,0.0,0.0,0.0,50.68,93.16779661016949,-1.79,0.0,3,1,0,1,0,0,1,0
1,0,0,0,26.0,1,0,1,0,0,1,1,1,0,75.0,0.0,0.0,0.0,365.0,0.0,0.0,0.0,0.0,0.0,0.0,2,0,0.0,0.0,0.0,103.18,73.39807692307691,16.94,0.0,4,0,1,0,0,0,0,0
1,1,0,0,2.0,1,0,0,0,1,0,0,0,0,49.95,5.0,296.0,1.0,136.0,0.0,0.0,0.0,0.0,0.0,0.0,1,0,0.0,0.0,0.0,58.06,53.55,-8.11,5.0,1,2,0,0,0,0,0,1
0,0,1,1,72.0,0,0,1,1,1,1,1,1,0,65.7,0.0,0.0,0.0,365.0,0.0,0.0,0.0,0.0,0.0,0.0,3,1,0.33,10.44,31.31,56.7,63.54652777777778,7.64,0.0,6,1,2,0,0,0,0,0
1,0,1,0,65.0,1,1,1,1,1,0,0,0,0,67.05,0.0,0.0,0.0,365.0,0.0,0.0,0.0,0.0,0.0,0.0,1,0,0.0,0.0,0.0,93.79,66.30076923076923,8.99,0.0,3,0,1,0,0,1,0,0
1,0,1,1,72.0,1,1,0,1,1,1,1,1,0,110.9,0.0,0.0,0.0,365.0,0.0,0.0,0.0,0.0,0.0,0.0,1,0,0.0,0.0,0.0,31.7,110.03819444444444,19.36,0.0,5,0,2,1,0,1,0,0
1,0,0,0,6.0,1,1,0,0,0,1,0,1,1,87.95,0.0,0.0,0.0,365.0,0.0,0.0,0.0,0.0,0.0,0.0,3,1,0.33,10.34,31.03,63.22,87.05833333333334,-3.59,0.0,2,3,0,1,0,0,0,0
1,1,0,0,32.0,1,0,0,0,0,0,0,0,0,19.8,7.0,252.0,1.0,149.0,1.0,54.4,54.4,1.0,0.0,1.0,2,1,0.5,10.42,20.85,74.19,18.365625,-1.27,7.0,0,1,1,0,1,1,0,0
0,0,1,0,50.0,1,1,0,0,1,0,1,1,0,75.7,0.0,0.0,0.0,365.0,0.0,0.0,0.0,0.0,0.0,0.0,1,0,0.0,0.0,0.0,95.07,77.524,17.64,0.0,3,0,1,0,0,0,0,0
1,0,1,0,61.0,0,0,1,0,1,1,1,1,1,62.15,0.0,0.0,0.0,365.0,0.0,0.0,0.0,0.0,0.0,0.0,3,0,0.0,0.0,0.0,57.99,61.9483606557377,4.09,0.0,5,0,2,0,0,0,0,1
0,0,0,0,15.0,1,0,0,1,1,0,1,1,1,101.25,0.0,0.0,0.0,365.0,0.0,0.0,0.0,0.0,0.0,0.0,2,0,0.0,0.0,0.0,78.38,97.15,9.71,0.0,4,1,0,1,0,0,1,0
1,0,1,0,72.0,1,1,1,1,1,1,1,1,0,115.15,0.0,0.0,0.0,365.0,0.0,0.0,0.0,0.0,0.0,0.0,2,0,0.0,0.0,0.0,59.6,115.96458333333334,23.61,0.0,6,0,2,1,0,0,0,0
1,0,0,0,9.0,1,0,0,0,0,0,0,0,1,18.95,0.0,0.0,0.0,365.0,0.0,0.0,0.0,0.0,0.0,0.0,2,0,0.0,0.0,0.0,53.76,20.62222222222222,-2.12,0.0,0,2,0,0,1,0,0,1
0,0,0,0,1.0,1,0,0,0,0,0,0,0,0,19.5,4.0,207.0,1.0,108.0,0.0,0.0,0.0,0.0,0.0,0.0,3,0,0.0,0.0,0.0,69.28,19.5,-1.57,4.0,0,2,0,0,1,0,0,1
0,0,0,0,12.0,1,1,0,0,0,0,0,1,1,86.55,0.0,0.0,0.0,365.0,0.0,0.0,0.0,0.0,0.0,0.0,1,0,0.0,0.0,0.0,58.18,88.90833333333335,-4.99,0.0,1,1,0,1,0,0,1,0
0,0,0,0,37.0,0,0,0,0,0,1,0,0,0,28.6,0.0,0.0,0.0,365.0,1.0,7.6,7.6,1.0,0.0,1.0,3,0,0.0,0.0,0.0,75.7,26.31216216216216,-29.46,0.0,1,1,0,0,0,1,0,0
1,0,1,1,61.0,1,0,0,0,0,0,0,0,0,20.4,0.0,0.0,0.0,365.0,2.0,24.950000000000003,32.7,1.0,1.0,0.5,3,0,0.0,0.0,0.0,73.62,20.105737704918035,-0.67,0.0,0,0,1,0,1,0,0,1
1,0,1,1,18.0,1,0,0,0,0,0,0,0,0,19.8,0.0,0.0,0.0,365.0,0.0,0.0,0.0,0.0,0.0,0.0,1,0,0.0,0.0,0.0,116.54,19.016666666666666,-1.27,0.0,0,0,1,0,1,0,0,0
1,0,0,1,21.0,1,0,0,0,0,0,0,0,0,45.65,0.0,0.0,0.0,365.0,1.0,9.0,9.0,0.0,1.0,0.0,2,0,0.0,0.0,0.0,53.97,46.90714285714286,-12.41,0.0,0,1,0,0,0,0,0,1
1,0,1,1,68.0,0,0,1,1,1,1,0,1,1,56.4,0.0,0.0,0.0,365.0,1.0,35.0,35.0,0.0,1.0,0.0,1,0,0.0,0.0,0.0,92.91,58.065441176470586,-1.66,0.0,5,0,2,0,0,0,0,1
1,1,0,0,12.0,1,1,0,0,0,0,0,0,1,73.3,6.0,107.0,1.0,176.0,0.0,0.0,0.0,0.0,0.0,0.0,2,1,0.5,2.5,5.0,40.72,69.00416666666666,-18.24,6.0,0,2,0,1,0,1,0,0
0,1,0,0,2.0,0,0,0,0,0,0,0,0,0,24.35,0.0,0.0,0.0,365.0,0.0,0.0,0.0,0.0,0.0,0.0,3,1,0.33,17.28,51.85,91.29,20.925,-33.71,0.0,0,3,0,0,0,0,1,0
0,0,1,0,62.0,1,1,0,0,1,0,1,1,1,101.35,0.0,0.0,0.0,365.0,0.0,0.0,0.0,0.0,0.0,0.0,2,0,0.0,0.0,0.0,85.92,99.43064516129031,9.81,0.0,3,1,0,1,0,0,1,0
0,1,0,0,29.0,1,1,0,0,0,1,1,1,0,98.65,6.0,185.5,2.0,109.0,0.0,0.0,0.0,0.0,0.0,0.0,1,0,0.0,0.0,0.0,81.46,98.71551724137932,7.11,3.0,3,1,0,1,0,0,1,0
1,0,0,1,1.0,0,0,0,1,0,1,0,0,0,33.6,0.0,0.0,0.0,365.0,0.0,0.0,0.0,0.0,0.0,0.0,2,0,0.0,0.0,0.0,86.81,33.6,-24.46,0.0,2,2,0,0,0,0,0,1
1,1,1,0,5.0,1,1,0,0,1,0,0,0,1,79.9,6.0,166.0,1.0,61.0,0.0,0.0,0.0,0.0,0.0,0.0,1,0,0.0,0.0,0.0,33.48,68.78999999999999,-11.64,6.0,1,2,0,1,0,0,0,0
0,0,0,0,1.0,1,0,0,0,0,0,0,0,0,20.7,0.0,0.0,0.0,365.0,0.0,0.0,0.0,0.0,0.0,0.0,2,1,0.5,4.93,9.86,67.11,20.7,-0.37,0.0,0,3,0,0,1,0,1,0
1,0,0,1,62.0,1,1,0,0,1,1,1,1,1,104.05,0.0,0.0,0.0,365.0,0.0,0.0,0.0,0.0,0.0,0.0,1,0,0.0,0.0,0.0,26.63,106.29838709677419,12.51,0.0,4,0,2,1,0,0,1,0
0,0,1,1,36.0,1,0,0,0,0,0,0,0,0,20.25,0.0,0.0,0.0,365.0,0.0,0.0,0.0,0.0,0.0,0.0,1,0,0.0,0.0,0.0,75.58,19.943055555555556,-0.82,0.0,0,0,2,0,1,0,0,0
0,1,0,0,28.0,1,1,0,0,1,1,1,1,1,103.3,10.0,130.0,2.0,193.0,0.0,0.0,0.0,0.0,0.0,0.0,1,0,0.0,0.0,0.0,101.65,103.2375,11.76,5.0,4,1,0,1,0,0,1,0
0,0,1,1,44.0,1,1,1,1,0,1,1,0,0,73.7,6.0,295.0,1.0,322.0,0.0,0.0,0.0,0.0,0.0,0.0,3,1,0.33,2.99,8.98,42.88,111.04204545454546,15.64,6.0,4,1,1,0,0,1,0,0
0,0,1,0,11.0,1,1,1,0,0,1,1,0,1,96.2,0.0,0.0,0.0,365.0,0.0,0.0,0.0,0.0,0.0,0.0,1,0,0.0,0.0,0.0,21.2,111.09545454545454,4.66,0.0,3,2,0,1,0,1,0,0
0,0,1,0,63.0,1,1,0,1,1,1,1,1,1,108.75,12.0,31.0,2.0,154.0,0.0,0.0,0.0,0.0,0.0,0.0,1,0,0.0,0.0,0.0,36.55,109.07460317460317,17.21,6.0,5,1,0,1,0,0,1,0
1,0,0,0,23.0,1,0,0,0,0,0,0,0,0,20.15,0.0,0.0,0.0,365.0,0.0,0.0,0.0,0.0,0.0,0.0,1,0,0.0,0.0,0.0,35.29,17.63478260869565,-0.92,0.0,0,0,1,0,1,0,0,0
1,0,0,0,10.0,1,0,0,0,0,0,0,0,0,19.75,7.0,241.0,1.0,283.0,1.0,17.8,17.8,0.0,0.0,0.0,2,0,0.0,0.0,0.0,46.72,20.825,-1.32,7.0,0,2,0,0,1,1,0,0
0,0,1,0,71.0,1,1,0,0,0,0,0,0,1,25.95,0.0,0.0,0.0,365.0,0.0,0.0,0.0,0.0,0.0,0.0,2,0,0.0,0.0,0.0,70.27,25.378873239436622,4.88,0.0,0,0,2,0,1,1,0,0
0,1,0,0,45.0,1,1,1,0,0,1,0,1,1,70.05,0.0,0.0,0.0,365.0,0.0,0.0,0.0,0.0,0.0,0.0,2,0,0.0,0.0,0.0,48.9,68.05444444444444,11.99,0.0,3,1,0,0,0,0,1,0
0,0,1,1,70.0,1,1,0,0,0,0,0,0,0,24.05,0.0,0.0,0.0,365.0,0.0,0.0,0.0,0.0,0.0,0.0,1,0,0.0,0.0,0.0,82.56,25.210714285714285,2.98,0.0,0,0,2,0,1,0,0,1
0,0,0,1,22.0,1,1,0,0,0,0,0,1,1,84.75,0.0,0.0,0.0,365.0,0.0,0.0,0.0,0.0,0.0,0.0,3,1,0.33,2.91,8.74,64.2,82.57954545454545,-6.79,0.0,1,2,0,1,0,0,1,0
0,0,1,1,52.0,1,1,0,0,0,0,0,0,0,23.05,0.0,0.0,0.0,365.0,0.0,0.0,0.0,0.0,0.0,0.0,1,0,0.0,0.0,0.0,29.32,24.13653846153846,1.98,0.0,0,0,2,0,1,0,0,1
1,0,1,0,55.0,1,1,0,0,1,1,1,1,1,104.15,9.0,184.0,2.0,88.0,0.0,0.0,0.0,0.0,0.0,0.0,2,0,0.0,0.0,0.0,79.4,104.41909090909091,12.61,4.5,4,0,1,1,0,0,1,0
0,0,0,0,65.0,0,0,1,0,1,1,1,1,0,59.95,0.0,0.0,0.0,365.0,0.0,0.0,0.0,0.0,0.0,0.0,3,1,0.33,3.77,11.32,59.12,60.324615384615385,1.89,0.0,5,1,2,0,0,1,0,0
0,0,1,1,72.0,1,0,0,0,0,0,0,0,0,19.55,15.0,179.0,2.0,141.0,0.0,0.0,0.0,0.0,0.0,0.0,2,0,0.0,0.0,0.0,108.5,20.325694444444444,-1.52,7.5,0,0,2,0,1,0,0,0
1,0,1,0,10.0,1,0,0,0,0,0,0,0,0,19.6,0.0,0.0,0.0,365.0,0.0,0.0,0.0,0.0,0.0,0.0,3,0,0.0,0.0,0.0,93.65,18.945,-1.47,0.0,0,1,1,0,1,0,0,0
0,0,0,1,7.0,1,0,0,0,0,0,0,0,0,20.05,0.0,0.0,0.0,365.0,0.0,0.0,0.0,0.0,0.0,0.0,1,0,0.0,0.0,0.0,91.26,13.828571428571427,-1.02,0.0,0,1,1,0,1,0,0,1
1,1,0,0,5.0,1,0,0,1,0,0,0,1,1,85.55,0.0,0.0,0.0,365.0,0.0,0.0,0.0,0.0,0.0,0.0,2,0,0.0,0.0,0.0,79.83,81.7,-5.99,0.0,2,2,0,1,0,0,1,0
0,0,1,1,64.0,1,1,1,0,1,0,1,1,0,78.6,0.0,0.0,0.0,365.0,0.0,0.0,0.0,0.0,0.0,0.0,3,1,0.33,5.0,15.0,100.01,28.85390625,20.54,0.0,4,1,2,0,0,1,0,0
0,0,1,1,72.0,1,1,1,1,1,1,1,1,1,116.8,0.0,0.0,0.0,365.0,0.0,0.0,0.0,0.0,0.0,0.0,1,0,0.0,0.0,0.0,108.35,117.45486111111111,25.26,0.0,6,0,2,1,0,1,0,0
1,0,0,0,21.0,0,0,1,0,0,1,1,0,1,43.55,11.0,156.0,2.0,3.0,0.0,0.0,0.0,0.0,0.0,0.0,3,1,0.33,1.94,5.82,83.44,48.166666666666664,-14.51,5.5,3,2,0,0,0,0,0,1
1,0,1,0,69.0,0,0,0,1,1,1,1,1,1,60.8,2.0,245.0,1.0,84.0,0.0,0.0,0.0,0.0,0.0,0.0,1,0,0.0,0.0,0.0,71.35,61.78840579710145,2.74,2.0,5,0,1,0,0,1,0,0
1,0,1,1,44.0,1,0,0,1,0,1,0,0,1,54.9,0.0,0.0,0.0,365.0,0.0,0.0,0.0,0.0,0.0,0.0,3,1,0.33,13.64,40.92,94.52,57.934090909090905,-3.16,0.0,2,2,0,0,0,0,0,0
0,1,1,1,61.0,1,1,0,0,1,0,1,0,1,65.2,14.0,101.5,2.0,325.0,0.0,0.0,0.0,0.0,0.0,0.0,3,0,0.0,0.0,0.0,66.5,65.00081967213114,7.14,7.0,2,0,1,0,0,0,1,0
1,1,0,0,24.0,1,1,0,1,1,0,1,1,1,102.95,0.0,0.0,0.0,365.0,0.0,0.0,0.0,0.0,0.0,0.0,1,0,0.0,0.0,0.0,114.11,104.02916666666665,11.41,0.0,4,1,0,1,0,1,0,0
0,0,0,0,1.0,1,0,0,0,0,0,1,1,0,90.6,9.0,276.0,1.0,326.0,0.0,0.0,0.0,0.0,0.0,0.0,2,0,0.0,0.0,0.0,66.79,90.6,-0.94,9.0,2,2,0,1,0,0,1,0
0,0,0,0,6.0,1,0,0,0,0,1,0,0,1,50.8,0.0,0.0,0.0,365.0,0.0,0.0,0.0,0.0,0.0,0.0,3,2,0.67,4.3,7.27,61.73,48.00833333333333,-7.26,0.0,1,3,0,0,0,0,0,0
1,0,0,0,4.0,1,1,0,1,0,0,0,1,1,90.05,9.0,67.0,1.0,51.0,1.0,14.5,14.5,1.0,0.0,1.0,1,0,0.0,0.0,0.0,98.34,92.025,-1.49,9.0,2,2,0,1,0,0,1,0
1,0,1,0,72.0,1,1,0,1,1,1,1,1,1,108.2,0.0,0.0,0.0,365.0,0.0,0.0,0.0,0.0,0.0,0.0,2,0,0.0,0.0,0.0,40.16,108.89722222222223,16.66,0.0,5,0,2,1,0,0,1,0
1,0,0,0,72.0,1,1,1,1,1,1,1,1,0,92.0,0.0,0.0,0.0,365.0,0.0,0.0,0.0,0.0,0.0,0.0,1,0,0.0,0.0,0.0,23.85,92.12152777777777,33.94,0.0,6,0,2,0,0,0,0,0
1,1,1,0,14.0,1,1,0,0,0,0,0,0,1,75.1,4.0,65.0,1.0,88.0,0.0,0.0,0.0,0.0,0.0,0.0,1,0,0.0,0.0,0.0,31.5,72.38214285714285,-16.44,4.0,0,1,0,1,0,0,1,0
1,0,0,0,7.0,1,1,0,0,0,0,0,0,1,25.05,0.0,0.0,0.0,365.0,0.0,0.0,0.0,0.0,0.0,0.0,1,0,0.0,0.0,0.0,32.22,21.849999999999998,3.98,0.0,0,2,0,0,1,0,0,0
0,0,0,0,48.0,1,0,0,1,0,0,0,0,0,75.15,8.0,240.0,2.0,158.0,1.0,16.7,16.7,1.0,0.0,1.0,3,0,0.0,0.0,0.0,54.1,78.596875,-16.39,4.0,1,0,1,1,0,0,1,0
1,0,1,1,55.0,1,0,0,0,0,0,0,0,0,19.5,0.0,0.0,0.0,365.0,1.0,14.6,14.6,0.0,1.0,0.0,3,1,0.33,1.65,4.95,38.69,18.66090909090909,-1.57,0.0,0,1,1,0,1,0,0,1
1,0,0,0,1.0,1,0,0,0,0,0,0,0,0,19.3,4.0,71.0,1.0,87.0,1.0,25.4,25.4,1.0,0.0,1.0,2,0,0.0,0.0,0.0,96.21,19.3,-1.77,4.0,0,2,0,0,1,1,0,0
1,0,0,0,45.0,1,0,1,1,1,1,1,1,0,112.2,0.0,0.0,0.0,365.0,0.0,0.0,0.0,0.0,0.0,0.0,1,0,0.0,0.0,0.0,111.61,111.81888888888889,20.66,0.0,6,0,1,1,0,1,0,0
1,0,0,0,3.0,1,0,0,0,0,0,0,0,1,70.3,0.0,0.0,0.0,365.0,0.0,0.0,0.0,0.0,0.0,0.0,3,1,0.33,1.58,4.74,48.89,73.46666666666667,-21.24,0.0,0,3,0,1,0,0,0,1
0,0,1,0,71.0,1,0,0,0,0,0,0,0,0,19.6,0.0,0.0,0.0,365.0,0.0,0.0,0.0,0.0,0.0,0.0,2,0,0.0,0.0,0.0,37.96,19.950704225352112,-1.47,0.0,0,0,2,0,1,0,0,1
1,0,1,0,8.0,1,0,0,0,0,0,0,0,0,20.25,10.0,203.0,1.0,89.0,1.0,30.8,30.8,1.0,0.0,1.0,1,0,0.0,0.0,0.0,71.8,19.79375,-0.82,10.0,0,2,0,0,1,0,0,1
0,0,1,0,3.0,1,1,0,0,0,0,0,0,1,75.85,8.0,101.0,1.0,103.0,0.0,0.0,0.0,0.0,0.0,0.0,3,0,0.0,0.0,0.0,33.67,85.53333333333335,-15.69,8.0,0,2,0,1,0,0,1,0
1,0,1,1,69.0,1,0,1,1,0,1,1,1,0,80.65,0.0,0.0,0.0,365.0,0.0,0.0,0.0,0.0,0.0,0.0,1,0,0.0,0.0,0.0,117.64,80.3268115942029,22.59,0.0,5,0,2,0,0,0,0,0
1,0,1,1,1.0,1,0,0,0,0,0,0,0,1,68.5,12.0,114.0,2.0,253.0,1.0,10.9,10.9,0.0,1.0,0.0,3,0,0.0,0.0,0.0,79.71,68.5,-23.04,6.0,0,2,0,1,0,0,1,0
0,1,1,0,72.0,1,1,1,1,1,1,1,1,1,115.75,0.0,0.0,0.0,365.0,0.0,0.0,0.0,0.0,0.0,0.0,1,0,0.0,0.0,0.0,72.64,117.27361111111112,24.21,0.0,6,0,2,1,0,1,0,0
1,0,0,0,11.0,1,0,1,0,0,0,0,0,1,73.5,0.0,0.0,0.0,365.0,0.0,0.0,0.0,0.0,0.0,0.0,1,1,1.0,3.58,3.58,62.44,71.97727272727273,-18.04,0.0,1,3,0,1,0,0,1,0
1,0,0,0,71.0,1,1,1,1,1,1,0,1,0,80.6,2.0,248.0,1.0,331.0,0.0,0.0,0.0,0.0,0.0,0.0,2,0,0.0,0.0,0.0,53.72,80.39718309859154,22.54,2.0,5,0,2,0,0,0,0,0
0,0,0,0,1.0,1,0,0,0,0,0,0,0,1,69.95,0.0,0.0,0.0,365.0,0.0,0.0,0.0,0.0,0.0,0.0,3,0,0.0,0.0,0.0,50.81,69.95,-21.59,0.0,0,2,0,1,0,0,0,1
0,0,1,0,33.0,0,0,1,0,1,1,1,1,0,59.55,0.0,0.0,0.0,365.0,0.0,0.0,0.0,0.0,0.0,0.0,2,0,0.0,0.0,0.0,67.65,61.1,1.49,0.0,5,0,2,0,0,0,0,0
0,0,0,0,16.0,1,0,0,0,0,0,0,0,0,19.05,0.0,0.0,0.0,365.0,0.0,0.0,0.0,0.0,0.0,0.0,1,0,0.0,0.0,0.0,113.12,20.415625,-2.02,0.0,0,0,1,0,1,0,0,1
0,1,1,0,44.0,1,1,1,1,1,1,0,0,0,95.65,4.0,281.0,1.0,116.0,0.0,0.0,0.0,0.0,0.0,0.0,1,0,0.0,0.0,0.0,28.78,124.35795454545455,4.11,4.0,4,0,1,1,0,0,1,0
0,0,0,0,1.0,1,0,0,0,0,0,0,0,0,19.95,0.0,0.0,0.0,365.0,0.0,0.0,0.0,0.0,0.0,0.0,3,2,0.67,20.44,40.77,92.9,19.95,-1.12,0.0,0,3,0,0,1,1,0,0
1,0,0,0,5.0,1,0,0,0,1,0,1,1,1,70.05,0.0,0.0,0.0,365.0,0.0,0.0,0.0,0.0,0.0,0.0,2,0,0.0,0.0,0.0,26.53,69.28,11.99,0.0,3,2,0,0,0,0,1,0
1,0,1,1,57.0,1,0,0,0,0,0,0,0,0,19.4,0.0,0.0,0.0,365.0,1.0,44.9,44.9,1.0,0.0,1.0,1,0,0.0,0.0,0.0,44.18,18.62456140350877,-1.67,0.0,0,0,1,0,1,0,0,1
1,0,1,1,56.0,0,0,0,1,1,0,0,0,1,36.1,0.0,0.0,0.0,365.0,0.0,0.0,0.0,0.0,0.0,0.0,3,1,0.33,3.15,9.44,82.57,35.205357142857146,-21.96,0.0,2,1,1,0,0,1,0,0
1,0,0,0,8.0,1,1,0,1,1,0,1,0,1,94.0,6.0,269.0,2.0,119.0,0.0,0.0,0.0,0.0,0.0,0.0,3,0,0.0,0.0,0.0,45.71,96.70625,2.46,3.0,3,2,0,1,0,0,1,0
0,0,1,1,22.0,1,0,1,1,1,0,0,0,0,61.15,0.0,0.0,0.0,365.0,0.0,0.0,0.0,0.0,0.0,0.0,2,1,0.5,3.19,6.38,87.04,64.63863636363637,3.09,0.0,3,2,0,0,0,0,0,1
0,0,0,0,1.0,1,0,0,0,0,0,0,0,0,19.75,0.0,0.0,0.0,365.0,0.0,0.0,0.0,0.0,0.0,0.0,3,1,0.33,0.47,1.4,46.77,19.75,-1.32,0.0,0,3,0,0,1,0,0,1
0,0,0,1,40.0,1,0,1,0,0,1,1,0,1,64.1,0.0,0.0,0.0,365.0,0.0,0.0,0.0,0.0,0.0,0.0,1,0,0.0,0.0,0.0,106.36,61.50875,6.04,0.0,3,1,0,0,0,1,0,0
1,0,1,1,46.0,1,0,0,0,0,0,0,0,0,19.75,10.0,130.0,1.0,198.0,0.0,0.0,0.0,0.0,0.0,0.0,3,0,0.0,0.0,0.0,82.46,18.619565217391305,-1.32,10.0,0,0,2,0,1,1,0,0
1,0,1,1,63.0,1,0,0,0,0,0,0,0,0,19.7,7.0,198.5,2.0,111.0,0.0,0.0,0.0,0.0,0.0,0.0,1,0,0.0,0.0,0.0,76.15,20.2515873015873,-1.37,3.5,0,0,2,0,1,0,0,1
1,0,1,1,68.0,1,1,1,1,1,0,1,1,1,110.2,0.0,0.0,0.0,365.0,0.0,0.0,0.0,0.0,0.0,0.0,2,0,0.0,0.0,0.0,66.78,109.81617647058823,18.66,0.0,5,0,2,1,0,0,1,0
1,0,1,1,69.0,1,0,1,1,0,1,1,1,1,106.35,0.0,0.0,0.0,365.0,0.0,0.0,0.0,0.0,0.0,0.0,1,0,0.0,0.0,0.0,86.21,105.2427536231884,14.81,0.0,5,0,2,1,0,1,0,0
0,0,1,0,56.0,1,1,0,1,1,1,0,0,0,90.55,0.0,0.0,0.0,365.0,0.0,0.0,0.0,0.0,0.0,0.0,3,0,0.0,0.0,0.0,42.9,91.36785714285715,-0.99,0.0,3,1,0,1,0,0,1,0
0,0,1,1,10.0,1,0,0,1,1,0,0,1,1,65.9,0.0,0.0,0.0,365.0,0.0,0.0,0.0,0.0,0.0,0.0,1,0,0.0,0.0,0.0,98.08,66.005,7.84,0.0,3,1,1,0,0,0,0,1
1,0,0,0,63.0,1,1,1,1,1,1,1,0,0,104.5,0.0,0.0,0.0,365.0,0.0,0.0,0.0,0.0,0.0,0.0,1,1,1.0,15.29,15.29,38.66,104.61587301587302,12.96,0.0,5,1,1,1,0,1,0,0
0,0,1,1,24.0,0,0,1,1,1,1,0,1,1,52.5,0.0,0.0,0.0,365.0,0.0,0.0,0.0,0.0,0.0,0.0,3,0,0.0,0.0,0.0,75.86,50.33958333333334,-5.56,0.0,5,0,2,0,0,0,0,1
0,0,0,0,19.0,1,1,0,0,1,0,0,0,1,56.1,0.0,0.0,0.0,365.0,0.0,0.0,0.0,0.0,0.0,0.0,2,0,0.0,0.0,0.0,64.61,54.415789473684214,-1.96,0.0,1,1,0,0,0,0,0,1
1,0,1,1,22.0,1,1,0,0,1,0,1,0,1,88.75,0.0,0.0,0.0,365.0,0.0,0.0,0.0,0.0,0.0,0.0,1,0,0.0,0.0,0.0,108.51,85.68863636363636,-2.79,0.0,2,1,0,1,0,0,1,0
1,0,1,0,29.0,1,1,1,1,0,0,0,0,1,84.45,0.0,0.0,0.0,365.0,0.0,0.0,0.0,0.0,0.0,0.0,1,0,0.0,0.0,0.0,28.38,85.07241379310345,-7.09,0.0,2,1,0,1,0,0,1,0
1,0,1,0,13.0,1,1,0,0,1,0,1,1,1,75.3,3.0,14.0,1.0,133.0,0.0,0.0,0.0,0.0,0.0,0.0,3,0,0.0,0.0,0.0,60.17,76.11153846153846,17.24,3.0,3,0,1,0,0,0,0,1
0,0,1,0,70.0,1,1,0,0,0,0,0,0,1,26.0,6.0,80.0,1.0,142.0,0.0,0.0,0.0,0.0,0.0,0.0,2,1,0.5,9.32,18.63,76.62,28.670714285714286,4.93,6.0,0,1,2,0,1,0,0,0
0,0,1,0,49.0,1,0,0,1,1,0,1,1,0,99.4,0.0,0.0,0.0,365.0,0.0,0.0,0.0,0.0,0.0,0.0,1,0,0.0,0.0,0.0,20.76,102.55102040816327,7.86,0.0,4,1,0,1,0,0,1,0
0,1,1,0,43.0,1,1,1,0,1,1,1,1,1,109.55,0.0,0.0,0.0,365.0,0.0,0.0,0.0,0.0,0.0,0.0,2,0,0.0,0.0,0.0,75.57,112.3313953488372,18.01,0.0,5,0,1,1,0,0,0,1
0,0,0,0,3.0,1,0,0,0,0,0,0,0,1,19.6,0.0,0.0,0.0,365.0,0.0,0.0,0.0,0.0,0.0,0.0,3,1,0.33,14.63,43.89,71.43,19.916666666666668,-1.47,0.0,0,3,0,0,1,0,0,1
1,0,1,1,42.0,1,0,0,0,1,1,1,1,0,73.15,0.0,0.0,0.0,365.0,1.0,31.6,31.6,0.0,1.0,0.0,3,1,0.33,2.19,6.57,62.14,73.5297619047619,15.09,0.0,4,1,1,0,0,0,1,0
1,0,0,0,57.0,1,0,0,1,0,1,0,0,1,54.65,9.0,120.0,1.0,86.0,0.0,0.0,0.0,0.0,0.0,0.0,2,0,0.0,0.0,0.0,67.97,54.99473684210526,-3.41,9.0,2,0,1,0,0,0,0,1
1,1,0,0,2.0,1,0,1,0,1,0,1,0,0,66.4,0.0,0.0,0.0,365.0,0.0,0.0,0.0,0.0,0.0,0.0,3,0,0.0,0.0,0.0,95.23,47.275,8.34,0.0,3,2,0,0,0,0,0,0
0,0,1,0,72.0,1,1,1,1,1,1,1,1,1,115.55,0.0,0.0,0.0,365.0,0.0,0.0,0.0,0.0,0.0,0.0,3,0,0.0,0.0,0.0,37.73,115.44999999999999,24.01,0.0,6,0,2,1,0,1,0,0
0,1,0,0,46.0,1,1,0,1,1,0,1,1,1,104.45,5.0,128.0,1.0,111.0,0.0,0.0,0.0,0.0,0.0,0.0,3,0,0.0,0.0,0.0,82.79,105.7358695652174,12.91,5.0,4,1,0,1,0,0,1,0
1,1,1,0,66.0,1,1,0,0,0,1,1,1,1,100.05,2.0,104.0,1.0,361.0,1.0,23.7,23.7,0.0,0.0,0.0,1,0,0.0,0.0,0.0,65.09,104.11969696969696,8.51,2.0,3,1,0,1,0,1,0,0
1,0,0,0,62.0,1,1,1,1,0,1,0,1,0,102.0,0.0,0.0,0.0,365.0,0.0,0.0,0.0,0.0,0.0,0.0,3,1,0.33,0.84,2.51,66.49,105.31048387096774,10.46,0.0,4,1,1,1,0,0,1,0
0,0,1,0,72.0,1,1,1,1,1,1,1,1,1,91.15,0.0,0.0,0.0,365.0,0.0,0.0,0.0,0.0,0.0,0.0,1,0,0.0,0.0,0.0,23.74,92.19305555555555,33.09,0.0,6,0,2,0,0,0,0,0
1,0,1,1,35.0,1,0,0,1,0,1,1,0,1,89.7,15.0,88.0,2.0,58.0,0.0,0.0,0.0,0.0,0.0,0.0,1,0,0.0,0.0,0.0,119.83,90.44571428571429,-1.84,7.5,3,0,1,1,0,0,1,0
1,0,1,0,17.0,1,1,1,1,1,0,0,0,0,90.2,0.0,0.0,0.0,365.0,0.0,0.0,0.0,0.0,0.0,0.0,1,0,0.0,0.0,0.0,80.07,85.53823529411765,-1.34,0.0,3,1,0,1,0,1,0,0
0,0,1,0,72.0,1,1,1,1,1,1,1,1,1,92.4,0.0,0.0,0.0,365.0,1.0,1.8,1.8,1.0,0.0,1.0,3,1,0.33,3.08,9.24,75.46,94.2513888888889,34.34,0.0,6,1,2,0,0,0,1,0
0,0,1,1,28.0,1,0,0,0,0,0,0,0,0,19.9,0.0,0.0,0.0,365.0,0.0,0.0,0.0,0.0,0.0,0.0,1,0,0.0,0.0,0.0,91.24,19.392857142857142,-1.17,0.0,0,0,1,0,1,0,0,1
1,0,1,0,56.0,1,1,0,0,0,0,0,0,1,25.15,8.0,76.0,1.0,15.0,0.0,0.0,0.0,0.0,0.0,0.0,2,0,0.0,0.0,0.0,73.28,23.699107142857144,4.08,8.0,0,0,2,0,1,1,0,0
0,0,0,0,31.0,1,1,0,0,0,1,0,0,1,79.85,0.0,0.0,0.0,365.0,0.0,0.0,0.0,0.0,0.0,0.0,1,0,0.0,0.0,0.0,106.39,77.55322580645162,-11.69,0.0,1,1,0,1,0,1,0,0
1,0,0,0,44.0,1,0,0,0,0,0,0,0,0,18.85,10.0,108.0,1.0,242.0,0.0,0.0,0.0,0.0,0.0,0.0,3,2,0.67,15.92,32.6,73.23,19.711363636363636,-2.22,10.0,0,1,1,0,1,0,0,0
0,0,0,0,1.0,1,1,0,0,0,0,0,0,1,25.75,20.0,159.33333333333334,3.0,134.0,0.0,0.0,0.0,0.0,0.0,0.0,3,0,0.0,0.0,0.0,49.55,25.75,4.68,6.667,0,2,0,0,1,0,0,1
0,0,0,0,2.0,1,0,0,1,0,0,0,0,1,49.6,0.0,0.0,0.0,365.0,0.0,0.0,0.0,0.0,0.0,0.0,2,0,0.0,0.0,0.0,31.12,57.35,-8.46,0.0,1,2,0,0,0,0,0,1
0,0,0,0,6.0,1,0,0,0,0,0,0,0,1,20.95,0.0,0.0,0.0,365.0,0.0,0.0,0.0,0.0,0.0,0.0,1,0,0.0,0.0,0.0,114.31,18.25,-0.12,0.0,0,2,0,0,1,0,0,1
0,0,1,0,48.0,1,0,0,1,1,0,1,1,1,97.05,0.0,0.0,0.0,365.0,0.0,0.0,0.0,0.0,0.0,0.0,1,0,0.0,0.0,0.0,92.98,97.76979166666666,5.51,0.0,4,0,1,1,0,0,1,0
1,0,1,1,25.0,1,1,0,0,0,0,0,0,1,25.4,0.0,0.0,0.0,365.0,0.0,0.0,0.0,0.0,0.0,0.0,3,0,0.0,0.0,0.0,73.3,21.874000000000002,4.33,0.0,0,1,0,0,1,0,0,0
1,0,1,1,64.0,1,0,0,0,0,0,0,0,1,19.7,0.0,0.0,0.0,365.0,0.0,0.0,0.0,0.0,0.0,0.0,3,0,0.0,0.0,0.0,68.06,19.90703125,-1.37,0.0,0,0,2,0,1,0,0,0
1,0,0,0,50.0,0,0,1,1,0,0,0,0,1,35.0,2.0,214.0,1.0,300.0,0.0,0.0,0.0,0.0,0.0,0.0,2,1,0.5,3.86,7.71,95.82,35.648,-23.06,2.0,2,2,0,0,0,0,0,1
0,0,1,1,52.0,1,1,0,0,1,0,1,1,0,101.25,0.0,0.0,0.0,365.0,0.0,0.0,0.0,0.0,0.0,0.0,1,1,1.0,14.89,14.89,55.76,101.94423076923077,9.71,0.0,3,1,1,1,0,0,0,0
1,1,1,0,4.0,1,0,0,0,0,0,0,0,1,70.2,0.0,0.0,0.0,365.0,1.0,17.2,17.2,1.0,0.0,1.0,1,0,0.0,0.0,0.0,60.93,70.0875,-21.34,0.0,0,2,0,1,0,0,1,0
0,1,0,0,32.0,1,0,0,0,0,0,1,1,0,90.95,0.0,0.0,0.0,365.0,1.0,44.6,44.6,1.0,0.0,1.0,2,0,0.0,0.0,0.0,109.05,90.5609375,-0.59,0.0,2,1,0,1,0,0,1,0
1,0,1,1,45.0,1,1,1,1,0,1,1,0,0,73.85,0.0,0.0,0.0,365.0,0.0,0.0,0.0,0.0,0.0,0.0,2,0,0.0,0.0,0.0,61.46,74.91111111111111,15.79,0.0,4,0,2,0,0,1,0,0
1,0,1,0,9.0,1,1,1,0,0,0,0,1,1,88.05,4.0,256.0,1.0,285.0,0.0,0.0,0.0,0.0,0.0,0.0,3,0,0.0,0.0,0.0,95.31,89.03333333333333,-3.49,4.0,2,2,0,1,0,0,1,0
0,1,1,0,66.0,1,1,0,0,1,1,1,1,1,105.95,0.0,0.0,0.0,365.0,0.0,0.0,0.0,0.0,0.0,0.0,1,0,0.0,0.0,0.0,113.71,105.68560606060606,14.41,0.0,4,0,1,1,0,1,0,0
1,0,0,1,3.0,1,1,0,0,1,0,0,1,0,91.85,3.0,262.0,1.0,75.0,0.0,0.0,0.0,0.0,0.0,0.0,2,0,0.0,0.0,0.0,54.22,85.68333333333334,0.31,3.0,2,2,0,1,0,0,1,0
0,0,0,0,54.0,1,0,0,0,0,0,0,0,0,20.1,6.0,17.0,1.0,87.0,0.0,0.0,0.0,0.0,0.0,0.0,1,1,1.0,8.57,8.57,54.33,19.989814814814817,-0.97,6.0,0,1,2,0,1,0,0,1
0,0,1,1,1.0,0,0,0,0,0,1,1,0,0,40.1,0.0,0.0,0.0,365.0,0.0,0.0,0.0,0.0,0.0,0.0,2,1,0.5,26.88,53.76,86.22,40.1,-17.96,0.0,2,3,0,0,0,0,1,0
0,0,1,1,64.0,1,1,1,1,0,1,1,1,0,110.3,0.0,0.0,0.0,365.0,0.0,0.0,0.0,0.0,0.0,0.0,1,0,0.0,0.0,0.0,105.19,109.3328125,18.76,0.0,5,0,2,1,0,0,0,0
0,1,0,0,31.0,1,1,0,0,0,0,0,0,1,73.9,0.0,0.0,0.0,365.0,0.0,0.0,0.0,0.0,0.0,0.0,2,0,0.0,0.0,0.0,65.14,71.5209677419355,-17.64,0.0,0,1,0,1,0,0,1,0
0,0,0,0,14.0,1,0,0,0,0,0,1,1,1,89.8,0.0,0.0,0.0,365.0,0.0,0.0,0.0,0.0,0.0,0.0,1,0,0.0,0.0,0.0,37.87,80.64999999999999,-1.74,0.0,2,1,0,1,0,0,0,1
0,0,0,0,12.0,1,0,1,0,0,0,1,0,1,85.15,0.0,0.0,0.0,365.0,2.0,26.75,33.3,0.0,2.0,0.0,1,1,1.0,11.03,11.03,32.97,81.58749999999999,-6.39,0.0,2,1,1,1,0,1,0,0
1,1,1,0,67.0,1,0,1,1,0,1,0,0,1,56.15,0.0,0.0,0.0,365.0,0.0,0.0,0.0,0.0,0.0,0.0,2,0,0.0,0.0,0.0,69.97,61.483582089552236,-1.91,0.0,3,0,1,0,0,0,0,0
0,0,1,1,35.0,1,1,1,0,1,1,1,0,0,72.25,0.0,0.0,0.0,365.0,0.0,0.0,0.0,0.0,0.0,0.0,1,0,0.0,0.0,0.0,94.36,73.38714285714286,14.19,0.0,4,1,0,0,0,0,1,0
0,0,0,0,45.0,1,1,1,0,0,1,0,1,0,73.55,0.0,0.0,0.0,365.0,0.0,0.0,0.0,0.0,0.0,0.0,2,1,0.5,5.26,10.52,40.81,74.42444444444445,15.49,0.0,3,1,2,0,0,0,0,1
1,0,0,0,10.0,1,0,0,0,0,0,0,0,0,46.0,0.0,0.0,0.0,365.0,0.0,0.0,0.0,0.0,0.0,0.0,3,0,0.0,0.0,0.0,66.44,49.21,-12.06,0.0,0,2,0,0,0,0,0,1
0,1,0,0,29.0,1,1,1,1,0,0,0,0,1,58.55,2.0,291.0,1.0,219.0,1.0,14.9,14.9,0.0,0.0,0.0,2,0,0.0,0.0,0.0,50.93,59.27413793103448,0.49,2.0,2,1,0,0,0,0,0,0
0,0,0,0,24.0,1,1,0,0,0,0,0,0,0,24.6,0.0,0.0,0.0,365.0,0.0,0.0,0.0,0.0,0.0,0.0,1,0,0.0,0.0,0.0,69.54,25.21875,3.53,0.0,0,0,1,0,1,0,0,0
1,0,1,1,66.0,1,0,0,0,0,0,0,0,1,19.75,0.0,0.0,0.0,365.0,0.0,0.0,0.0,0.0,0.0,0.0,3,1,0.33,2.73,8.2,78.15,20.37121212121212,-1.32,0.0,0,1,2,0,1,0,0,1
1,0,0,0,51.0,1,0,1,0,0,0,1,0,0,86.35,0.0,0.0,0.0,365.0,1.0,88.0,88.0,1.0,0.0,1.0,2,0,0.0,0.0,0.0,67.78,83.66960784313724,-5.19,0.0,2,0,1,1,0,0,0,1
0,0,1,0,45.0,1,1,0,0,0,0,0,0,0,25.5,0.0,0.0,0.0,365.0,0.0,0.0,0.0,0.0,0.0,0.0,1,0,0.0,0.0,0.0,96.4,24.912222222222223,4.43,0.0,0,0,2,0,1,0,0,1
0,0,1,0,49.0,1,0,0,0,0,0,0,0,0,19.0,0.0,0.0,0.0,365.0,0.0,0.0,0.0,0.0,0.0,0.0,2,0,0.0,0.0,0.0,70.84,18.748979591836736,-2.07,0.0,0,0,1,0,1,1,0,0
0,0,1,0,29.0,1,0,0,0,0,0,0,0,1,19.55,6.0,283.0,1.0,255.0,1.0,42.4,42.4,0.0,1.0,0.0,2,1,0.5,12.16,24.31,79.46,17.99310344827586,-1.52,6.0,0,1,2,0,1,0,0,1
1,0,1,1,40.0,1,1,1,1,0,1,1,1,1,91.75,0.0,0.0,0.0,365.0,1.0,24.0,24.0,0.0,1.0,0.0,3,1,0.33,3.01,9.02,74.41,111.7275,0.21,0.0,5,2,0,1,0,1,0,0
0,1,0,0,37.0,1,1,0,0,0,0,1,1,1,96.55,0.0,0.0,0.0,365.0,0.0,0.0,0.0,0.0,0.0,0.0,2,0,0.0,0.0,0.0,24.6,96.76486486486488,5.01,0.0,2,1,0,1,0,0,1,0
1,0,0,0,25.0,1,0,0,0,0,0,0,0,0,69.75,0.0,0.0,0.0,365.0,0.0,0.0,0.0,0.0,0.0,0.0,3,0,0.0,0.0,0.0,61.0,69.17399999999999,-21.79,0.0,0,1,0,1,0,0,1,0
0,0,0,0,22.0,0,0,0,0,1,0,1,1,1,50.6,3.0,43.0,1.0,332.0,0.0,0.0,0.0,0.0,0.0,0.0,1,0,0.0,0.0,0.0,65.35,48.78636363636363,-7.46,3.0,3,1,0,0,0,0,1,0
1,0,0,0,72.0,0,0,1,1,1,1,1,1,1,65.6,2.0,266.0,1.0,92.0,0.0,0.0,0.0,0.0,0.0,0.0,1,0,0.0,0.0,0.0,35.64,63.423611111111114,7.54,2.0,6,0,2,0,0,0,0,0
0,0,0,0,7.0,0,0,0,1,0,0,0,1,1,40.1,0.0,0.0,0.0,365.0,0.0,0.0,0.0,0.0,0.0,0.0,2,0,0.0,0.0,0.0,70.45,41.9,-17.96,0.0,2,2,0,0,0,1,0,0
1,0,1,1,33.0,1,0,0,1,1,1,1,1,0,82.1,4.0,257.0,1.0,93.0,0.0,0.0,0.0,0.0,0.0,0.0,2,1,0.5,23.98,47.97,106.19,78.88181818181818,24.04,4.0,5,1,2,0,0,1,0,0
0,0,0,0,23.0,1,0,0,1,0,1,0,0,1,79.1,0.0,0.0,0.0,365.0,0.0,0.0,0.0,0.0,0.0,0.0,2,0,0.0,0.0,0.0,91.06,77.55434782608695,-12.44,0.0,2,1,0,1,0,0,0,1
1,1,0,0,24.0,1,1,0,1,0,0,1,1,1,101.25,3.0,151.0,1.0,355.0,1.0,3.2,3.2,1.0,0.0,1.0,1,1,1.0,4.05,4.05,31.56,101.67291666666667,9.71,3.0,3,2,0,1,0,0,1,0
0,0,0,0,1.0,1,0,0,0,0,0,1,0,0,79.55,0.0,0.0,0.0,365.0,0.0,0.0,0.0,0.0,0.0,0.0,1,1,1.0,17.96,17.96,105.4,79.55,-11.99,0.0,1,3,0,1,0,0,1,0
1,0,0,0,69.0,1,1,1,1,1,1,1,1,0,90.65,0.0,0.0,0.0,365.0,0.0,0.0,0.0,0.0,0.0,0.0,3,0,0.0,0.0,0.0,66.11,91.62463768115943,32.59,0.0,6,0,2,0,0,0,0,1
0,0,0,1,3.0,1,0,0,0,0,0,0,0,1,20.55,0.0,0.0,0.0,365.0,0.0,0.0,0.0,0.0,0.0,0.0,3,1,0.33,3.5,10.49,35.54,19.133333333333333,-0.52,0.0,0,2,1,0,1,1,0,0
1,0,0,0,56.0,1,0,0,1,0,1,1,1,1,75.75,3.0,38.0,1.0,336.0,2.0,73.9,93.1,2.0,0.0,1.0,2,1,0.5,7.9,15.8,70.84,76.51160714285713,17.69,3.0,4,1,1,0,0,0,0,0
1,0,0,0,65.0,1,1,1,0,1,1,1,1,1,110.0,0.0,0.0,0.0,365.0,0.0,0.0,0.0,0.0,0.0,0.0,1,0,0.0,0.0,0.0,42.04,109.8253846153846,18.46,0.0,5,0,1,1,0,1,0,0
1,0,1,0,71.0,1,0,0,0,0,0,0,0,0,20.85,0.0,0.0,0.0,365.0,0.0,0.0,0.0,0.0,0.0,0.0,1,0,0.0,0.0,0.0,50.77,21.68661971830986,-0.22,0.0,0,0,1,0,1,0,1,0
0,1,0,0,14.0,1,1,0,0,1,0,0,0,1,80.35,4.0,199.0,1.0,233.0,0.0,0.0,0.0,0.0,0.0,0.0,1,0,0.0,0.0,0.0,74.69,75.57857142857142,-11.19,4.0,1,1,0,1,0,0,0,0
0,0,0,0,2.0,1,0,0,0,0,0,0,0,1,70.15,0.0,0.0,0.0,365.0,0.0,0.0,0.0,0.0,0.0,0.0,2,0,0.0,0.0,0.0,64.77,61.9,-21.39,0.0,0,2,0,1,0,0,1,0
0,0,0,0,32.0,1,1,0,0,0,0,1,0,0,84.05,0.0,0.0,0.0,365.0,0.0,0.0,0.0,0.0,0.0,0.0,3,0,0.0,0.0,0.0,48.85,86.9328125,-7.49,0.0,1,0,1,1,0,0,1,0
1,0,0,0,40.0,1,0,1,0,1,0,0,1,0,67.45,0.0,0.0,0.0,365.0,0.0,0.0,0.0,0.0,0.0,0.0,3,0,0.0,0.0,0.0,97.22,68.275,9.39,0.0,3,1,0,0,0,0,1,0
1,0,0,0,1.0,1,0,0,0,0,0,0,0,0,20.75,6.0,140.5,2.0,253.0,0.0,0.0,0.0,0.0,0.0,0.0,2,1,0.5,13.2,26.4,75.41,20.75,-0.32,3.0,0,3,0,0,1,1,0,0
1,0,0,0,1.0,1,0,0,0,0,0,1,1,1,89.1,0.0,0.0,0.0,365.0,1.0,58.2,58.2,0.0,1.0,0.0,3,0,0.0,0.0,0.0,78.7,89.1,-2.44,0.0,2,2,0,1,0,0,1,0
0,0,0,0,7.0,1,0,0,0,0,0,0,0,1,69.9,0.0,0.0,0.0,365.0,0.0,0.0,0.0,0.0,0.0,0.0,2,0,0.0,0.0,0.0,66.45,71.04285714285714,-21.64,0.0,0,2,0,1,0,0,0,1
0,0,1,0,15.0,1,1,0,0,0,0,0,0,1,51.1,6.0,163.0,1.0,33.0,0.0,0.0,0.0,0.0,0.0,0.0,2,0,0.0,0.0,0.0,109.78,47.41,-6.96,6.0,0,1,0,0,0,0,1,0
0,0,1,1,17.0,1,1,1,0,1,0,1,0,0,94.4,8.0,291.0,1.0,93.0,0.0,0.0,0.0,0.0,0.0,0.0,3,1,0.33,0.71,2.13,47.44,94.54117647058824,2.86,8.0,3,2,0,1,0,0,1,0
1,0,0,0,19.0,1,0,0,1,1,0,0,0,1,78.25,0.0,0.0,0.0,365.0,0.0,0.0,0.0,0.0,0.0,0.0,1,1,1.0,29.29,29.29,119.18,78.47105263157896,-13.29,0.0,2,2,0,1,0,0,1,0
1,0,0,0,71.0,1,1,0,0,0,0,0,0,0,25.55,0.0,0.0,0.0,365.0,1.0,1.3,1.3,0.0,1.0,0.0,2,2,1.0,23.54,36.82,59.7,26.733802816901406,4.48,0.0,0,1,2,0,1,0,0,0
0,0,1,1,54.0,1,1,1,0,0,1,0,0,0,60.0,0.0,0.0,0.0,365.0,0.0,0.0,0.0,0.0,0.0,0.0,1,0,0.0,0.0,0.0,59.16,60.6287037037037,1.94,0.0,2,0,2,0,0,0,0,0
1,0,1,0,12.0,1,1,1,1,0,1,0,0,1,90.55,0.0,0.0,0.0,365.0,0.0,0.0,0.0,0.0,0.0,0.0,1,0,0.0,0.0,0.0,73.83,244.14583333333334,-0.99,0.0,3,1,0,1,0,1,0,0
0,0,0,0,11.0,1,0,1,0,0,0,0,0,0,76.4,6.0,74.0,2.0,108.0,0.0,0.0,0.0,0.0,0.0,0.0,2,1,0.5,7.21,14.42,42.32,76.24545454545455,-15.14,3.0,1,3,0,1,0,0,1,0
0,1,0,0,18.0,1,0,0,0,1,0,0,1,1,84.95,4.0,9.0,1.0,7.0,0.0,0.0,0.0,0.0,0.0,0.0,3,1,0.33,16.15,48.46,81.21,80.20277777777778,-6.59,4.0,2,2,0,1,0,0,1,0
0,1,0,0,72.0,1,1,1,1,0,1,1,1,1,110.1,0.0,0.0,0.0,365.0,0.0,0.0,0.0,0.0,0.0,0.0,2,1,0.5,9.3,18.61,54.14,107.59305555555555,18.56,0.0,5,1,2,1,0,0,0,0
0,1,0,0,71.0,1,1,0,1,0,0,1,1,1,99.65,0.0,0.0,0.0,365.0,1.0,36.5,36.5,1.0,0.0,1.0,1,0,0.0,0.0,0.0,20.22,97.90352112676055,8.11,0.0,3,1,0,1,0,1,0,0
1,1,0,0,5.0,0,0,0,0,1,1,1,0,0,45.4,5.0,182.0,1.0,359.0,0.0,0.0,0.0,0.0,0.0,0.0,2,1,0.5,14.52,29.03,72.53,42.95,-12.66,5.0,3,3,0,0,0,1,0,0
1,0,1,0,38.0,1,1,0,0,1,1,0,1,0,69.0,0.0,0.0,0.0,365.0,0.0,0.0,0.0,0.0,0.0,0.0,3,1,0.33,6.04,18.12,57.74,70.2486842105263,10.94,0.0,3,1,1,0,0,1,0,0
1,0,0,1,5.0,1,0,0,0,0,1,0,0,1,48.65,0.0,0.0,0.0,365.0,0.0,0.0,0.0,0.0,0.0,0.0,2,0,0.0,0.0,0.0,40.65,47.04,-9.41,0.0,1,2,0,0,0,0,0,0
1,1,0,0,2.0,1,0,0,0,0,0,0,0,1,44.15,0.0,0.0,0.0,365.0,0.0,0.0,0.0,0.0,0.0,0.0,3,0,0.0,0.0,0.0,66.4,46.325,-13.91,0.0,0,2,0,0,0,0,1,0
0,1,0,0,52.0,1,1,1,0,1,0,0,0,0,59.85,0.0,0.0,0.0,365.0,2.0,59.75,91.4,1.0,1.0,0.5,1,1,1.0,9.18,9.18,37.81,59.67788461538461,1.79,0.0,2,1,2,0,0,0,0,0
0,1,0,0,12.0,1,1,0,0,0,0,0,0,1,75.75,0.0,0.0,0.0,365.0,0.0,0.0,0.0,0.0,0.0,0.0,3,1,0.33,6.52,19.56,63.17,50.520833333333336,-15.79,0.0,0,2,0,1,0,0,1,0
0,0,0,0,68.0,1,1,0,1,1,0,1,1,1,80.65,0.0,0.0,0.0,365.0,0.0,0.0,0.0,0.0,0.0,0.0,1,0,0.0,0.0,0.0,56.04,78.38529411764705,22.59,0.0,4,0,2,0,0,0,1,0
1,0,1,1,69.0,1,0,0,0,0,0,0,0,1,20.55,0.0,0.0,0.0,365.0,1.0,7.3,7.3,0.0,0.0,0.0,2,0,0.0,0.0,0.0,81.11,20.33478260869565,-0.52,0.0,0,0,1,0,1,1,0,0
0,0,1,0,42.0,1,1,1,1,0,1,0,0,1,66.4,0.0,0.0,0.0,365.0,0.0,0.0,0.0,0.0,0.0,0.0,1,0,0.0,0.0,0.0,36.51,64.94761904761906,8.34,0.0,3,1,0,0,0,1,0,0
0,0,0,0,50.0,1,0,0,1,0,1,1,1,1,100.2,0.0,0.0,0.0,365.0,1.0,65.3,65.3,0.0,0.0,0.0,2,0,0.0,0.0,0.0,64.9,100.76899999999999,8.66,0.0,4,0,2,1,0,0,0,1
0,0,0,0,1.0,1,0,0,0,0,0,0,0,1,19.1,0.0,0.0,0.0,365.0,0.0,0.0,0.0,0.0,0.0,0.0,1,0,0.0,0.0,0.0,46.29,19.1,-1.97,0.0,0,2,0,0,1,0,0,1
1,1,1,0,1.0,1,1,1,0,0,0,0,0,1,80.3,0.0,0.0,0.0,365.0,0.0,0.0,0.0,0.0,0.0,0.0,1,0,0.0,0.0,0.0,117.78,80.3,-11.24,0.0,1,2,0,1,0,0,1,0
1,0,1,0,12.0,1,0,0,0,0,0,0,0,1,44.55,5.0,203.0,1.0,272.0,0.0,0.0,0.0,0.0,0.0,0.0,3,1,0.33,0.88,2.64,50.66,121.88333333333333,-13.51,5.0,0,2,0,0,0,1,0,0
0,0,0,0,7.0,1,0,0,0,0,0,0,0,0,20.35,0.0,0.0,0.0,365.0,0.0,0.0,0.0,0.0,0.0,0.0,3,1,0.33,7.02,21.06,85.97,21.514285714285712,-0.72,0.0,0,3,0,0,1,0,0,1
1,0,1,1,64.0,1,1,1,1,1,0,0,0,1,91.8,7.0,92.0,1.0,250.0,0.0,0.0,0.0,0.0,0.0,0.0,2,0,0.0,0.0,0.0,69.32,93.1328125,0.26,7.0,3,1,0,1,0,0,1,0
0,0,0,0,1.0,1,0,0,0,1,0,0,0,1,74.9,0.0,0.0,0.0,365.0,0.0,0.0,0.0,0.0,0.0,0.0,1,0,0.0,0.0,0.0,101.9,74.9,-16.64,0.0,1,2,0,1,0,0,1,0
1,0,0,0,59.0,1,0,0,0,0,0,0,0,1,20.2,6.0,287.0,1.0,134.0,0.0,0.0,0.0,0.0,0.0,0.0,3,1,0.33,15.97,47.91,87.2,20.208474576271186,-0.87,6.0,0,1,2,0,1,0,0,0
0,0,1,0,6.0,1,1,0,0,0,0,0,0,0,50.35,0.0,0.0,0.0,365.0,0.0,0.0,0.0,0.0,0.0,0.0,2,0,0.0,0.0,0.0,53.2,52.425000000000004,-7.71,0.0,0,2,0,0,0,0,1,0
0,0,0,0,3.0,1,0,0,0,0,0,0,0,0,18.8,0.0,0.0,0.0,365.0,2.0,10.2,17.1,1.0,1.0,0.5,3,0,0.0,0.0,0.0,37.84,18.666666666666668,-2.27,0.0,0,2,0,0,1,0,0,1
0,0,1,0,12.0,1,0,0,0,0,0,0,0,0,20.45,4.0,169.0,1.0,287.0,0.0,0.0,0.0,0.0,0.0,0.0,2,1,0.5,9.46,18.93,75.44,27.566666666666666,-0.62,4.0,0,2,0,0,1,1,0,0
1,0,1,1,13.0,1,0,0,0,0,0,1,1,1,64.75,0.0,0.0,0.0,365.0,1.0,53.1,53.1,0.0,0.0,0.0,3,1,0.33,1.8,5.39,36.98,67.48846153846154,6.69,0.0,2,1,1,0,0,0,1,0
0,0,0,0,12.0,1,1,0,1,0,0,1,1,1,98.7,0.0,0.0,0.0,365.0,0.0,0.0,0.0,0.0,0.0,0.0,3,1,0.33,5.52,16.57,48.46,187.42499999999998,7.16,0.0,3,2,0,1,0,1,0,0
1,1,1,0,31.0,1,1,1,0,0,0,1,0,0,89.45,0.0,0.0,0.0,365.0,1.0,8.1,8.1,1.0,0.0,1.0,2,0,0.0,0.0,0.0,67.86,90.56935483870969,-2.09,0.0,2,1,0,1,0,0,1,0
1,0,0,0,29.0,1,0,1,1,0,1,0,0,1,56.15,0.0,0.0,0.0,365.0,0.0,0.0,0.0,0.0,0.0,0.0,1,0,0.0,0.0,0.0,42.74,58.4896551724138,-1.91,0.0,3,0,1,0,0,0,1,0
0,0,1,0,49.0,1,0,0,0,0,0,0,0,0,20.7,0.0,0.0,0.0,365.0,0.0,0.0,0.0,0.0,0.0,0.0,3,1,0.33,9.13,27.38,59.35,21.062244897959182,-0.37,0.0,0,1,1,0,1,1,0,0
0,0,1,0,56.0,1,1,0,0,0,0,1,0,1,91.75,0.0,0.0,0.0,365.0,1.0,74.5,74.5,0.0,0.0,0.0,3,0,0.0,0.0,0.0,88.53,87.55,0.21,0.0,1,1,0,1,0,0,0,0
0,0,0,0,63.0,1,1,1,1,1,1,0,1,1,80.3,0.0,0.0,0.0,365.0,0.0,0.0,0.0,0.0,0.0,0.0,2,1,0.5,11.94,23.87,79.6,79.29126984126985,22.24,0.0,5,1,2,0,0,1,0,0
1,0,1,0,63.0,1,1,0,0,1,1,1,1,0,79.8,0.0,0.0,0.0,365.0,0.0,0.0,0.0,0.0,0.0,0.0,2,1,0.5,14.92,29.83,97.9,79.90555555555555,21.74,0.0,4,1,2,0,0,1,0,0
1,1,1,1,24.0,1,1,1,0,0,0,0,0,1,79.85,3.0,156.0,1.0,187.0,0.0,0.0,0.0,0.0,0.0,0.0,1,0,0.0,0.0,0.0,55.32,77.40625,-11.69,3.0,1,1,0,1,0,0,1,0
1,1,1,0,36.0,1,0,0,0,1,1,0,0,0,54.1,7.0,83.0,1.0,348.0,0.0,0.0,0.0,0.0,0.0,0.0,1,1,1.0,22.72,22.72,62.28,55.356944444444444,-3.96,7.0,2,1,1,0,0,1,0,0
0,1,0,0,9.0,1,0,0,0,0,0,1,0,1,80.85,0.0,0.0,0.0,365.0,2.0,7.399999999999999,9.2,2.0,0.0,1.0,1,0,0.0,0.0,0.0,70.28,83.51666666666667,-10.69,0.0,1,2,0,1,0,0,1,0
1,0,0,0,3.0,0,0,0,0,0,0,0,0,0,24.75,4.0,159.0,1.0,253.0,0.0,0.0,0.0,0.0,0.0,0.0,1,1,1.0,39.05,39.05,88.18,22.316666666666666,-33.31,4.0,0,3,0,0,0,0,1,0
0,0,1,0,21.0,1,0,1,0,1,1,1,1,0,80.9,9.0,52.0,1.0,93.0,0.0,0.0,0.0,0.0,0.0,0.0,1,0,0.0,0.0,0.0,73.26,81.66428571428571,22.84,9.0,5,0,1,0,0,0,0,1
1,0,1,1,13.0,1,1,0,0,0,0,0,0,0,24.5,0.0,0.0,0.0,365.0,0.0,0.0,0.0,0.0,0.0,0.0,3,0,0.0,0.0,0.0,54.58,26.430769230769233,3.43,0.0,0,0,1,0,1,0,0,0
1,0,1,1,1.0,1,0,0,0,0,0,0,0,1,20.15,0.0,0.0,0.0,365.0,0.0,0.0,0.0,0.0,0.0,0.0,3,1,0.33,6.13,18.4,85.52,20.15,-0.92,0.0,0,3,0,0,1,0,0,0
0,0,1,1,25.0,1,0,0,0,0,0,0,0,0,20.05,0.0,0.0,0.0,365.0,0.0,0.0,0.0,0.0,0.0,0.0,1,0,0.0,0.0,0.0,60.12,20.804000000000002,-1.02,0.0,0,0,1,0,1,0,0,1
1,0,1,1,64.0,1,0,0,0,0,0,0,0,1,19.6,6.0,155.0,1.0,241.0,0.0,0.0,0.0,0.0,0.0,0.0,3,1,0.33,3.48,10.43,60.23,21.67890625,-1.47,6.0,0,1,2,0,1,0,0,0
1,0,0,0,66.0,1,1,1,1,1,1,1,1,1,114.3,0.0,0.0,0.0,365.0,0.0,0.0,0.0,0.0,0.0,0.0,2,0,0.0,0.0,0.0,97.8,111.87424242424242,22.76,0.0,6,0,1,1,0,0,0,0
0,0,0,0,45.0,1,0,1,1,0,0,1,1,1,100.3,0.0,0.0,0.0,365.0,1.0,35.4,35.4,1.0,0.0,1.0,2,1,0.5,24.1,48.19,73.89,99.64333333333333,8.76,0.0,4,1,1,1,0,0,1,0
0,0,1,0,22.0,1,0,0,0,0,0,1,0,1,80.0,5.0,129.0,1.0,242.0,0.0,0.0,0.0,0.0,0.0,0.0,1,0,0.0,0.0,0.0,105.48,77.56590909090909,-11.54,5.0,1,1,0,1,0,1,0,0
0,0,1,0,67.0,1,0,0,0,0,0,0,0,1,20.85,0.0,0.0,0.0,365.0,0.0,0.0,0.0,0.0,0.0,0.0,2,0,0.0,0.0,0.0,74.22,19.811940298507466,-0.22,0.0,0,0,1,0,1,0,0,0
0,0,1,0,68.0,1,1,0,0,1,0,1,0,1,89.95,0.0,0.0,0.0,365.0,1.0,31.3,31.3,1.0,0.0,1.0,3,0,0.0,0.0,0.0,67.07,87.85735294117647,-1.59,0.0,2,0,2,1,0,0,0,0
0,0,1,1,0.0,1,0,0,0,0,0,0,0,0,20.0,0.0,0.0,0.0,365.0,0.0,0.0,0.0,0.0,0.0,0.0,1,0,0.0,0.0,0.0,56.97,20.0,-1.07,0.0,0,1,2,0,1,0,0,1
0,1,0,0,49.0,1,1,0,0,1,0,0,1,1,90.85,0.0,0.0,0.0,365.0,0.0,0.0,0.0,0.0,0.0,0.0,2,0,0.0,0.0,0.0,50.02,92.16020408163266,-0.69,0.0,2,1,0,1,0,1,0,0
0,1,0,0,4.0,1,1,0,0,0,0,0,0,0,48.75,0.0,0.0,0.0,365.0,0.0,0.0,0.0,0.0,0.0,0.0,1,0,0.0,0.0,0.0,66.6,44.9625,-9.31,0.0,0,2,0,0,0,0,0,1
1,0,1,0,63.0,1,1,1,1,1,1,0,1,0,80.0,0.0,0.0,0.0,365.0,1.0,7.6,7.6,1.0,0.0,1.0,1,0,0.0,0.0,0.0,41.17,80.0031746031746,21.94,0.0,5,0,1,0,0,1,0,0
0,0,1,0,2.0,1,0,0,1,1,0,0,0,0,79.7,0.0,0.0,0.0,365.0,0.0,0.0,0.0,0.0,0.0,0.0,1,1,1.0,7.96,7.96,43.53,82.5,-11.84,0.0,2,3,0,1,0,0,0,0
1,0,0,0,21.0,1,0,0,0,0,0,0,0,1,20.35,6.0,31.0,1.0,13.0,0.0,0.0,0.0,0.0,0.0,0.0,3,0,0.0,0.0,0.0,93.0,20.128571428571426,-0.72,6.0,0,0,1,0,1,0,0,1
1,0,1,1,55.0,1,0,1,1,0,1,0,0,0,57.55,0.0,0.0,0.0,365.0,0.0,0.0,0.0,0.0,0.0,0.0,2,0,0.0,0.0,0.0,45.9,55.38909090909091,-0.51,0.0,3,0,2,0,0,0,0,0
1,0,0,1,1.0,1,0,0,0,0,0,0,0,1,20.25,10.0,144.0,1.0,59.0,1.0,21.1,21.1,0.0,1.0,0.0,2,1,0.5,14.6,29.21,57.45,20.25,-0.82,10.0,0,3,0,0,1,0,0,1
0,0,0,0,17.0,1,0,0,0,0,0,0,0,0,20.15,2.0,236.0,1.0,130.0,1.0,5.3,5.3,0.0,1.0,0.0,1,0,0.0,0.0,0.0,44.39,21.061764705882354,-0.92,2.0,0,0,2,0,1,0,0,1
1,0,0,0,30.0,1,1,1,0,0,0,1,1,1,100.4,0.0,0.0,0.0,365.0,0.0,0.0,0.0,0.0,0.0,0.0,3,0,0.0,0.0,0.0,87.45,97.875,8.86,0.0,3,1,0,1,0,0,0,0
1,0,1,1,22.0,1,0,1,1,0,1,0,0,1,57.95,0.0,0.0,0.0,365.0,0.0,0.0,0.0,0.0,0.0,0.0,2,0,0.0,0.0,0.0,65.0,57.809090909090905,-0.11,0.0,3,1,0,0,0,0,0,1
0,0,0,0,9.0,1,0,0,0,0,1,1,0,1,59.5,0.0,0.0,0.0,365.0,0.0,0.0,0.0,0.0,0.0,0.0,2,1,0.5,5.89,11.78,52.91,58.89444444444444,1.44,0.0,2,3,0,0,0,0,0,0
1,0,1,1,1.0,1,0,0,0,0,0,0,0,0,19.2,6.0,233.0,1.0,87.0,0.0,0.0,0.0,0.0,0.0,0.0,2,0,0.0,0.0,0.0,57.05,19.2,-1.87,6.0,0,2,0,0,1,0,0,1
0,0,1,0,21.0,1,1,0,0,0,0,0,1,1,86.5,0.0,0.0,0.0,365.0,0.0,0.0,0.0,0.0,0.0,0.0,2,0,0.0,0.0,0.0,49.03,86.12857142857143,-5.04,0.0,1,1,0,1,0,0,1,0
1,0,0,0,19.0,1,1,0,0,1,1,0,0,0,59.55,0.0,0.0,0.0,365.0,0.0,0.0,0.0,0.0,0.0,0.0,2,1,0.5,14.61,29.22,73.29,60.24210526315789,1.49,0.0,2,2,0,0,0,0,1,0
0,0,1,1,12.0,1,1,0,1,1,0,1,1,1,103.95,0.0,0.0,0.0,365.0,0.0,0.0,0.0,0.0,0.0,0.0,2,0,0.0,0.0,0.0,45.26,620.5749999999999,12.41,0.0,4,1,0,1,0,0,1,0
1,1,0,0,1.0,0,0,0,0,0,0,0,0,1,25.1,0.0,0.0,0.0,365.0,1.0,3.6,3.6,1.0,0.0,1.0,3,0,0.0,0.0,0.0,63.13,25.1,-32.96,0.0,0,2,0,0,0,0,1,0
0,0,1,0,72.0,1,1,1,1,1,1,1,0,1,103.95,4.0,30.0,1.0,311.0,0.0,0.0,0.0,0.0,0.0,0.0,1,0,0.0,0.0,0.0,28.39,104.95694444444445,12.41,4.0,5,0,2,1,0,0,0,0
1,0,1,1,64.0,1,1,1,0,1,0,1,0,0,68.95,0.0,0.0,0.0,365.0,0.0,0.0,0.0,0.0,0.0,0.0,1,0,0.0,0.0,0.0,100.7,75.9171875,10.89,0.0,3,0,2,0,0,1,0,0
0,0,0,0,66.0,1,1,1,1,1,1,0,1,1,103.1,0.0,0.0,0.0,365.0,0.0,0.0,0.0,0.0,0.0,0.0,3,0,0.0,0.0,0.0,93.22,99.92424242424242,11.56,0.0,5,1,0,1,0,0,0,0
0,0,1,1,7.0,0,0,0,0,0,0,0,0,1,24.7,6.0,291.0,1.0,9.0,0.0,0.0,0.0,0.0,0.0,0.0,3,1,0.33,15.54,46.61,81.98,21.292857142857144,-33.36,6.0,0,3,0,0,0,0,1,0
0,1,1,1,46.0,1,1,1,1,0,1,1,1,1,110.2,0.0,0.0,0.0,365.0,0.0,0.0,0.0,0.0,0.0,0.0,1,0,0.0,0.0,0.0,119.83,108.08913043478262,18.66,0.0,5,1,0,1,0,0,1,0
1,0,0,0,39.0,0,0,1,1,0,1,1,0,1,48.95,0.0,0.0,0.0,365.0,0.0,0.0,0.0,0.0,0.0,0.0,3,2,0.67,16.96,27.29,74.36,48.22692307692307,-9.11,0.0,4,2,0,0,0,1,0,0
0,0,1,1,32.0,1,1,0,1,1,0,0,0,0,62.45,3.0,110.0,1.0,112.0,0.0,0.0,0.0,0.0,0.0,0.0,3,1,0.33,7.77,23.31,81.6,63.9234375,4.39,3.0,2,2,0,0,0,0,0,0
1,0,0,0,24.0,1,0,0,1,1,0,0,1,1,89.55,0.0,0.0,0.0,365.0,0.0,0.0,0.0,0.0,0.0,0.0,2,0,0.0,0.0,0.0,61.48,91.13125000000001,-1.99,0.0,3,1,0,1,0,0,1,0
1,0,1,1,6.0,1,0,0,1,0,0,0,1,1,83.55,0.0,0.0,0.0,365.0,1.0,8.1,8.1,1.0,0.0,1.0,2,0,0.0,0.0,0.0,70.74,79.59166666666667,-7.99,0.0,2,2,0,1,0,1,0,0
0,0,0,0,37.0,1,1,1,1,1,1,1,0,1,78.9,0.0,0.0,0.0,365.0,0.0,0.0,0.0,0.0,0.0,0.0,1,0,0.0,0.0,0.0,78.1,80.4581081081081,20.84,0.0,5,1,0,0,0,1,0,0
1,0,0,1,12.0,1,0,0,0,0,0,0,0,0,20.35,3.0,175.0,1.0,320.0,0.0,0.0,0.0,0.0,0.0,0.0,2,0,0.0,0.0,0.0,93.93,14.891666666666666,-0.72,3.0,0,1,0,0,1,0,0,1
0,0,1,1,72.0,1,1,1,0,1,0,1,0,1,71.45,0.0,0.0,0.0,365.0,0.0,0.0,0.0,0.0,0.0,0.0,3,0,0.0,0.0,0.0,77.84,69.80347222222223,13.39,0.0,3,0,2,0,0,0,0,0
1,1,1,0,71.0,0,0,1,1,1,1,0,0,0,46.35,4.0,174.0,1.0,318.0,0.0,0.0,0.0,0.0,0.0,0.0,1,1,1.0,8.5,8.5,32.43,47.23098591549296,-11.71,4.0,4,1,2,0,0,1,0,0
0,0,1,0,16.0,1,0,0,1,0,0,1,1,1,94.65,0.0,0.0,0.0,365.0,1.0,9.9,9.9,1.0,0.0,1.0,2,0,0.0,0.0,0.0,88.41,91.321875,3.11,0.0,3,1,0,1,0,0,0,0
0,0,1,0,57.0,0,0,1,0,1,1,0,1,1,49.9,8.0,35.0,1.0,78.0,0.0,0.0,0.0,0.0,0.0,0.0,2,2,1.0,29.93,38.09,85.78,48.8140350877193,-8.16,8.0,4,2,0,0,0,0,0,0
1,0,0,0,66.0,1,1,0,0,0,0,0,0,0,25.45,0.0,0.0,0.0,365.0,0.0,0.0,0.0,0.0,0.0,0.0,3,0,0.0,0.0,0.0,53.7,25.74469696969697,4.38,0.0,0,0,1,0,1,0,0,0
0,1,0,0,17.0,1,0,0,1,1,0,1,0,1,89.15,0.0,0.0,0.0,365.0,0.0,0.0,0.0,0.0,0.0,0.0,2,0,0.0,0.0,0.0,44.8,88.0529411764706,-2.39,0.0,3,1,0,1,0,0,1,0
0,0,0,1,21.0,1,0,0,0,0,0,0,0,0,20.75,0.0,0.0,0.0,365.0,0.0,0.0,0.0,0.0,0.0,0.0,2,0,0.0,0.0,0.0,43.66,21.53333333333333,-0.32,0.0,0,1,0,0,1,0,0,1
1,0,1,0,66.0,1,1,1,1,1,0,0,0,1,66.1,0.0,0.0,0.0,365.0,0.0,0.0,0.0,0.0,0.0,0.0,2,1,0.5,3.78,7.55,27.56,67.09772727272727,8.04,0.0,3,1,2,0,0,1,0,0
0,0,1,0,17.0,1,1,0,1,0,0,1,1,1,75.4,0.0,0.0,0.0,365.0,0.0,0.0,0.0,0.0,0.0,0.0,3,0,0.0,0.0,0.0,77.69,77.79705882352941,17.34,0.0,3,1,0,0,0,0,0,0
1,0,0,1,1.0,1,0,0,0,0,0,0,0,1,70.45,0.0,0.0,0.0,365.0,0.0,0.0,0.0,0.0,0.0,0.0,3,0,0.0,0.0,0.0,96.98,70.45,-21.09,0.0,0,2,0,1,0,0,0,1
1,0,1,0,58.0,1,0,1,1,1,0,0,0,0,60.3,12.0,198.66666666666663,3.0,82.0,0.0,0.0,0.0,0.0,0.0,0.0,2,0,0.0,0.0,0.0,62.72,61.4448275862069,2.24,4.0,3,0,1,0,0,1,0,0
0,0,1,1,8.0,1,0,0,0,0,0,0,0,0,21.05,0.0,0.0,0.0,365.0,0.0,0.0,0.0,0.0,0.0,0.0,3,0,0.0,0.0,0.0,69.49,17.46875,-0.02,0.0,0,2,0,0,1,1,0,0
1,0,0,0,27.0,1,0,1,0,1,1,1,0,0,69.35,3.0,175.0,1.0,154.0,0.0,0.0,0.0,0.0,0.0,0.0,1,0,0.0,0.0,0.0,41.83,71.38148148148149,11.29,3.0,4,0,1,0,0,1,0,0
1,0,1,0,34.0,1,1,0,1,0,0,0,1,0,88.85,0.0,0.0,0.0,365.0,1.0,38.5,38.5,1.0,0.0,1.0,3,1,0.33,4.67,14.0,62.56,88.24264705882354,-2.69,0.0,2,2,0,1,0,0,0,1
1,0,0,0,30.0,1,0,0,1,0,0,1,1,1,97.0,5.0,82.0,1.0,86.0,0.0,0.0,0.0,0.0,0.0,0.0,3,1,0.33,13.44,40.31,79.2,100.71000000000001,5.46,5.0,3,1,1,1,0,0,0,0
1,0,0,0,33.0,1,0,0,1,1,0,1,0,1,66.4,0.0,0.0,0.0,365.0,0.0,0.0,0.0,0.0,0.0,0.0,1,0,0.0,0.0,0.0,77.23,68.04242424242425,8.34,0.0,3,1,0,0,0,1,0,0
1,0,0,1,1.0,0,0,0,0,0,0,0,0,0,24.75,2.0,29.0,1.0,177.0,1.0,8.9,8.9,0.0,0.0,0.0,2,0,0.0,0.0,0.0,30.78,24.75,-33.31,2.0,0,2,0,0,0,0,1,0
1,0,1,1,14.0,1,1,1,1,0,0,0,1,0,69.2,5.0,267.0,1.0,14.0,0.0,0.0,0.0,0.0,0.0,0.0,2,0,0.0,0.0,0.0,34.59,67.475,11.14,5.0,3,1,0,0,0,0,0,1
0,0,0,1,16.0,1,1,0,0,0,1,0,0,1,79.5,9.0,53.0,1.0,217.0,0.0,0.0,0.0,0.0,0.0,0.0,3,0,0.0,0.0,0.0,82.44,79.0125,-12.04,9.0,1,0,1,1,0,1,0,0
0,0,0,0,49.0,1,0,0,0,1,1,1,1,0,100.65,0.0,0.0,0.0,365.0,0.0,0.0,0.0,0.0,0.0,0.0,2,0,0.0,0.0,0.0,54.08,100.36224489795919,9.11,0.0,4,0,2,1,0,1,0,0
1,0,1,1,19.0,1,1,0,0,1,1,1,1,0,103.3,9.0,40.0,2.0,306.0,0.0,0.0,0.0,0.0,0.0,0.0,2,1,0.5,9.81,19.62,79.72,105.93157894736842,11.76,4.5,4,2,0,1,0,0,1,0
0,0,1,1,70.0,1,1,1,1,1,1,1,0,0,79.7,0.0,0.0,0.0,365.0,0.0,0.0,0.0,0.0,0.0,0.0,2,0,0.0,0.0,0.0,70.46,82.04714285714286,21.64,0.0,5,0,2,0,0,0,0,0
0,0,1,1,32.0,1,0,1,1,0,1,0,0,0,61.4,6.0,68.0,1.0,129.0,0.0,0.0,0.0,0.0,0.0,0.0,2,0,0.0,0.0,0.0,73.4,58.2703125,3.34,6.0,3,1,0,0,0,0,0,0
0,0,0,0,18.0,1,0,0,0,0,0,0,0,1,69.8,5.0,93.0,1.0,152.0,0.0,0.0,0.0,0.0,0.0,0.0,1,1,1.0,14.68,14.68,39.92,67.86944444444445,-21.74,5.0,0,2,0,1,0,0,1,0
1,0,0,0,37.0,0,0,1,1,0,1,0,0,1,40.55,0.0,0.0,0.0,365.0,0.0,0.0,0.0,0.0,0.0,0.0,1,0,0.0,0.0,0.0,28.9,37.59054054054054,-17.51,0.0,3,0,2,0,0,0,0,1
0,0,0,0,4.0,1,1,0,0,0,0,0,0,1,75.65,0.0,0.0,0.0,365.0,0.0,0.0,0.0,0.0,0.0,0.0,3,1,0.33,3.39,10.16,77.4,75.5875,-15.89,0.0,0,3,0,1,0,0,1,0
0,0,1,0,16.0,1,1,1,1,1,0,0,0,0,90.7,6.0,228.0,1.0,250.0,1.0,12.7,12.7,0.0,0.0,0.0,1,0,0.0,0.0,0.0,73.48,85.93125,-0.84,6.0,3,1,0,1,0,0,1,0
1,0,1,0,17.0,1,1,0,1,0,0,0,0,1,80.5,0.0,0.0,0.0,365.0,0.0,0.0,0.0,0.0,0.0,0.0,3,0,0.0,0.0,0.0,54.84,78.64117647058823,-11.04,0.0,1,1,0,1,0,0,0,0
0,0,0,1,19.0,1,0,1,1,1,0,0,0,1,60.6,0.0,0.0,0.0,365.0,0.0,0.0,0.0,0.0,0.0,0.0,3,1,0.33,4.59,13.77,77.47,68.30526315789473,2.54,0.0,3,2,0,0,0,0,1,0
1,0,1,0,60.0,1,1,0,0,1,0,1,1,0,101.15,0.0,0.0,0.0,365.0,0.0,0.0,0.0,0.0,0.0,0.0,2,0,0.0,0.0,0.0,81.24,101.12333333333332,9.61,0.0,3,0,2,1,0,1,0,0
1,0,1,1,51.0,1,1,0,0,0,0,0,0,1,24.95,0.0,0.0,0.0,365.0,0.0,0.0,0.0,0.0,0.0,0.0,3,2,0.67,12.09,26.21,75.27,23.965686274509803,3.88,0.0,0,1,2,0,1,0,0,1
1,0,1,1,64.0,1,0,0,0,0,0,0,0,1,20.3,9.0,245.0,1.0,58.0,0.0,0.0,0.0,0.0,0.0,0.0,3,1,0.33,3.71,11.13,83.32,7.62421875,-0.77,9.0,0,1,2,0,1,1,0,0
1,0,0,0,43.0,1,0,0,1,0,0,0,1,1,60.0,0.0,0.0,0.0,365.0,0.0,0.0,0.0,0.0,0.0,0.0,2,0,0.0,0.0,0.0,57.43,59.268604651162796,1.94,0.0,2,0,2,0,0,0,1,0
1,0,1,0,42.0,1,0,0,0,0,0,0,0,0,20.25,6.0,80.0,1.0,185.0,0.0,0.0,0.0,0.0,0.0,0.0,3,0,0.0,0.0,0.0,92.81,19.892857142857142,-0.82,6.0,0,0,2,0,1,0,1,0
1,0,0,0,3.0,1,0,0,0,0,0,1,0,1,78.5,0.0,0.0,0.0,365.0,0.0,0.0,0.0,0.0,0.0,0.0,2,1,0.5,7.12,14.24,73.99,80.68333333333334,-13.04,0.0,1,3,0,1,0,0,1,0
0,0,0,0,1.0,1,0,0,0,0,0,0,0,0,44.75,0.0,0.0,0.0,365.0,0.0,0.0,0.0,0.0,0.0,0.0,3,1,0.33,4.27,12.8,66.02,44.75,-13.31,0.0,0,3,0,0,0,0,0,1
0,0,0,0,3.0,1,0,0,0,0,0,0,0,0,19.85,15.0,271.6666666666667,3.0,167.0,0.0,0.0,0.0,0.0,0.0,0.0,2,0,0.0,0.0,0.0,38.3,21.25,-1.22,5.0,0,2,0,0,1,0,0,1
0,0,0,0,63.0,1,1,1,1,1,0,1,0,0,98.0,0.0,0.0,0.0,365.0,0.0,0.0,0.0,0.0,0.0,0.0,1,0,0.0,0.0,0.0,24.3,98.70555555555555,6.46,0.0,4,0,2,1,0,1,0,0
1,1,0,0,3.0,1,0,0,0,0,0,1,0,1,79.9,0.0,0.0,0.0,365.0,1.0,33.3,33.3,0.0,1.0,0.0,1,0,0.0,0.0,0.0,46.88,86.96666666666665,-11.64,0.0,1,2,0,1,0,0,1,0
1,0,1,0,68.0,1,1,1,1,0,1,1,1,1,107.7,3.0,242.0,1.0,181.0,0.0,0.0,0.0,0.0,0.0,0.0,1,0,0.0,0.0,0.0,93.91,107.66029411764706,16.16,3.0,5,1,0,1,0,0,1,0
0,1,0,0,30.0,1,1,0,1,0,0,1,1,1,99.7,0.0,0.0,0.0,365.0,0.0,0.0,0.0,0.0,0.0,0.0,2,1,0.5,8.14,16.27,65.2,98.91166666666666,8.16,0.0,3,2,0,1,0,0,1,0
0,0,0,0,60.0,1,1,0,1,1,0,1,1,0,104.7,0.0,0.0,0.0,365.0,0.0,0.0,0.0,0.0,0.0,0.0,1,0,0.0,0.0,0.0,74.72,105.56333333333333,13.16,0.0,4,0,2,1,0,0,1,0
1,0,0,0,15.0,1,1,0,1,0,1,0,0,1,58.6,0.0,0.0,0.0,365.0,1.0,4.2,4.2,0.0,1.0,0.0,1,1,1.0,11.27,11.27,37.38,62.64666666666667,0.54,0.0,2,2,0,0,0,1,0,0
1,1,0,0,45.0,1,1,0,0,0,0,1,1,1,93.9,5.0,88.0,1.0,242.0,0.0,0.0,0.0,0.0,0.0,0.0,2,0,0.0,0.0,0.0,78.54,93.33888888888889,2.36,5.0,2,1,0,1,0,0,0,0
0,0,1,0,70.0,1,0,1,1,1,1,1,1,0,86.45,0.0,0.0,0.0,365.0,0.0,0.0,0.0,0.0,0.0,0.0,2,0,0.0,0.0,0.0,94.5,85.00285714285714,28.39,0.0,6,0,2,0,0,1,0,0
1,0,1,0,10.0,1,1,0,0,1,0,1,1,1,98.5,0.0,0.0,0.0,365.0,1.0,65.3,65.3,1.0,0.0,1.0,1,0,0.0,0.0,0.0,88.58,103.775,6.96,0.0,3,2,0,1,0,0,1,0
1,0,0,0,4.0,1,0,0,0,0,0,0,0,0,19.4,0.0,0.0,0.0,365.0,0.0,0.0,0.0,0.0,0.0,0.0,1,0,0.0,0.0,0.0,112.21,23.35,-1.67,0.0,0,2,0,0,1,0,0,1
0,0,0,0,1.0,1,0,0,0,1,0,0,0,1,50.45,0.0,0.0,0.0,365.0,0.0,0.0,0.0,0.0,0.0,0.0,2,0,0.0,0.0,0.0,78.88,50.45,-7.61,0.0,1,2,0,0,0,0,0,1
0,0,1,0,68.0,1,1,0,0,0,0,0,0,1,24.95,0.0,0.0,0.0,365.0,0.0,0.0,0.0,0.0,0.0,0.0,3,1,0.33,4.86,14.58,67.19,23.748529411764707,3.88,0.0,0,1,2,0,1,1,0,0
1,0,1,1,22.0,1,0,1,0,0,0,0,0,0,75.0,0.0,0.0,0.0,365.0,0.0,0.0,0.0,0.0,0.0,0.0,3,0,0.0,0.0,0.0,33.4,71.54318181818182,-16.54,0.0,1,1,0,1,0,0,0,0
1,0,1,1,38.0,1,1,0,1,1,0,1,0,1,94.65,0.0,0.0,0.0,365.0,0.0,0.0,0.0,0.0,0.0,0.0,3,1,0.33,3.03,9.08,60.86,95.3763157894737,3.11,0.0,3,2,0,1,0,0,1,0
0,0,0,0,1.0,1,1,0,1,0,0,1,1,1,100.25,0.0,0.0,0.0,365.0,0.0,0.0,0.0,0.0,0.0,0.0,3,0,0.0,0.0,0.0,65.28,100.25,8.71,0.0,3,2,0,1,0,1,0,0
1,0,1,0,18.0,1,0,0,0,1,1,0,0,0,78.2,0.0,0.0,0.0,365.0,1.0,56.7,56.7,0.0,0.0,0.0,2,0,0.0,0.0,0.0,92.68,81.59722222222223,-13.34,0.0,2,1,0,1,0,0,1,0
1,0,0,0,29.0,1,0,0,0,0,1,1,1,1,94.2,0.0,0.0,0.0,365.0,1.0,10.9,10.9,0.0,0.0,0.0,1,0,0.0,0.0,0.0,83.98,89.91724137931034,2.66,0.0,3,1,0,1,0,0,1,0
0,0,0,0,16.0,1,1,0,0,1,0,0,1,1,88.45,0.0,0.0,0.0,365.0,0.0,0.0,0.0,0.0,0.0,0.0,2,0,0.0,0.0,0.0,100.08,88.88125,-3.09,0.0,2,1,0,1,0,0,1,0
1,0,0,0,1.0,1,0,0,0,0,0,0,0,1,69.85,0.0,0.0,0.0,365.0,0.0,0.0,0.0,0.0,0.0,0.0,1,0,0.0,0.0,0.0,87.22,69.85,-21.69,0.0,0,2,0,1,0,0,1,0
1,0,0,0,12.0,1,0,1,0,1,0,0,0,0,91.75,4.0,263.0,1.0,196.0,0.0,0.0,0.0,0.0,0.0,0.0,3,0,0.0,0.0,0.0,90.52,71.55,0.21,4.0,2,1,0,1,0,0,0,0
1,0,0,0,31.0,0,0,0,0,1,0,1,1,1,50.05,6.0,52.0,1.0,315.0,0.0,0.0,0.0,0.0,0.0,0.0,3,1,0.33,3.51,10.54,75.05,49.141935483870974,-8.01,6.0,3,1,1,0,0,0,1,0
1,0,0,0,12.0,1,0,0,0,0,0,0,1,1,79.9,0.0,0.0,0.0,365.0,1.0,4.6,4.6,0.0,0.0,0.0,3,1,0.33,2.33,6.98,39.07,27.025000000000002,-11.64,0.0,1,2,0,1,0,0,1,0
0,0,1,0,48.0,1,1,0,0,1,1,0,1,1,69.55,0.0,0.0,0.0,365.0,0.0,0.0,0.0,0.0,0.0,0.0,2,1,0.5,7.94,15.87,85.78,71.575,11.49,0.0,3,1,1,0,0,0,0,1
0,0,0,0,15.0,1,1,0,0,0,0,0,0,1,25.4,0.0,0.0,0.0,365.0,0.0,0.0,0.0,0.0,0.0,0.0,1,1,1.0,27.99,27.99,97.48,26.64,4.33,0.0,0,2,0,0,1,1,0,0
1,0,0,0,50.0,1,0,1,1,1,1,0,0,1,90.1,0.0,0.0,0.0,365.0,0.0,0.0,0.0,0.0,0.0,0.0,2,0,0.0,0.0,0.0,72.07,90.98899999999999,-1.44,0.0,4,0,1,1,0,1,0,0
1,0,0,0,7.0,1,0,0,0,0,0,0,0,1,44.65,7.0,165.0,2.0,45.0,0.0,0.0,0.0,0.0,0.0,0.0,2,0,0.0,0.0,0.0,89.2,46.07142857142857,-13.41,3.5,0,2,0,0,0,0,0,0
1,1,1,0,41.0,1,1,1,0,1,0,0,0,1,83.75,0.0,0.0,0.0,365.0,0.0,0.0,0.0,0.0,0.0,0.0,3,1,0.33,1.46,4.37,40.43,79.84268292682927,-7.79,0.0,2,2,0,1,0,0,0,0
1,0,1,1,68.0,1,0,1,0,1,0,0,0,0,80.35,6.0,41.0,1.0,344.0,0.0,0.0,0.0,0.0,0.0,0.0,2,1,0.5,16.26,32.52,89.71,79.04632352941177,-11.19,6.0,2,1,2,1,0,1,0,0
0,1,1,0,26.0,1,1,0,0,1,0,1,1,1,98.1,6.0,296.0,1.0,290.0,0.0,0.0,0.0,0.0,0.0,0.0,3,0,0.0,0.0,0.0,61.56,96.5653846153846,6.56,6.0,3,1,0,1,0,0,0,0
1,0,0,0,57.0,0,0,0,0,1,1,1,1,0,53.35,0.0,0.0,0.0,365.0,0.0,0.0,0.0,0.0,0.0,0.0,2,0,0.0,0.0,0.0,72.34,54.21140350877193,-4.71,0.0,4,0,2,0,0,1,0,0
0,0,0,0,3.0,1,0,0,0,0,0,0,0,0,19.55,0.0,0.0,0.0,365.0,0.0,0.0,0.0,0.0,0.0,0.0,2,0,0.0,0.0,0.0,59.98,20.349999999999998,-1.52,0.0,0,2,0,0,1,0,1,0
0,0,0,0,1.0,1,0,0,0,0,0,0,0,0,20.9,11.0,269.0,1.0,37.0,1.0,45.9,45.9,0.0,0.0,0.0,1,0,0.0,0.0,0.0,87.34,20.9,-0.17,11.0,0,2,0,0,1,0,0,1
1,0,1,1,19.0,1,0,1,0,0,0,0,0,1,48.95,0.0,0.0,0.0,365.0,0.0,0.0,0.0,0.0,0.0,0.0,1,0,0.0,0.0,0.0,90.31,50.294736842105266,-9.11,0.0,1,0,1,0,0,0,0,0
0,0,0,0,3.0,1,0,0,0,0,0,1,0,1,56.15,0.0,0.0,0.0,365.0,1.0,27.6,27.6,1.0,0.0,1.0,1,0,0.0,0.0,0.0,25.72,46.800000000000004,-1.91,0.0,1,2,0,0,0,0,1,0
0,0,0,0,59.0,1,1,0,0,0,0,0,0,0,24.45,0.0,0.0,0.0,365.0,0.0,0.0,0.0,0.0,0.0,0.0,2,1,0.5,5.8,11.61,103.3,25.306779661016947,3.38,0.0,0,1,2,0,1,0,1,0
0,0,1,0,1.0,1,0,0,0,0,0,0,0,1,69.4,0.0,0.0,0.0,365.0,0.0,0.0,0.0,0.0,0.0,0.0,3,0,0.0,0.0,0.0,72.52,69.4,-22.14,0.0,0,2,0,1,0,0,0,1
1,0,1,0,42.0,0,0,1,0,0,0,1,0,1,40.15,7.0,215.0,1.0,24.0,0.0,0.0,0.0,0.0,0.0,0.0,2,0,0.0,0.0,0.0,42.32,38.71547619047619,-17.91,7.0,2,1,0,0,0,0,0,0
0,0,0,0,7.0,1,1,0,0,0,0,0,0,1,74.9,0.0,0.0,0.0,365.0,0.0,0.0,0.0,0.0,0.0,0.0,1,1,1.0,26.96,26.96,56.67,77.30714285714285,-16.64,0.0,0,3,0,1,0,0,1,0
1,0,1,0,67.0,1,1,0,0,0,0,0,0,0,25.6,0.0,0.0,0.0,365.0,0.0,0.0,0.0,0.0,0.0,0.0,1,0,0.0,0.0,0.0,57.5,26.64029850746269,4.53,0.0,0,0,2,0,1,1,0,0
1,0,0,0,1.0,1,0,0,0,0,0,0,0,1,70.35,0.0,0.0,0.0,365.0,0.0,0.0,0.0,0.0,0.0,0.0,1,0,0.0,0.0,0.0,60.09,70.35,-21.19,0.0,0,2,0,1,0,0,1,0
1,0,1,0,66.0,1,1,1,1,1,1,1,1,0,91.7,0.0,0.0,0.0,365.0,0.0,0.0,0.0,0.0,0.0,0.0,1,0,0.0,0.0,0.0,97.24,92.0590909090909,33.64,0.0,6,0,2,0,0,0,0,0
0,0,0,0,61.0,1,1,0,0,1,0,0,1,0,89.2,3.0,203.0,1.0,22.0,0.0,0.0,0.0,0.0,0.0,0.0,1,0,0.0,0.0,0.0,92.05,90.17377049180328,-2.34,3.0,2,1,0,1,0,0,0,1
1,0,1,1,4.0,1,1,0,0,0,0,0,0,0,24.1,12.0,187.33333333333331,3.0,198.0,0.0,0.0,0.0,0.0,0.0,0.0,2,1,0.5,5.2,10.4,67.5,18.275,3.03,4.0,0,2,1,0,1,1,0,0
0,1,1,0,42.0,1,0,1,0,0,0,0,0,1,91.75,7.0,33.0,1.0,120.0,0.0,0.0,0.0,0.0,0.0,0.0,2,0,0.0,0.0,0.0,86.61,76.89047619047619,0.21,7.0,1,1,0,1,0,1,0,0
0,0,1,1,64.0,1,1,0,1,0,0,0,0,1,53.85,2.0,93.0,1.0,208.0,1.0,12.2,12.2,0.0,0.0,0.0,2,1,0.5,4.88,9.76,46.67,53.12265625,-4.21,2.0,1,1,1,0,0,0,0,0
0,1,1,0,54.0,1,1,1,1,1,1,1,1,1,115.6,4.0,96.0,1.0,68.0,0.0,0.0,0.0,0.0,0.0,0.0,3,1,0.33,4.19,12.57,71.45,119.09351851851852,24.06,4.0,6,1,1,1,0,0,0,0
1,0,0,0,1.0,1,0,0,0,0,0,0,0,1,19.75,4.0,225.0,1.0,214.0,0.0,0.0,0.0,0.0,0.0,0.0,1,0,0.0,0.0,0.0,100.46,19.75,-1.32,4.0,0,2,0,0,1,1,0,0
1,0,1,1,54.0,1,1,0,0,0,0,0,0,1,24.05,4.0,135.0,1.0,97.0,0.0,0.0,0.0,0.0,0.0,0.0,2,0,0.0,0.0,0.0,53.32,22.794444444444448,2.98,4.0,0,0,2,0,1,0,0,0
0,0,0,1,18.0,1,1,0,0,0,0,0,0,0,25.3,0.0,0.0,0.0,365.0,0.0,0.0,0.0,0.0,0.0,0.0,1,0,0.0,0.0,0.0,48.54,25.258333333333333,4.23,0.0,0,0,2,0,1,1,0,0
1,0,0,0,3.0,1,0,0,1,0,0,0,1,0,84.3,9.0,37.0,1.0,17.0,0.0,0.0,0.0,0.0,0.0,0.0,3,1,0.33,4.85,14.54,82.44,78.35000000000001,-7.24,9.0,2,3,0,1,0,0,1,0
0,0,0,0,1.0,1,0,0,0,0,0,0,0,1,70.1,0.0,0.0,0.0,365.0,0.0,0.0,0.0,0.0,0.0,0.0,1,0,0.0,0.0,0.0,39.73,70.1,-21.44,0.0,0,2,0,1,0,0,1,0
0,0,1,1,72.0,1,1,1,1,1,1,1,1,0,89.75,0.0,0.0,0.0,365.0,1.0,18.6,18.6,1.0,0.0,1.0,1,1,1.0,11.63,11.63,41.39,91.60972222222222,31.69,0.0,6,1,2,0,0,1,0,0
1,1,1,0,60.0,1,0,0,1,1,0,1,1,1,97.95,0.0,0.0,0.0,365.0,0.0,0.0,0.0,0.0,0.0,0.0,2,1,0.5,8.59,17.18,60.2,97.78333333333333,6.41,0.0,4,1,1,1,0,0,1,0
0,0,1,1,11.0,1,0,0,0,0,0,0,0,1,20.0,0.0,0.0,0.0,365.0,0.0,0.0,0.0,0.0,0.0,0.0,2,0,0.0,0.0,0.0,65.52,17.849999999999998,-1.07,0.0,0,1,1,0,1,0,0,1
0,0,0,1,12.0,1,1,1,0,0,0,0,0,1,91.75,0.0,0.0,0.0,365.0,0.0,0.0,0.0,0.0,0.0,0.0,1,0,0.0,0.0,0.0,89.03,75.77083333333333,0.21,0.0,1,1,0,1,0,0,1,0
1,0,1,1,61.0,1,0,0,1,1,1,1,1,0,103.9,6.0,198.0,1.0,160.0,0.0,0.0,0.0,0.0,0.0,0.0,1,0,0.0,0.0,0.0,25.83,105.72377049180328,12.36,6.0,5,0,1,1,0,1,0,0
0,0,0,0,39.0,1,0,0,0,0,0,0,0,0,20.7,0.0,0.0,0.0,365.0,0.0,0.0,0.0,0.0,0.0,0.0,3,0,0.0,0.0,0.0,72.21,19.55,-0.37,0.0,0,0,2,0,1,1,0,0
1,0,0,0,55.0,1,1,0,0,0,0,1,1,1,96.8,0.0,0.0,0.0,365.0,0.0,0.0,0.0,0.0,0.0,0.0,2,0,0.0,0.0,0.0,71.65,96.07181818181817,5.26,0.0,2,1,0,1,0,0,1,0
0,0,0,0,17.0,1,1,1,1,0,0,1,0,1,94.4,0.0,0.0,0.0,365.0,0.0,0.0,0.0,0.0,0.0,0.0,1,0,0.0,0.0,0.0,66.15,95.1470588235294,2.86,0.0,3,1,0,1,0,0,1,0
1,0,0,0,37.0,1,0,0,0,0,0,0,0,0,20.15,6.0,17.0,1.0,92.0,0.0,0.0,0.0,0.0,0.0,0.0,2,0,0.0,0.0,0.0,75.54,21.236486486486488,-0.92,6.0,0,0,1,0,1,1,0,0
0,0,1,0,72.0,1,1,0,0,0,0,0,0,1,26.0,5.0,113.0,1.0,28.0,0.0,0.0,0.0,0.0,0.0,0.0,2,1,0.5,8.3,16.6,45.3,24.666666666666668,4.93,5.0,0,1,2,0,1,0,0,1
1,1,1,0,72.0,1,1,0,1,1,1,1,0,0,77.35,0.0,0.0,0.0,365.0,0.0,0.0,0.0,0.0,0.0,0.0,1,1,1.0,17.94,17.94,63.68,74.94791666666667,19.29,0.0,4,1,2,0,0,1,0,0
0,0,0,0,8.0,1,0,1,0,0,1,0,1,0,66.05,0.0,0.0,0.0,365.0,1.0,1.3,1.3,0.0,1.0,0.0,1,0,0.0,0.0,0.0,74.63,71.8125,7.99,0.0,3,2,0,0,0,0,0,0
0,0,1,1,22.0,1,0,0,0,0,0,0,0,0,19.9,0.0,0.0,0.0,365.0,1.0,4.7,4.7,0.0,0.0,0.0,3,0,0.0,0.0,0.0,26.72,18.195454545454545,-1.17,0.0,0,1,0,0,1,0,0,1
0,0,0,0,1.0,1,0,0,1,0,0,1,0,0,84.3,0.0,0.0,0.0,365.0,0.0,0.0,0.0,0.0,0.0,0.0,1,0,0.0,0.0,0.0,78.85,84.3,-7.24,0.0,2,2,0,1,0,0,1,0
0,0,0,0,38.0,1,1,0,1,0,1,0,1,0,68.15,7.0,142.5,2.0,196.0,0.0,0.0,0.0,0.0,0.0,0.0,2,0,0.0,0.0,0.0,58.43,69.90263157894738,10.09,3.5,3,1,0,0,0,1,0,0
1,0,0,1,17.0,1,0,0,1,1,1,1,1,0,80.85,0.0,0.0,0.0,365.0,0.0,0.0,0.0,0.0,0.0,0.0,2,1,0.5,11.66,23.33,56.64,85.05588235294118,22.79,0.0,5,1,1,0,0,0,1,0
0,1,0,0,70.0,1,1,0,1,1,1,1,0,1,75.5,0.0,0.0,0.0,365.0,0.0,0.0,0.0,0.0,0.0,0.0,1,0,0.0,0.0,0.0,83.94,74.46642857142857,17.44,0.0,4,0,2,0,0,0,0,0
0,1,1,1,72.0,1,1,1,1,1,1,1,1,0,92.45,0.0,0.0,0.0,365.0,0.0,0.0,0.0,0.0,0.0,0.0,2,0,0.0,0.0,0.0,45.8,89.44791666666667,34.39,0.0,6,0,2,0,0,1,0,0
0,0,0,0,28.0,1,0,0,0,0,0,0,1,1,80.6,7.0,20.0,1.0,37.0,1.0,24.5,24.5,0.0,1.0,0.0,3,0,0.0,0.0,0.0,67.89,80.17678571428571,-10.94,7.0,1,1,0,1,0,0,1,0
0,0,0,0,15.0,1,0,0,1,0,0,1,0,1,83.2,4.0,10.0,1.0,200.0,0.0,0.0,0.0,0.0,0.0,0.0,1,1,1.0,41.72,41.72,91.87,75.33333333333333,-8.34,4.0,2,2,0,1,0,0,0,0
1,0,1,1,72.0,1,1,1,1,1,1,1,1,1,87.55,0.0,0.0,0.0,365.0,0.0,0.0,0.0,0.0,0.0,0.0,1,1,1.0,19.58,19.58,52.23,89.76597222222222,29.49,0.0,6,1,2,0,0,0,0,0
0,1,1,0,11.0,1,1,0,0,1,0,1,1,1,99.55,0.0,0.0,0.0,365.0,0.0,0.0,0.0,0.0,0.0,0.0,2,0,0.0,0.0,0.0,41.61,102.83636363636364,8.01,0.0,3,2,0,1,0,0,1,0
1,1,0,0,8.0,1,1,0,0,1,0,0,0,1,81.25,0.0,0.0,0.0,365.0,0.0,0.0,0.0,0.0,0.0,0.0,2,0,0.0,0.0,0.0,56.18,73.24375,-10.29,0.0,1,2,0,1,0,0,1,0
0,0,1,0,57.0,1,1,0,1,1,1,1,1,1,109.4,0.0,0.0,0.0,365.0,0.0,0.0,0.0,0.0,0.0,0.0,1,0,0.0,0.0,0.0,88.88,109.69649122807017,17.86,0.0,5,0,1,1,0,0,0,0
1,0,1,1,1.0,1,0,0,0,0,0,0,0,0,19.95,0.0,0.0,0.0,365.0,0.0,0.0,0.0,0.0,0.0,0.0,1,0,0.0,0.0,0.0,21.3,19.95,-1.12,0.0,0,2,0,0,1,0,0,0
0,0,1,0,46.0,0,0,1,1,0,0,1,0,0,45.55,12.0,93.0,2.0,53.0,0.0,0.0,0.0,0.0,0.0,0.0,2,0,0.0,0.0,0.0,58.31,44.82934782608696,-12.51,6.0,3,1,0,0,0,0,1,0
1,0,1,0,30.0,1,0,0,0,0,0,0,0,0,20.7,0.0,0.0,0.0,365.0,0.0,0.0,0.0,0.0,0.0,0.0,3,0,0.0,0.0,0.0,79.93,19.57,-0.37,0.0,0,0,1,0,1,1,0,0
1,1,1,0,10.0,1,0,1,0,0,0,0,0,0,75.3,0.0,0.0,0.0,365.0,0.0,0.0,0.0,0.0,0.0,0.0,1,1,1.0,26.86,26.86,54.32,72.045,-16.24,0.0,1,3,0,1,0,0,1,0
1,0,1,0,23.0,1,1,1,1,1,0,1,0,1,99.25,0.0,0.0,0.0,365.0,1.0,59.4,59.4,0.0,1.0,0.0,1,0,0.0,0.0,0.0,87.89,95.0608695652174,7.71,0.0,4,1,0,1,0,0,1,0
1,0,0,0,32.0,1,0,1,1,1,0,0,1,1,93.4,0.0,0.0,0.0,365.0,0.0,0.0,0.0,0.0,0.0,0.0,3,0,0.0,0.0,0.0,96.78,93.103125,1.86,0.0,4,1,0,1,0,1,0,0
1,0,0,0,13.0,1,0,1,0,0,0,0,0,1,73.75,6.0,76.0,1.0,351.0,1.0,10.7,10.7,1.0,0.0,1.0,2,0,0.0,0.0,0.0,45.8,73.58846153846153,-17.79,6.0,1,1,0,1,0,1,0,0
0,0,0,0,64.0,1,0,0,0,1,1,0,0,1,80.45,7.0,269.0,1.0,41.0,0.0,0.0,0.0,0.0,0.0,0.0,3,1,0.33,3.2,9.61,69.79,50.02421875,-11.09,7.0,2,1,2,1,0,0,1,0
0,0,0,0,44.0,1,0,0,1,1,0,1,0,1,88.15,10.0,65.0,1.0,319.0,0.0,0.0,0.0,0.0,0.0,0.0,3,1,0.33,4.16,12.48,75.29,90.3,-3.39,10.0,3,2,0,1,0,1,0,0
1,1,0,0,9.0,1,0,0,0,0,1,0,0,0,49.2,0.0,0.0,0.0,365.0,0.0,0.0,0.0,0.0,0.0,0.0,2,0,0.0,0.0,0.0,65.34,49.766666666666666,-8.86,0.0,1,2,0,0,0,0,0,1
0,0,1,0,67.0,1,0,0,0,0,0,0,0,0,19.65,0.0,0.0,0.0,365.0,0.0,0.0,0.0,0.0,0.0,0.0,3,0,0.0,0.0,0.0,51.2,19.928358208955224,-1.42,0.0,0,0,2,0,1,0,0,1
1,0,1,1,9.0,1,1,0,0,1,0,0,0,1,79.35,0.0,0.0,0.0,365.0,0.0,0.0,0.0,0.0,0.0,0.0,2,0,0.0,0.0,0.0,73.82,73.47222222222223,-12.19,0.0,1,2,0,1,0,0,0,0
0,0,0,0,15.0,1,1,0,1,0,0,0,0,1,79.75,0.0,0.0,0.0,365.0,0.0,0.0,0.0,0.0,0.0,0.0,2,0,0.0,0.0,0.0,67.18,74.12333333333332,-11.79,0.0,1,1,0,1,0,0,1,0
0,0,1,0,71.0,1,1,0,1,1,0,1,1,1,105.15,3.0,279.5,2.0,21.0,0.0,0.0,0.0,0.0,0.0,0.0,3,0,0.0,0.0,0.0,67.38,106.40845070422536,13.61,1.5,4,0,2,1,0,0,0,0
1,0,0,0,1.0,1,0,0,0,0,1,0,0,0,49.0,0.0,0.0,0.0,365.0,0.0,0.0,0.0,0.0,0.0,0.0,2,1,0.5,9.64,19.28,96.43,49.0,-9.06,0.0,1,3,0,0,0,1,0,0
0,0,1,1,30.0,1,1,0,0,1,0,1,1,1,100.05,0.0,0.0,0.0,365.0,0.0,0.0,0.0,0.0,0.0,0.0,1,0,0.0,0.0,0.0,108.74,101.53833333333334,8.51,0.0,3,1,0,1,0,0,1,0
1,0,0,0,1.0,1,0,0,0,0,0,0,0,1,69.35,0.0,0.0,0.0,365.0,0.0,0.0,0.0,0.0,0.0,0.0,2,1,0.5,13.94,27.87,54.2,69.35,-22.19,0.0,0,3,0,1,0,0,1,0
1,0,1,0,17.0,0,0,0,1,0,0,1,1,1,49.8,5.0,34.0,1.0,312.0,0.0,0.0,0.0,0.0,0.0,0.0,1,0,0.0,0.0,0.0,118.07,49.19705882352941,-8.26,5.0,3,1,0,0,0,0,0,1
0,0,0,0,3.0,1,0,0,0,0,1,0,1,0,85.8,8.0,64.0,1.0,137.0,0.0,0.0,0.0,0.0,0.0,0.0,3,0,0.0,0.0,0.0,61.48,90.73333333333333,-5.74,8.0,2,2,0,1,0,0,1,0
1,0,1,1,67.0,1,1,1,0,1,0,1,1,1,79.7,2.0,134.0,1.0,72.0,0.0,0.0,0.0,0.0,0.0,0.0,3,1,0.33,4.29,12.86,70.13,79.00597014925373,21.64,2.0,4,1,2,0,0,0,1,0
1,0,0,0,1.0,1,0,0,0,0,0,0,0,0,20.95,0.0,0.0,0.0,365.0,1.0,3.7,3.7,1.0,0.0,1.0,1,0,0.0,0.0,0.0,100.88,20.95,-0.12,0.0,0,2,0,0,1,0,0,0
0,1,0,0,1.0,1,1,0,0,0,0,0,0,0,50.55,5.0,289.0,1.0,11.0,0.0,0.0,0.0,0.0,0.0,0.0,3,1,0.33,12.91,38.72,89.32,50.55,-7.51,5.0,0,3,0,0,0,0,0,1
0,1,1,0,32.0,1,1,0,0,1,0,0,0,0,79.3,5.0,23.0,1.0,128.0,0.0,0.0,0.0,0.0,0.0,0.0,2,0,0.0,0.0,0.0,70.0,80.3125,-12.24,5.0,1,1,0,1,0,0,0,1
1,0,1,1,41.0,1,0,0,0,0,0,0,0,0,19.5,0.0,0.0,0.0,365.0,0.0,0.0,0.0,0.0,0.0,0.0,2,0,0.0,0.0,0.0,77.08,19.46829268292683,-1.57,0.0,0,0,1,0,1,0,0,0
1,0,1,0,1.0,1,0,0,0,0,0,1,0,1,80.55,0.0,0.0,0.0,365.0,0.0,0.0,0.0,0.0,0.0,0.0,3,0,0.0,0.0,0.0,58.66,80.55,-10.99,0.0,1,2,0,1,0,0,1,0
0,0,0,0,1.0,1,0,0,0,0,0,0,0,0,44.15,0.0,0.0,0.0,365.0,0.0,0.0,0.0,0.0,0.0,0.0,2,0,0.0,0.0,0.0,68.05,44.15,-13.91,0.0,0,2,0,0,0,0,0,0
0,0,1,1,12.0,1,1,0,1,1,0,0,0,1,84.5,0.0,0.0,0.0,365.0,0.0,0.0,0.0,0.0,0.0,0.0,1,0,0.0,0.0,0.0,34.04,76.40833333333333,-7.04,0.0,2,1,0,1,0,0,1,0
1,0,1,1,62.0,1,1,1,1,0,0,1,1,1,105.5,6.0,65.0,1.0,31.0,0.0,0.0,0.0,0.0,0.0,0.0,3,1,0.33,7.68,23.05,55.08,104.63225806451612,13.96,6.0,4,2,0,1,0,0,1,0
0,0,0,0,22.0,1,0,0,1,0,0,0,1,1,84.3,0.0,0.0,0.0,365.0,0.0,0.0,0.0,0.0,0.0,0.0,3,0,0.0,0.0,0.0,75.45,84.34772727272728,-7.24,0.0,2,1,0,1,0,0,0,1
0,0,0,1,17.0,1,1,0,1,1,1,0,0,1,92.7,18.0,119.66666666666669,3.0,81.0,0.0,0.0,0.0,0.0,0.0,0.0,3,0,0.0,0.0,0.0,76.15,91.57941176470588,1.16,6.0,3,1,0,1,0,1,0,0
0,0,1,1,72.0,1,1,0,0,0,0,0,0,1,26.25,5.0,34.0,1.0,246.0,1.0,47.6,47.6,1.0,0.0,1.0,3,0,0.0,0.0,0.0,73.83,27.611805555555556,5.18,5.0,0,0,2,0,1,0,0,0
1,0,1,1,56.0,1,1,0,1,0,1,1,0,1,96.95,0.0,0.0,0.0,365.0,0.0,0.0,0.0,0.0,0.0,0.0,2,0,0.0,0.0,0.0,60.16,97.00357142857142,5.41,0.0,3,1,0,1,0,1,0,0
0,0,0,0,9.0,1,0,0,0,0,0,0,0,1,20.45,0.0,0.0,0.0,365.0,0.0,0.0,0.0,0.0,0.0,0.0,3,0,0.0,0.0,0.0,67.34,16.394444444444446,-0.62,0.0,0,2,0,0,1,1,0,0
1,0,1,0,72.0,1,1,1,1,1,1,1,1,1,115.8,0.0,0.0,0.0,365.0,0.0,0.0,0.0,0.0,0.0,0.0,3,0,0.0,0.0,0.0,54.5,117.01249999999999,24.26,0.0,6,0,2,1,0,0,0,0
1,0,0,0,20.0,1,0,1,1,1,1,1,1,1,108.2,0.0,0.0,0.0,365.0,0.0,0.0,0.0,0.0,0.0,0.0,2,0,0.0,0.0,0.0,80.0,110.18499999999999,16.66,0.0,6,1,0,1,0,0,0,0
1,0,1,1,19.0,1,0,0,0,0,0,0,0,0,20.2,0.0,0.0,0.0,365.0,0.0,0.0,0.0,0.0,0.0,0.0,2,0,0.0,0.0,0.0,72.69,20.389473684210525,-0.87,0.0,0,0,2,0,1,0,0,1
1,0,0,0,2.0,1,0,0,0,0,0,0,0,1,67.75,0.0,0.0,0.0,365.0,0.0,0.0,0.0,0.0,0.0,0.0,3,0,0.0,0.0,0.0,45.83,58.325,-23.79,0.0,0,2,0,1,0,0,1,0
1,0,0,0,53.0,0,0,0,0,1,1,1,1,0,54.9,4.0,148.0,1.0,186.0,0.0,0.0,0.0,0.0,0.0,0.0,3,0,0.0,0.0,0.0,68.0,57.466981132075475,-3.16,4.0,4,0,1,0,0,1,0,0
0,1,0,0,27.0,1,1,0,0,0,0,0,1,1,85.25,6.0,54.0,1.0,78.0,0.0,0.0,0.0,0.0,0.0,0.0,1,0,0.0,0.0,0.0,106.12,84.71296296296296,-6.29,6.0,1,1,0,1,0,0,1,0
1,0,0,0,6.0,1,0,0,0,0,0,0,0,0,20.15,0.0,0.0,0.0,365.0,0.0,0.0,0.0,0.0,0.0,0.0,1,0,0.0,0.0,0.0,63.0,21.75,-0.92,0.0,0,2,0,0,1,0,0,0
1,0,1,1,9.0,1,1,0,0,1,0,1,0,1,90.35,0.0,0.0,0.0,365.0,0.0,0.0,0.0,0.0,0.0,0.0,2,1,0.5,11.76,23.52,85.2,85.32222222222222,-1.19,0.0,2,2,1,1,0,0,1,0
0,0,1,1,8.0,1,1,0,1,0,0,0,0,0,55.75,0.0,0.0,0.0,365.0,0.0,0.0,0.0,0.0,0.0,0.0,3,0,0.0,0.0,0.0,66.47,55.85,-2.31,0.0,1,2,0,0,0,0,1,0
0,0,1,1,71.0,1,1,1,1,1,1,1,1,0,114.6,0.0,0.0,0.0,365.0,0.0,0.0,0.0,0.0,0.0,0.0,1,0,0.0,0.0,0.0,104.38,114.08802816901408,23.06,0.0,6,0,2,1,0,0,0,0
0,0,0,0,10.0,1,1,0,1,0,0,0,0,1,80.05,3.0,285.0,1.0,74.0,0.0,0.0,0.0,0.0,0.0,0.0,2,0,0.0,0.0,0.0,62.56,83.07000000000001,-11.49,3.0,1,2,0,1,0,0,0,0
1,0,0,0,1.0,1,0,0,0,0,0,0,0,0,20.0,7.0,193.0,1.0,38.0,0.0,0.0,0.0,0.0,0.0,0.0,1,0,0.0,0.0,0.0,51.69,20.0,-1.07,7.0,0,2,0,0,1,0,0,1
0,0,1,0,71.0,0,0,1,1,1,1,1,1,0,66.8,0.0,0.0,0.0,365.0,0.0,0.0,0.0,0.0,0.0,0.0,3,0,0.0,0.0,0.0,103.14,66.0443661971831,8.74,0.0,6,0,1,0,0,0,0,0
1,0,1,0,68.0,1,0,0,1,0,1,1,1,1,100.3,6.0,224.0,1.0,174.0,0.0,0.0,0.0,0.0,0.0,0.0,1,0,0.0,0.0,0.0,103.89,99.32867647058823,8.76,6.0,4,0,1,1,0,0,1,0
1,0,0,0,34.0,1,1,0,1,0,1,1,1,1,105.35,3.0,209.0,1.0,84.0,0.0,0.0,0.0,0.0,0.0,0.0,1,0,0.0,0.0,0.0,38.38,104.13676470588236,13.81,3.0,4,1,0,1,0,0,1,0
1,0,0,0,26.0,1,0,0,1,1,1,0,0,1,85.2,8.0,133.5,2.0,116.0,0.0,0.0,0.0,0.0,0.0,0.0,1,0,0.0,0.0,0.0,52.48,84.02307692307691,-6.34,4.0,3,0,1,1,0,0,1,0
0,0,0,0,22.0,1,0,1,0,0,0,0,0,1,48.8,0.0,0.0,0.0,365.0,0.0,0.0,0.0,0.0,0.0,0.0,1,0,0.0,0.0,0.0,71.79,47.93636363636363,-9.26,0.0,1,1,0,0,0,1,0,0
1,0,0,0,7.0,1,0,0,0,0,0,0,0,1,18.95,7.0,269.0,1.0,212.0,0.0,0.0,0.0,0.0,0.0,0.0,3,0,0.0,0.0,0.0,67.52,18.650000000000002,-2.12,7.0,0,2,0,0,1,0,0,1
0,0,1,0,20.0,1,0,0,0,0,0,0,0,1,91.75,0.0,0.0,0.0,365.0,0.0,0.0,0.0,0.0,0.0,0.0,1,0,0.0,0.0,0.0,102.97,77.0175,0.21,0.0,0,1,0,1,0,0,0,0
0,0,1,0,60.0,1,1,0,1,1,0,1,1,1,106.15,0.0,0.0,0.0,365.0,0.0,0.0,0.0,0.0,0.0,0.0,3,1,0.33,2.2,6.59,88.21,106.85416666666667,14.61,0.0,4,2,0,1,0,0,1,0
1,0,1,1,72.0,1,0,0,0,0,0,0,0,0,20.55,0.0,0.0,0.0,365.0,0.0,0.0,0.0,0.0,0.0,0.0,3,0,0.0,0.0,0.0,49.61,19.896527777777777,-0.52,0.0,0,0,2,0,1,0,1,0
0,1,1,0,72.0,1,1,0,1,1,0,1,1,1,105.75,5.0,137.0,1.0,278.0,1.0,17.9,17.9,0.0,0.0,0.0,3,0,0.0,0.0,0.0,85.04,105.9701388888889,14.21,5.0,4,0,1,1,0,1,0,0
1,0,0,0,4.0,1,1,0,0,0,0,0,0,0,25.25,0.0,0.0,0.0,365.0,0.0,0.0,0.0,0.0,0.0,0.0,3,0,0.0,0.0,0.0,51.47,25.475,4.18,0.0,0,2,0,0,1,0,0,1
1,0,1,1,16.0,1,0,0,0,0,0,0,0,0,19.75,6.0,260.0,1.0,223.0,0.0,0.0,0.0,0.0,0.0,0.0,1,0,0.0,0.0,0.0,53.17,19.5875,-1.32,6.0,0,1,0,0,1,0,1,0
0,1,1,0,62.0,1,1,1,0,1,0,1,1,1,104.85,5.0,137.0,1.0,164.0,0.0,0.0,0.0,0.0,0.0,0.0,1,0,0.0,0.0,0.0,23.89,101.82096774193548,13.31,5.0,4,0,1,1,0,0,1,0
0,0,0,0,10.0,1,0,0,0,0,1,0,1,1,60.95,13.0,163.33333333333334,3.0,2.0,0.0,0.0,0.0,0.0,0.0,0.0,3,0,0.0,0.0,0.0,88.99,62.955,2.89,4.333,2,2,0,0,0,0,0,1
1,0,0,0,31.0,1,1,0,1,0,0,0,0,1,81.15,0.0,0.0,0.0,365.0,0.0,0.0,0.0,0.0,0.0,0.0,3,1,0.33,4.07,12.2,85.64,85.17903225806452,-10.39,0.0,1,2,0,1,0,0,1,0
0,0,1,0,71.0,1,0,0,0,0,0,0,0,0,19.1,0.0,0.0,0.0,365.0,0.0,0.0,0.0,0.0,0.0,0.0,2,0,0.0,0.0,0.0,33.3,19.330281690140847,-1.97,0.0,0,0,2,0,1,1,0,0
1,0,0,0,58.0,1,0,0,0,0,0,0,0,0,20.8,0.0,0.0,0.0,365.0,0.0,0.0,0.0,0.0,0.0,0.0,1,0,0.0,0.0,0.0,53.22,20.900862068965516,-0.27,0.0,0,0,2,0,1,0,0,1
1,0,1,1,70.0,1,1,1,1,1,1,1,1,1,90.15,0.0,0.0,0.0,365.0,0.0,0.0,0.0,0.0,0.0,0.0,2,0,0.0,0.0,0.0,71.15,89.10071428571429,32.09,0.0,6,0,2,0,0,1,0,0
0,0,1,0,71.0,1,1,1,1,1,1,1,1,0,90.1,0.0,0.0,0.0,365.0,0.0,0.0,0.0,0.0,0.0,0.0,3,0,0.0,0.0,0.0,60.68,88.88591549295774,32.04,0.0,6,0,2,0,0,0,1,0
1,1,0,0,69.0,1,1,1,0,1,1,0,1,0,74.1,0.0,0.0,0.0,365.0,0.0,0.0,0.0,0.0,0.0,0.0,1,0,0.0,0.0,0.0,75.35,72.91304347826087,16.04,0.0,4,0,2,0,0,1,0,0
0,1,0,0,1.0,1,1,0,0,0,0,0,1,1,85.05,6.0,212.0,1.0,75.0,0.0,0.0,0.0,0.0,0.0,0.0,2,0,0.0,0.0,0.0,115.38,85.05,-6.49,6.0,1,2,0,1,0,0,1,0
0,0,1,1,72.0,1,1,1,1,1,1,1,1,1,118.75,0.0,0.0,0.0,365.0,0.0,0.0,0.0,0.0,0.0,0.0,2,1,0.5,21.24,42.48,100.46,120.45069444444445,27.21,0.0,6,1,2,1,0,0,0,0
0,0,1,0,26.0,1,0,0,0,0,1,0,1,0,85.9,5.0,256.0,1.0,30.0,0.0,0.0,0.0,0.0,0.0,0.0,1,0,0.0,0.0,0.0,38.37,84.47884615384615,-5.64,5.0,2,1,0,1,0,1,0,0
0,0,1,0,33.0,1,1,0,0,1,1,0,1,1,95.0,0.0,0.0,0.0,365.0,1.0,80.5,80.5,1.0,0.0,1.0,3,0,0.0,0.0,0.0,95.91,91.1560606060606,3.46,0.0,3,1,0,1,0,1,0,0
0,0,1,1,10.0,1,0,0,0,0,0,0,0,0,20.15,0.0,0.0,0.0,365.0,0.0,0.0,0.0,0.0,0.0,0.0,3,0,0.0,0.0,0.0,47.67,22.080000000000002,-0.92,0.0,0,1,2,0,1,0,0,1
0,1,0,0,57.0,1,1,1,0,1,1,0,1,0,101.3,0.0,0.0,0.0,365.0,0.0,0.0,0.0,0.0,0.0,0.0,3,0,0.0,0.0,0.0,49.48,101.39649122807018,9.76,0.0,4,0,2,1,0,1,0,0
0,0,0,0,10.0,1,0,0,0,0,0,0,0,1,21.2,0.0,0.0,0.0,365.0,0.0,0.0,0.0,0.0,0.0,0.0,3,1,0.33,5.8,17.41,84.15,22.265,0.13,0.0,0,3,0,0,1,0,1,0
0,0,1,1,39.0,1,1,0,0,0,0,0,0,1,24.2,0.0,0.0,0.0,365.0,0.0,0.0,0.0,0.0,0.0,0.0,3,0,0.0,0.0,0.0,70.08,23.451282051282053,3.13,0.0,0,0,1,0,1,0,0,1
0,0,0,0,11.0,1,0,0,0,0,0,0,0,0,20.3,0.0,0.0,0.0,365.0,0.0,0.0,0.0,0.0,0.0,0.0,3,0,0.0,0.0,0.0,51.86,22.39090909090909,-0.77,0.0,0,2,0,0,1,0,0,0
0,0,1,1,21.0,1,0,0,1,1,1,1,1,1,102.8,0.0,0.0,0.0,365.0,0.0,0.0,0.0,0.0,0.0,0.0,1,0,0.0,0.0,0.0,58.99,100.48333333333333,11.26,0.0,5,1,0,1,0,0,1,0
0,0,1,1,68.0,1,1,0,1,1,1,1,1,0,85.3,0.0,0.0,0.0,365.0,0.0,0.0,0.0,0.0,0.0,0.0,1,0,0.0,0.0,0.0,28.09,81.76470588235294,27.24,0.0,5,0,2,0,0,0,0,0
1,0,0,0,18.0,1,1,0,0,1,0,1,0,1,89.6,0.0,0.0,0.0,365.0,0.0,0.0,0.0,0.0,0.0,0.0,1,0,0.0,0.0,0.0,60.35,90.72222222222223,-1.94,0.0,2,0,1,1,0,1,0,0
0,0,0,0,6.0,1,0,0,0,1,1,1,1,1,99.95,0.0,0.0,0.0,365.0,0.0,0.0,0.0,0.0,0.0,0.0,2,0,0.0,0.0,0.0,74.06,91.27499999999999,8.41,0.0,4,2,0,1,0,0,0,1
1,0,0,0,18.0,1,1,1,0,0,0,0,0,0,56.25,0.0,0.0,0.0,365.0,0.0,0.0,0.0,0.0,0.0,0.0,1,1,1.0,40.68,40.68,88.54,53.88055555555556,-1.81,0.0,1,2,0,0,0,0,0,1
0,0,1,1,52.0,1,0,0,0,1,0,0,0,1,50.95,0.0,0.0,0.0,365.0,0.0,0.0,0.0,0.0,0.0,0.0,2,0,0.0,0.0,0.0,51.61,50.204807692307696,-7.11,0.0,1,0,1,0,0,0,0,0
1,0,1,1,56.0,1,1,1,1,1,1,1,1,0,115.85,0.0,0.0,0.0,365.0,0.0,0.0,0.0,0.0,0.0,0.0,3,1,0.33,8.26,24.78,51.62,117.28392857142856,24.31,0.0,6,1,2,1,0,0,0,1
1,0,0,0,45.0,1,1,0,0,1,1,1,1,1,103.65,0.0,0.0,0.0,365.0,0.0,0.0,0.0,0.0,0.0,0.0,1,0,0.0,0.0,0.0,32.38,105.50777777777779,12.11,0.0,4,1,0,1,0,0,0,0
0,0,0,0,67.0,1,1,0,0,0,0,0,0,1,26.1,0.0,0.0,0.0,365.0,0.0,0.0,0.0,0.0,0.0,0.0,2,0,0.0,0.0,0.0,75.87,26.26194029850746,5.03,0.0,0,0,2,0,1,0,0,1
1,0,1,0,3.0,0,0,1,0,0,1,0,0,0,35.1,5.0,132.0,1.0,291.0,0.0,0.0,0.0,0.0,0.0,0.0,1,0,0.0,0.0,0.0,39.91,33.699999999999996,-22.96,5.0,2,2,0,0,0,0,0,1
1,1,0,0,65.0,1,0,0,1,1,0,1,1,1,99.1,6.0,192.0,1.0,111.0,0.0,0.0,0.0,0.0,0.0,0.0,2,0,0.0,0.0,0.0,90.24,99.94076923076922,7.56,6.0,4,1,0,1,0,0,0,0
1,0,1,0,63.0,1,1,0,1,0,1,0,1,0,67.25,0.0,0.0,0.0,365.0,0.0,0.0,0.0,0.0,0.0,0.0,2,0,0.0,0.0,0.0,39.2,67.20873015873015,9.19,0.0,3,0,2,0,0,0,0,1
0,0,1,1,11.0,1,1,0,0,0,0,0,0,0,25.0,0.0,0.0,0.0,365.0,0.0,0.0,0.0,0.0,0.0,0.0,1,0,0.0,0.0,0.0,61.86,27.336363636363636,3.93,0.0,0,1,2,0,1,0,0,1
1,0,0,1,1.0,1,0,0,0,0,1,0,1,1,59.55,0.0,0.0,0.0,365.0,0.0,0.0,0.0,0.0,0.0,0.0,3,0,0.0,0.0,0.0,69.69,59.55,1.49,0.0,2,2,0,0,0,0,0,1
1,0,0,0,64.0,1,1,0,0,1,0,1,1,1,77.8,0.0,0.0,0.0,365.0,1.0,93.9,93.9,1.0,0.0,1.0,1,0,0.0,0.0,0.0,27.47,67.55234375,19.74,0.0,3,0,2,0,0,0,0,0
1,0,1,1,25.0,1,1,0,0,0,1,0,0,1,55.1,0.0,0.0,0.0,365.0,2.0,26.45,30.0,0.0,1.0,0.0,3,0,0.0,0.0,0.0,68.41,58.644,-2.96,0.0,1,0,1,0,0,0,0,1
1,0,1,0,72.0,1,1,1,1,1,1,1,1,1,117.8,5.0,84.0,1.0,218.0,0.0,0.0,0.0,0.0,0.0,0.0,2,0,0.0,0.0,0.0,67.32,120.6222222222222,26.26,5.0,6,0,1,1,0,0,0,0
0,0,1,0,72.0,1,1,0,0,0,0,0,0,1,24.15,4.0,244.0,1.0,126.0,0.0,0.0,0.0,0.0,0.0,0.0,1,0,0.0,0.0,0.0,101.77,24.672916666666666,3.08,4.0,0,0,2,0,1,1,0,0
0,0,0,1,65.0,0,0,0,1,0,1,1,0,0,45.25,0.0,0.0,0.0,365.0,0.0,0.0,0.0,0.0,0.0,0.0,3,1,0.33,8.28,24.83,51.26,45.137692307692305,-12.81,0.0,3,1,2,0,0,0,0,1
0,1,0,0,54.0,1,1,0,1,0,0,0,0,1,79.5,0.0,0.0,0.0,365.0,2.0,56.45,97.0,1.0,1.0,0.5,3,1,0.33,10.64,31.92,47.73,80.93055555555556,-12.04,0.0,1,2,0,1,0,0,1,0
1,0,1,1,7.0,1,0,0,0,0,0,0,0,0,20.25,0.0,0.0,0.0,365.0,0.0,0.0,0.0,0.0,0.0,0.0,2,0,0.0,0.0,0.0,35.82,20.62142857142857,-0.82,0.0,0,2,0,0,1,0,0,1
0,0,1,0,72.0,1,1,1,1,0,1,0,0,0,64.75,0.0,0.0,0.0,365.0,0.0,0.0,0.0,0.0,0.0,0.0,1,1,1.0,16.85,16.85,92.13,66.73263888888889,6.69,0.0,3,1,2,0,0,0,0,0
1,0,1,0,21.0,1,0,0,0,0,0,1,0,0,54.6,0.0,0.0,0.0,365.0,1.0,45.6,45.6,0.0,1.0,0.0,1,1,1.0,32.95,32.95,81.63,53.58095238095238,-3.46,0.0,1,2,0,0,0,0,0,0
0,0,0,0,2.0,1,0,0,0,0,0,0,0,1,20.7,4.0,157.0,1.0,138.0,0.0,0.0,0.0,0.0,0.0,0.0,3,0,0.0,0.0,0.0,48.18,19.925,-0.37,4.0,0,2,0,0,1,0,0,0
1,1,0,0,4.0,1,0,0,0,1,0,1,1,1,94.75,8.0,103.0,1.0,145.0,1.0,32.0,32.0,0.0,1.0,0.0,3,0,0.0,0.0,0.0,71.29,105.6,3.21,8.0,3,2,0,1,0,0,1,0
1,0,1,0,3.0,1,1,0,0,0,1,0,0,1,79.65,6.0,100.0,1.0,288.0,0.0,0.0,0.0,0.0,0.0,0.0,2,1,0.5,4.31,8.62,63.05,83.91666666666667,-11.89,6.0,1,3,0,1,0,0,0,0
1,0,1,0,72.0,1,1,1,1,1,1,1,1,0,115.8,0.0,0.0,0.0,365.0,0.0,0.0,0.0,0.0,0.0,0.0,3,0,0.0,0.0,0.0,88.0,115.72430555555555,24.26,0.0,6,0,2,1,0,1,0,0
0,0,0,0,6.0,1,0,1,0,0,0,0,0,1,49.45,0.0,0.0,0.0,365.0,0.0,0.0,0.0,0.0,0.0,0.0,2,1,0.5,10.01,20.01,41.78,52.43333333333334,-8.61,0.0,1,3,0,0,0,0,1,0
1,0,0,0,52.0,1,0,0,0,1,0,0,1,1,83.8,0.0,0.0,0.0,365.0,0.0,0.0,0.0,0.0,0.0,0.0,1,0,0.0,0.0,0.0,86.77,83.29615384615384,-7.74,0.0,2,1,0,1,0,1,0,0
1,1,1,0,69.0,1,1,0,1,1,0,0,1,1,95.35,0.0,0.0,0.0,365.0,0.0,0.0,0.0,0.0,0.0,0.0,1,0,0.0,0.0,0.0,103.56,92.4927536231884,3.81,0.0,3,1,0,1,0,0,0,0
1,0,0,0,8.0,1,0,0,0,1,0,1,1,1,94.7,0.0,0.0,0.0,365.0,0.0,0.0,0.0,0.0,0.0,0.0,2,0,0.0,0.0,0.0,36.12,92.5375,3.16,0.0,3,2,0,1,0,0,1,0
0,1,0,0,8.0,1,0,0,0,1,0,0,0,1,74.05,0.0,0.0,0.0,365.0,0.0,0.0,0.0,0.0,0.0,0.0,3,0,0.0,0.0,0.0,59.74,75.01875,-17.49,0.0,1,2,0,1,0,0,0,0
0,1,0,0,63.0,1,1,0,0,1,0,0,1,1,89.6,3.0,193.0,1.0,365.0,1.0,12.7,12.7,0.0,1.0,0.0,2,0,0.0,0.0,0.0,89.14,87.91746031746032,-1.94,3.0,2,1,0,1,0,0,0,0
1,0,0,0,60.0,1,1,1,1,1,1,1,1,1,116.6,0.0,0.0,0.0,365.0,0.0,0.0,0.0,0.0,0.0,0.0,2,0,0.0,0.0,0.0,71.78,117.49166666666666,25.06,0.0,6,0,1,1,0,1,0,0
0,0,1,0,12.0,1,0,1,0,0,1,0,0,0,54.2,0.0,0.0,0.0,365.0,0.0,0.0,0.0,0.0,0.0,0.0,2,0,0.0,0.0,0.0,97.19,57.541666666666664,-3.86,0.0,2,1,0,0,0,0,0,0
0,0,0,0,13.0,1,0,0,0,0,0,0,0,1,19.3,0.0,0.0,0.0,365.0,0.0,0.0,0.0,0.0,0.0,0.0,2,0,0.0,0.0,0.0,64.04,21.484615384615385,-1.77,0.0,0,1,0,0,1,0,0,1
1,0,0,0,22.0,1,1,1,1,1,0,0,0,0,65.05,0.0,0.0,0.0,365.0,0.0,0.0,0.0,0.0,0.0,0.0,1,0,0.0,0.0,0.0,77.1,64.88863636363637,6.99,0.0,3,1,0,0,0,0,0,1
1,0,0,0,12.0,1,1,0,0,1,0,1,0,1,92.5,0.0,0.0,0.0,365.0,0.0,0.0,0.0,0.0,0.0,0.0,2,1,0.5,3.65,7.3,44.46,37.725,0.96,0.0,2,2,0,1,0,0,1,0
0,0,1,1,1.0,1,0,0,0,0,0,0,0,0,19.45,0.0,0.0,0.0,365.0,0.0,0.0,0.0,0.0,0.0,0.0,1,0,0.0,0.0,0.0,91.96,19.45,-1.62,0.0,0,2,0,0,1,0,0,1
0,0,1,1,72.0,1,1,0,0,0,0,0,0,1,24.05,0.0,0.0,0.0,365.0,0.0,0.0,0.0,0.0,0.0,0.0,2,1,0.5,1.63,3.26,68.37,23.738194444444446,2.98,0.0,0,1,2,0,1,0,0,0
0,0,0,0,2.0,1,0,0,0,0,0,0,0,0,18.75,0.0,0.0,0.0,365.0,1.0,16.4,16.4,0.0,0.0,0.0,1,0,0.0,0.0,0.0,63.39,26.575,-2.32,0.0,0,2,0,0,1,0,0,0
0,0,1,1,40.0,1,0,0,0,0,0,0,0,0,20.15,6.0,214.0,1.0,183.0,0.0,0.0,0.0,0.0,0.0,0.0,3,0,0.0,0.0,0.0,56.51,19.43375,-0.92,6.0,0,0,2,0,1,0,0,0
1,0,1,1,44.0,1,0,0,0,0,0,0,0,0,20.0,0.0,0.0,0.0,365.0,0.0,0.0,0.0,0.0,0.0,0.0,1,0,0.0,0.0,0.0,64.18,19.56477272727273,-1.07,0.0,0,0,1,0,1,0,0,0
1,1,1,0,71.0,1,0,1,1,0,1,1,0,1,71.0,4.0,170.0,1.0,76.0,1.0,10.0,10.0,1.0,0.0,1.0,1,0,0.0,0.0,0.0,84.12,70.59295774647887,12.94,4.0,4,0,1,0,0,0,0,0
0,0,0,0,2.0,1,1,0,0,0,0,0,0,1,75.55,0.0,0.0,0.0,365.0,0.0,0.0,0.0,0.0,0.0,0.0,2,0,0.0,0.0,0.0,81.68,83.15,-15.99,0.0,0,2,0,1,0,0,1,0
1,1,0,0,26.0,1,1,0,0,0,0,1,1,1,93.6,0.0,0.0,0.0,365.0,0.0,0.0,0.0,0.0,0.0,0.0,2,2,1.0,11.61,16.9,68.27,92.46538461538461,2.06,0.0,2,2,0,1,0,0,1,0
1,0,1,1,12.0,1,0,0,0,0,0,0,0,1,70.0,0.0,0.0,0.0,365.0,0.0,0.0,0.0,0.0,0.0,0.0,1,0,0.0,0.0,0.0,57.34,5.833333333333333,-21.54,0.0,0,1,0,1,0,0,1,0
0,0,0,0,1.0,0,0,0,0,0,0,0,0,0,24.4,0.0,0.0,0.0,365.0,0.0,0.0,0.0,0.0,0.0,0.0,1,0,0.0,0.0,0.0,112.49,24.4,-33.66,0.0,0,2,0,0,0,0,0,1
1,0,1,1,65.0,1,0,1,0,0,1,1,1,1,74.8,0.0,0.0,0.0,365.0,0.0,0.0,0.0,0.0,0.0,0.0,1,0,0.0,0.0,0.0,102.25,74.15615384615384,16.74,0.0,4,0,2,0,0,0,0,0
1,0,0,0,3.0,1,1,0,0,0,1,1,0,1,65.25,0.0,0.0,0.0,365.0,0.0,0.0,0.0,0.0,0.0,0.0,2,0,0.0,0.0,0.0,74.9,69.96666666666667,7.19,0.0,2,2,0,0,0,0,0,1
1,0,0,0,13.0,1,0,0,0,0,1,0,0,1,50.55,0.0,0.0,0.0,365.0,0.0,0.0,0.0,0.0,0.0,0.0,2,0,0.0,0.0,0.0,66.22,46.98076923076923,-7.51,0.0,1,1,0,0,0,0,0,1
0,0,1,0,12.0,1,1,0,1,1,0,1,1,1,104.4,0.0,0.0,0.0,365.0,0.0,0.0,0.0,0.0,0.0,0.0,1,0,0.0,0.0,0.0,91.0,284.1333333333333,12.86,0.0,4,1,0,1,0,0,1,0
0,0,0,0,1.0,1,0,0,0,0,0,0,0,1,70.7,0.0,0.0,0.0,365.0,0.0,0.0,0.0,0.0,0.0,0.0,3,0,0.0,0.0,0.0,85.54,70.7,-20.84,0.0,0,2,0,1,0,0,0,1
1,0,1,1,4.0,1,0,0,0,0,0,0,0,0,45.25,0.0,0.0,0.0,365.0,0.0,0.0,0.0,0.0,0.0,0.0,3,0,0.0,0.0,0.0,54.11,38.8375,-12.81,0.0,0,2,0,0,0,0,0,1
1,0,0,0,2.0,1,0,0,0,0,0,0,0,1,70.3,2.0,133.0,1.0,281.0,0.0,0.0,0.0,0.0,0.0,0.0,2,1,0.5,16.8,33.6,87.22,72.0,-21.24,2.0,0,3,0,1,0,0,1,0
1,0,1,0,72.0,1,1,1,1,0,1,1,1,1,108.95,0.0,0.0,0.0,365.0,0.0,0.0,0.0,0.0,0.0,0.0,3,0,0.0,0.0,0.0,31.6,109.375,17.41,0.0,5,0,2,1,0,1,0,0
0,0,1,1,37.0,1,1,0,0,0,0,0,0,0,26.45,0.0,0.0,0.0,365.0,0.0,0.0,0.0,0.0,0.0,0.0,1,0,0.0,0.0,0.0,29.74,24.63783783783784,5.38,0.0,0,1,0,0,1,0,0,1
0,0,0,0,15.0,1,0,1,0,0,0,1,0,0,86.2,0.0,0.0,0.0,365.0,0.0,0.0,0.0,0.0,0.0,0.0,3,0,0.0,0.0,0.0,81.28,84.68,-5.34,0.0,2,1,0,1,0,0,1,0
0,0,0,0,44.0,1,0,0,0,0,0,0,0,1,19.65,4.0,254.0,1.0,172.0,0.0,0.0,0.0,0.0,0.0,0.0,1,1,1.0,27.92,27.92,83.87,10.865909090909092,-1.42,4.0,0,1,1,0,1,1,0,0
0,0,1,1,30.0,0,0,0,0,0,1,1,1,0,51.2,3.0,44.0,1.0,199.0,0.0,0.0,0.0,0.0,0.0,0.0,2,0,0.0,0.0,0.0,50.92,52.05,-6.86,3.0,3,1,0,0,0,1,0,0
0,0,1,1,42.0,1,0,0,0,0,0,0,0,1,19.05,0.0,0.0,0.0,365.0,0.0,0.0,0.0,0.0,0.0,0.0,1,0,0.0,0.0,0.0,51.55,18.139285714285716,-2.02,0.0,0,0,1,0,1,0,1,0
0,0,0,0,32.0,1,1,1,0,0,0,1,1,0,74.75,7.0,267.5,2.0,274.0,1.0,14.6,14.6,1.0,0.0,1.0,2,0,0.0,0.0,0.0,75.56,71.3421875,16.69,3.5,3,0,1,0,0,0,0,1
0,0,1,1,22.0,1,1,0,0,0,0,0,0,1,75.8,0.0,0.0,0.0,365.0,0.0,0.0,0.0,0.0,0.0,0.0,3,1,0.33,8.36,25.08,96.41,73.41363636363636,-15.74,0.0,0,2,0,1,0,0,0,0
1,0,1,0,42.0,0,0,0,0,0,0,0,0,1,25.1,5.0,87.0,1.0,216.0,0.0,0.0,0.0,0.0,0.0,0.0,2,1,0.5,7.22,14.45,70.26,26.12261904761905,-32.96,5.0,0,2,0,0,0,1,0,0
0,0,0,0,8.0,1,0,0,0,0,0,0,0,0,44.45,5.0,7.0,1.0,183.0,0.0,0.0,0.0,0.0,0.0,0.0,3,0,0.0,0.0,0.0,62.92,46.1625,-13.61,5.0,0,2,0,0,0,0,0,1
0,0,1,1,65.0,1,1,1,0,1,0,1,1,1,104.3,0.0,0.0,0.0,365.0,0.0,0.0,0.0,0.0,0.0,0.0,1,0,0.0,0.0,0.0,65.56,103.46615384615384,12.76,0.0,4,0,2,1,0,1,0,0
0,0,0,0,12.0,1,0,0,0,0,0,0,0,0,19.5,4.0,207.0,1.0,99.0,0.0,0.0,0.0,0.0,0.0,0.0,1,0,0.0,0.0,0.0,112.37,2.629166666666667,-1.57,4.0,0,1,0,0,1,0,0,1
0,0,1,1,70.0,1,1,1,1,1,1,1,1,1,89.0,18.0,179.5,2.0,66.0,0.0,0.0,0.0,0.0,0.0,0.0,2,0,0.0,0.0,0.0,76.43,89.90285714285714,30.94,9.0,6,0,2,0,0,0,0,0
1,0,0,1,22.0,1,0,0,0,0,0,0,0,0,20.15,0.0,0.0,0.0,365.0,0.0,0.0,0.0,0.0,0.0,0.0,2,0,0.0,0.0,0.0,27.08,19.65909090909091,-0.92,0.0,0,1,0,0,1,1,0,0
0,1,0,0,4.0,1,1,0,0,0,0,0,0,1,74.9,0.0,0.0,0.0,365.0,0.0,0.0,0.0,0.0,0.0,0.0,1,0,0.0,0.0,0.0,100.4,80.4375,-16.64,0.0,0,2,0,1,0,0,1,0
0,0,0,0,2.0,1,1,0,0,0,0,0,0,0,74.9,4.0,174.0,1.0,179.0,0.0,0.0,0.0,0.0,0.0,0.0,3,0,0.0,0.0,0.0,70.1,73.575,-16.64,4.0,0,2,0,1,0,1,0,0
0,0,1,1,67.0,0,0,1,1,0,0,0,0,0,36.15,5.0,98.0,1.0,355.0,0.0,0.0,0.0,0.0,0.0,0.0,2,1,0.5,11.26,22.53,48.33,36.33507462686567,-21.91,5.0,2,1,2,0,0,0,0,0
0,0,0,0,25.0,1,0,0,0,0,0,0,0,1,19.2,0.0,0.0,0.0,365.0,0.0,0.0,0.0,0.0,0.0,0.0,2,0,0.0,0.0,0.0,76.77,21.284000000000002,-1.87,0.0,0,1,0,0,1,1,0,0
0,0,1,0,20.0,1,0,0,0,0,0,0,0,0,19.25,0.0,0.0,0.0,365.0,0.0,0.0,0.0,0.0,0.0,0.0,3,2,0.67,9.59,21.02,60.06,18.7625,-1.82,0.0,0,2,0,0,1,0,0,0
0,0,0,1,2.0,1,0,1,0,0,0,0,1,1,61.2,0.0,0.0,0.0,365.0,0.0,0.0,0.0,0.0,0.0,0.0,2,0,0.0,0.0,0.0,65.8,62.975,3.14,0.0,2,2,0,0,0,1,0,0
1,0,0,0,51.0,1,0,0,0,0,0,0,0,0,20.45,5.0,165.0,1.0,297.0,0.0,0.0,0.0,0.0,0.0,0.0,1,0,0.0,0.0,0.0,85.32,20.444117647058825,-0.62,5.0,0,0,2,0,1,0,0,1
0,0,1,1,46.0,0,0,1,1,0,0,0,0,0,35.05,5.0,153.0,1.0,36.0,1.0,2.5,2.5,1.0,0.0,1.0,2,1,0.5,6.64,13.27,85.62,35.22282608695652,-23.01,5.0,2,2,0,0,0,0,0,0
0,0,0,0,25.0,1,1,0,1,0,0,1,1,1,100.25,14.0,71.5,2.0,102.0,0.0,0.0,0.0,0.0,0.0,0.0,1,0,0.0,0.0,0.0,88.74,95.51,8.71,7.0,3,1,0,1,0,0,1,0
1,0,0,1,12.0,1,0,0,0,0,0,0,0,0,44.0,0.0,0.0,0.0,365.0,0.0,0.0,0.0,0.0,0.0,0.0,1,1,1.0,1.39,1.39,26.13,54.94583333333333,-14.06,0.0,0,2,0,0,0,0,0,1
0,1,0,0,25.0,1,1,1,1,0,0,1,1,1,102.8,0.0,0.0,0.0,365.0,0.0,0.0,0.0,0.0,0.0,0.0,1,1,1.0,7.6,7.6,36.43,106.40799999999999,11.26,0.0,4,2,0,1,0,0,0,1
1,0,1,1,26.0,1,0,0,0,1,0,0,0,0,50.35,2.0,82.0,1.0,293.0,1.0,5.2,5.2,1.0,0.0,1.0,2,1,0.5,3.22,6.44,102.4,49.45384615384615,-7.71,2.0,1,1,1,0,0,0,0,1
1,0,0,0,43.0,1,1,0,0,0,1,1,1,1,100.0,3.0,235.0,1.0,326.0,1.0,19.6,19.6,0.0,0.0,0.0,3,0,0.0,0.0,0.0,86.5,97.94302325581396,8.46,3.0,3,0,1,1,0,0,1,0
1,0,0,1,19.0,1,0,0,0,0,0,0,0,1,20.0,0.0,0.0,0.0,365.0,0.0,0.0,0.0,0.0,0.0,0.0,3,0,0.0,0.0,0.0,63.99,19.871052631578948,-1.07,0.0,0,1,0,0,1,0,1,0
1,0,1,0,10.0,1,0,0,1,0,1,1,1,1,99.85,6.0,68.0,1.0,323.0,0.0,0.0,0.0,0.0,0.0,0.0,3,0,0.0,0.0,0.0,67.83,99.09,8.31,6.0,4,2,0,1,0,0,1,0
0,0,0,1,2.0,1,1,0,0,0,0,1,1,1,94.2,0.0,0.0,0.0,365.0,0.0,0.0,0.0,0.0,0.0,0.0,3,1,0.33,10.25,30.75,82.41,96.9,2.66,0.0,2,3,0,1,0,0,0,0
0,0,1,0,72.0,1,1,1,1,0,1,1,1,1,86.4,0.0,0.0,0.0,365.0,0.0,0.0,0.0,0.0,0.0,0.0,2,0,0.0,0.0,0.0,53.16,84.15208333333334,28.34,0.0,5,0,2,0,0,0,0,0
1,1,0,0,18.0,1,1,1,1,0,0,0,0,1,58.4,6.0,82.0,1.0,293.0,0.0,0.0,0.0,0.0,0.0,0.0,2,0,0.0,0.0,0.0,67.09,53.605555555555554,0.34,6.0,2,1,0,0,0,1,0,0
1,1,0,0,9.0,1,1,0,0,0,0,0,1,1,83.85,0.0,0.0,0.0,365.0,0.0,0.0,0.0,0.0,0.0,0.0,3,0,0.0,0.0,0.0,100.84,87.79444444444444,-7.69,0.0,1,2,0,1,0,0,1,0
0,1,0,0,27.0,1,1,0,0,1,0,0,1,0,88.3,3.0,216.0,1.0,137.0,0.0,0.0,0.0,0.0,0.0,0.0,2,0,0.0,0.0,0.0,63.76,91.39814814814815,-3.24,3.0,2,1,0,1,0,1,0,0
1,0,0,0,24.0,1,1,0,0,0,0,1,1,1,94.1,0.0,0.0,0.0,365.0,1.0,53.5,53.5,0.0,1.0,0.0,2,0,0.0,0.0,0.0,47.42,96.78541666666666,2.56,0.0,2,1,0,1,0,0,1,0
1,0,0,0,69.0,1,0,0,1,1,1,1,1,1,104.05,0.0,0.0,0.0,365.0,0.0,0.0,0.0,0.0,0.0,0.0,3,0,0.0,0.0,0.0,70.36,105.2463768115942,12.51,0.0,5,0,1,1,0,0,0,0
0,0,1,0,46.0,1,1,0,1,1,1,1,1,1,108.9,0.0,0.0,0.0,365.0,0.0,0.0,0.0,0.0,0.0,0.0,3,1,0.33,4.01,12.04,70.1,105.52826086956522,17.36,0.0,5,1,2,1,0,1,0,0
0,1,0,0,72.0,1,1,1,1,1,1,0,1,1,107.4,0.0,0.0,0.0,365.0,0.0,0.0,0.0,0.0,0.0,0.0,3,0,0.0,0.0,0.0,85.95,107.62152777777777,15.86,0.0,5,0,2,1,0,0,0,0
1,0,1,0,22.0,1,0,0,0,1,0,1,1,1,94.7,5.0,95.0,1.0,16.0,0.0,0.0,0.0,0.0,0.0,0.0,3,2,0.67,22.71,42.74,85.76,87.0409090909091,3.16,5.0,3,2,0,1,0,1,0,0
0,1,1,0,70.0,1,1,1,0,0,0,0,1,1,90.85,0.0,0.0,0.0,365.0,1.0,24.8,24.8,1.0,0.0,1.0,1,0,0.0,0.0,0.0,99.03,92.43,-0.69,0.0,2,1,0,1,0,0,1,0
0,0,0,0,12.0,1,0,0,0,0,0,0,0,0,19.9,0.0,0.0,0.0,365.0,1.0,57.5,57.5,1.0,0.0,1.0,2,0,0.0,0.0,0.0,97.0,4.783333333333333,-1.17,0.0,0,1,0,0,1,0,1,0
1,0,1,0,31.0,1,0,0,0,1,1,0,1,1,66.4,0.0,0.0,0.0,365.0,0.0,0.0,0.0,0.0,0.0,0.0,2,0,0.0,0.0,0.0,72.13,65.15483870967742,8.34,0.0,3,1,0,0,0,1,0,0
0,1,1,0,56.0,1,1,0,0,1,0,1,1,1,100.65,0.0,0.0,0.0,365.0,0.0,0.0,0.0,0.0,0.0,0.0,1,0,0.0,0.0,0.0,93.63,101.57232142857143,9.11,0.0,3,1,0,1,0,0,0,0
0,0,1,1,16.0,1,0,1,0,1,0,1,1,0,100.7,11.0,62.0,2.0,151.0,0.0,0.0,0.0,0.0,0.0,0.0,3,0,0.0,0.0,0.0,39.94,95.16875,9.16,5.5,4,1,0,1,0,0,0,0
1,0,0,1,52.0,1,1,0,0,0,0,0,0,0,25.6,0.0,0.0,0.0,365.0,0.0,0.0,0.0,0.0,0.0,0.0,3,1,0.33,1.09,3.27,79.34,25.66346153846154,4.53,0.0,0,1,2,0,1,1,0,0
1,0,1,1,13.0,1,0,0,0,0,0,0,0,1,19.85,0.0,0.0,0.0,365.0,0.0,0.0,0.0,0.0,0.0,0.0,3,0,0.0,0.0,0.0,79.26,19.384615384615383,-1.22,0.0,0,1,0,0,1,0,0,1
0,0,0,0,35.0,1,0,0,0,0,0,0,0,0,20.75,3.0,160.0,1.0,188.0,0.0,0.0,0.0,0.0,0.0,0.0,1,0,0.0,0.0,0.0,92.68,20.012857142857143,-0.32,3.0,0,0,1,0,1,0,0,1
0,0,0,0,59.0,1,0,0,0,1,0,1,1,0,95.8,3.0,249.0,1.0,191.0,0.0,0.0,0.0,0.0,0.0,0.0,1,0,0.0,0.0,0.0,69.19,95.85508474576271,4.26,3.0,3,0,2,1,0,0,1,0
1,0,1,0,72.0,1,0,0,0,1,0,1,1,1,94.65,0.0,0.0,0.0,365.0,0.0,0.0,0.0,0.0,0.0,0.0,3,1,0.33,5.62,16.85,56.47,93.71319444444445,3.11,0.0,3,2,0,1,0,0,1,0
0,1,1,0,66.0,1,1,0,1,1,0,1,1,1,80.55,0.0,0.0,0.0,365.0,0.0,0.0,0.0,0.0,0.0,0.0,3,0,0.0,0.0,0.0,67.68,79.77424242424243,22.49,0.0,4,0,2,0,0,0,0,0
0,0,1,0,49.0,1,1,1,1,1,1,0,1,0,106.65,0.0,0.0,0.0,365.0,0.0,0.0,0.0,0.0,0.0,0.0,3,0,0.0,0.0,0.0,49.12,105.59897959183674,15.11,0.0,5,0,2,1,0,1,0,0
0,0,0,0,2.0,1,0,0,0,0,0,0,0,1,45.85,7.0,9.0,1.0,66.0,0.0,0.0,0.0,0.0,0.0,0.0,1,0,0.0,0.0,0.0,54.31,52.8,-12.21,7.0,0,2,0,0,0,0,0,1
1,1,0,0,21.0,1,1,0,1,1,0,1,1,1,104.35,0.0,0.0,0.0,365.0,1.0,24.7,24.7,0.0,1.0,0.0,2,0,0.0,0.0,0.0,55.04,108.18333333333332,12.81,0.0,4,1,0,1,0,0,1,0
1,1,0,0,54.0,0,0,0,1,1,0,1,1,1,55.45,0.0,0.0,0.0,365.0,0.0,0.0,0.0,0.0,0.0,0.0,3,0,0.0,0.0,0.0,82.05,54.943518518518516,-2.61,0.0,4,0,1,0,0,0,1,0
1,1,1,0,24.0,1,1,1,0,0,0,0,0,1,78.85,8.0,200.0,1.0,225.0,2.0,33.95,58.3,1.0,1.0,0.5,2,1,0.5,9.81,19.62,44.6,73.84375,-12.69,8.0,1,2,0,1,0,0,1,0
1,0,0,0,1.0,1,1,1,1,0,0,0,0,0,61.15,6.0,289.0,1.0,75.0,0.0,0.0,0.0,0.0,0.0,0.0,1,0,0.0,0.0,0.0,48.52,61.15,3.09,6.0,2,2,0,0,0,0,1,0
1,0,0,0,6.0,1,0,1,1,0,0,0,0,1,78.95,0.0,0.0,0.0,365.0,0.0,0.0,0.0,0.0,0.0,0.0,3,0,0.0,0.0,0.0,96.96,82.49166666666666,-12.59,0.0,2,2,0,1,0,0,1,0
0,0,0,0,1.0,1,0,0,0,0,0,0,0,1,44.45,0.0,0.0,0.0,365.0,0.0,0.0,0.0,0.0,0.0,0.0,1,1,1.0,6.36,6.36,30.04,44.45,-13.61,0.0,0,3,0,0,0,0,0,1
1,0,0,1,49.0,1,1,1,1,1,0,1,1,1,109.2,0.0,0.0,0.0,365.0,0.0,0.0,0.0,0.0,0.0,0.0,3,1,0.33,4.41,13.22,100.58,107.96836734693878,17.66,0.0,5,1,1,1,0,1,0,0
0,0,1,1,56.0,1,0,1,1,1,0,0,0,1,61.3,12.0,150.0,2.0,55.0,0.0,0.0,0.0,0.0,0.0,0.0,3,0,0.0,0.0,0.0,45.28,59.76428571428572,3.24,6.0,3,0,2,0,0,1,0,0
0,1,0,0,56.0,1,1,1,1,0,0,0,1,1,96.85,0.0,0.0,0.0,365.0,1.0,115.7,115.7,0.0,1.0,0.0,2,0,0.0,0.0,0.0,68.66,93.20803571428571,5.31,0.0,3,1,0,1,0,0,1,0
0,0,1,1,6.0,0,0,0,1,1,1,0,0,0,40.55,9.0,193.5,2.0,5.0,0.0,0.0,0.0,0.0,0.0,0.0,1,0,0.0,0.0,0.0,34.12,36.25,-17.51,4.5,3,1,2,0,0,0,0,1
1,0,0,0,32.0,1,0,0,0,0,0,0,0,0,19.8,0.0,0.0,0.0,365.0,0.0,0.0,0.0,0.0,0.0,0.0,1,0,0.0,0.0,0.0,86.36,18.990625,-1.27,0.0,0,0,1,0,1,0,0,1
1,0,1,1,50.0,1,1,1,1,1,0,1,1,1,108.25,0.0,0.0,0.0,365.0,0.0,0.0,0.0,0.0,0.0,0.0,1,0,0.0,0.0,0.0,116.62,108.62799999999999,16.71,0.0,5,0,1,1,0,0,1,0
1,0,1,1,58.0,1,1,0,0,1,1,1,1,1,105.05,0.0,0.0,0.0,365.0,1.0,36.1,36.1,0.0,0.0,0.0,1,0,0.0,0.0,0.0,60.89,103.53189655172415,13.51,0.0,4,0,1,1,0,0,0,0
0,0,1,1,64.0,1,1,1,1,1,1,1,1,1,90.45,7.0,244.0,1.0,362.0,1.0,126.3,126.3,0.0,1.0,0.0,2,1,0.5,4.65,9.3,55.8,93.0921875,32.39,7.0,6,1,2,0,0,0,0,1
0,0,0,0,64.0,1,1,1,1,1,1,1,1,1,86.4,0.0,0.0,0.0,365.0,0.0,0.0,0.0,0.0,0.0,0.0,3,2,0.67,6.76,15.83,40.61,85.03203125,28.34,0.0,6,1,2,0,0,1,0,0
0,0,1,0,66.0,1,1,1,1,1,0,0,0,0,66.9,7.0,36.0,1.0,151.0,0.0,0.0,0.0,0.0,0.0,0.0,3,1,0.33,2.0,6.0,48.79,66.2159090909091,8.84,7.0,3,1,2,0,0,0,0,0
1,0,1,0,38.0,1,1,1,0,1,1,1,1,1,110.7,1.0,297.0,1.0,26.0,0.0,0.0,0.0,0.0,0.0,0.0,3,1,0.33,9.87,29.61,108.2,116.54210526315791,19.16,1.0,5,1,1,1,0,0,1,0
0,0,1,0,20.0,1,0,0,0,0,0,0,0,1,20.0,5.0,213.0,1.0,140.0,1.0,13.2,13.2,0.0,1.0,0.0,1,0,0.0,0.0,0.0,73.12,20.822499999999998,-1.07,5.0,0,0,1,0,1,0,0,1
1,0,0,0,36.0,1,1,0,0,0,0,0,1,1,84.9,2.0,166.0,1.0,16.0,0.0,0.0,0.0,0.0,0.0,0.0,3,0,0.0,0.0,0.0,73.56,85.19999999999999,-6.64,2.0,1,1,0,1,0,0,1,0
1,1,0,0,64.0,1,1,0,0,1,1,1,1,0,102.1,1.0,298.0,1.0,68.0,0.0,0.0,0.0,0.0,0.0,0.0,3,1,0.33,3.57,10.71,59.98,104.5015625,10.56,1.0,4,1,1,1,0,0,1,0
1,0,0,0,1.0,1,0,0,0,0,0,0,0,0,20.25,0.0,0.0,0.0,365.0,0.0,0.0,0.0,0.0,0.0,0.0,1,0,0.0,0.0,0.0,34.26,20.25,-0.82,0.0,0,2,0,0,1,0,0,1
0,0,0,0,60.0,1,0,0,1,1,1,1,0,1,70.15,0.0,0.0,0.0,365.0,0.0,0.0,0.0,0.0,0.0,0.0,2,0,0.0,0.0,0.0,34.4,70.41166666666666,12.09,0.0,4,0,1,0,0,1,0,0
1,0,0,0,1.0,1,0,0,1,0,0,0,0,1,74.35,0.0,0.0,0.0,365.0,0.0,0.0,0.0,0.0,0.0,0.0,1,1,1.0,17.88,17.88,38.67,74.35,-17.19,0.0,1,3,0,1,0,0,1,0
0,0,1,1,50.0,1,1,1,1,1,1,0,1,1,80.05,4.0,279.0,1.0,310.0,0.0,0.0,0.0,0.0,0.0,0.0,2,0,0.0,0.0,0.0,74.7,80.844,21.99,4.0,5,0,1,0,0,0,0,0
1,0,0,0,1.0,1,1,0,0,1,1,0,0,0,62.05,0.0,0.0,0.0,365.0,0.0,0.0,0.0,0.0,0.0,0.0,1,0,0.0,0.0,0.0,60.61,62.05,3.99,0.0,2,2,0,0,0,0,0,1
0,0,1,0,72.0,0,0,1,1,1,0,0,1,1,49.2,0.0,0.0,0.0,365.0,0.0,0.0,0.0,0.0,0.0,0.0,1,0,0.0,0.0,0.0,27.17,49.735416666666666,-8.86,0.0,4,0,2,0,0,0,1,0
1,0,1,0,60.0,1,0,0,0,0,0,0,0,1,20.5,0.0,0.0,0.0,365.0,0.0,0.0,0.0,0.0,0.0,0.0,3,1,0.33,6.73,20.18,92.42,19.98,-0.57,0.0,0,1,2,0,1,0,0,0
1,0,0,0,46.0,0,0,1,0,1,1,0,0,0,38.25,0.0,0.0,0.0,365.0,0.0,0.0,0.0,0.0,0.0,0.0,1,0,0.0,0.0,0.0,73.96,38.15978260869565,-19.81,0.0,3,0,2,0,0,0,0,1
0,0,1,1,69.0,0,0,0,1,1,0,1,1,1,54.95,0.0,0.0,0.0,365.0,1.0,48.2,48.2,0.0,1.0,0.0,2,0,0.0,0.0,0.0,37.86,54.67391304347826,-3.11,0.0,4,0,2,0,0,1,0,0
1,1,0,0,31.0,1,1,0,0,1,1,1,0,1,96.6,0.0,0.0,0.0,365.0,0.0,0.0,0.0,0.0,0.0,0.0,1,0,0.0,0.0,0.0,101.76,92.83709677419354,5.06,0.0,3,1,0,1,0,0,0,0
1,0,1,1,19.0,1,0,0,0,0,0,0,0,0,19.9,0.0,0.0,0.0,365.0,1.0,11.0,11.0,1.0,0.0,1.0,3,0,0.0,0.0,0.0,78.25,18.826315789473682,-1.17,0.0,0,0,1,0,1,0,0,1
0,0,1,1,71.0,1,0,0,0,0,0,0,0,0,19.9,0.0,0.0,0.0,365.0,0.0,0.0,0.0,0.0,0.0,0.0,1,0,0.0,0.0,0.0,98.48,19.680281690140845,-1.17,0.0,0,0,2,0,1,1,0,0
1,0,1,0,12.0,1,0,1,1,1,0,0,0,1,84.6,5.0,73.0,1.0,56.0,0.0,0.0,0.0,0.0,0.0,0.0,2,0,0.0,0.0,0.0,49.06,79.99166666666666,-6.94,5.0,3,1,0,1,0,0,1,0
1,0,1,1,39.0,1,0,1,0,1,1,1,1,0,80.0,0.0,0.0,0.0,365.0,2.0,8.45,15.0,2.0,0.0,1.0,1,0,0.0,0.0,0.0,81.86,81.61410256410257,21.94,0.0,5,0,1,0,0,1,0,0
1,0,0,0,44.0,1,1,0,1,1,1,1,1,1,85.25,6.0,19.0,1.0,123.0,0.0,0.0,0.0,0.0,0.0,0.0,2,1,0.5,2.76,5.53,81.42,84.18522727272727,27.19,6.0,5,1,1,0,0,0,0,0
0,0,1,1,56.0,1,1,1,1,1,1,1,0,0,81.25,0.0,0.0,0.0,365.0,0.0,0.0,0.0,0.0,0.0,0.0,1,0,0.0,0.0,0.0,38.48,82.50714285714285,23.19,0.0,5,0,2,0,0,1,0,0
0,0,1,0,72.0,1,1,1,1,1,1,1,1,1,115.5,0.0,0.0,0.0,365.0,0.0,0.0,0.0,0.0,0.0,0.0,2,0,0.0,0.0,0.0,52.03,115.45486111111111,23.96,0.0,6,0,2,1,0,0,0,0
1,0,0,0,5.0,1,1,0,1,1,0,1,1,0,104.1,0.0,0.0,0.0,365.0,0.0,0.0,0.0,0.0,0.0,0.0,1,1,1.0,3.21,3.21,21.06,108.38,12.56,0.0,4,3,0,1,0,0,0,1
0,0,0,0,12.0,1,1,1,0,0,0,0,0,1,79.0,0.0,0.0,0.0,365.0,0.0,0.0,0.0,0.0,0.0,0.0,1,0,0.0,0.0,0.0,22.98,77.44166666666666,-12.54,0.0,1,1,0,1,0,0,0,0
1,1,1,0,24.0,0,0,1,0,0,0,0,1,0,39.1,0.0,0.0,0.0,365.0,0.0,0.0,0.0,0.0,0.0,0.0,2,1,0.5,17.93,35.86,92.54,40.47083333333333,-18.96,0.0,2,2,0,0,0,0,0,0
0,1,1,0,15.0,1,0,0,1,0,0,1,1,1,94.65,0.0,0.0,0.0,365.0,0.0,0.0,0.0,0.0,0.0,0.0,2,1,0.5,3.46,6.93,32.56,85.67,3.11,0.0,3,2,0,1,0,0,1,0
1,0,0,0,72.0,1,0,0,0,0,0,0,0,1,20.8,0.0,0.0,0.0,365.0,0.0,0.0,0.0,0.0,0.0,0.0,3,0,0.0,0.0,0.0,78.72,21.12777777777778,-0.27,0.0,0,0,2,0,1,0,0,1
1,0,1,0,56.0,1,1,0,1,1,0,0,0,0,59.5,0.0,0.0,0.0,365.0,0.0,0.0,0.0,0.0,0.0,0.0,3,1,0.33,14.51,43.52,101.79,60.52232142857143,1.44,0.0,2,1,2,0,0,1,0,0
1,1,0,0,64.0,1,0,0,0,0,0,0,0,1,20.05,0.0,0.0,0.0,365.0,0.0,0.0,0.0,0.0,0.0,0.0,2,1,0.5,5.25,10.5,62.56,18.71953125,-1.02,0.0,0,1,2,0,1,0,0,0
0,0,1,0,34.0,1,1,0,0,1,0,1,1,1,100.45,0.0,0.0,0.0,365.0,0.0,0.0,0.0,0.0,0.0,0.0,1,1,1.0,10.81,10.81,75.75,100.43088235294118,8.91,0.0,3,2,0,1,0,0,1,0
1,0,0,0,2.0,1,1,0,0,0,0,0,0,1,91.75,0.0,0.0,0.0,365.0,0.0,0.0,0.0,0.0,0.0,0.0,3,3,1.0,8.45,17.9,57.29,81.225,0.21,0.0,0,3,0,1,0,0,1,0
1,0,0,0,35.0,1,0,0,0,0,0,0,0,0,20.6,4.0,232.0,1.0,13.0,0.0,0.0,0.0,0.0,0.0,0.0,1,0,0.0,0.0,0.0,70.7,21.542857142857144,-0.47,4.0,0,0,1,0,1,0,0,0
1,0,0,0,22.0,1,0,0,0,0,0,0,0,0,20.3,0.0,0.0,0.0,365.0,0.0,0.0,0.0,0.0,0.0,0.0,3,0,0.0,0.0,0.0,73.56,21.23409090909091,-0.77,0.0,0,0,1,0,1,1,0,0
1,0,0,0,5.0,1,0,0,0,0,1,0,0,1,49.2,0.0,0.0,0.0,365.0,1.0,5.9,5.9,0.0,1.0,0.0,2,0,0.0,0.0,0.0,34.67,43.38,-8.86,0.0,1,2,0,0,0,0,1,0
1,0,0,0,9.0,0,0,1,1,1,0,0,0,0,39.55,0.0,0.0,0.0,365.0,0.0,0.0,0.0,0.0,0.0,0.0,1,0,0.0,0.0,0.0,72.26,41.44444444444444,-18.51,0.0,3,1,1,0,0,0,0,1
1,0,0,0,11.0,1,1,0,0,0,0,0,0,0,20.15,0.0,0.0,0.0,365.0,0.0,0.0,0.0,0.0,0.0,0.0,2,0,0.0,0.0,0.0,72.12,22.29090909090909,-0.92,0.0,0,2,0,0,1,1,0,0
1,0,0,0,23.0,1,0,0,0,0,0,0,0,0,20.45,10.0,114.0,1.0,249.0,0.0,0.0,0.0,0.0,0.0,0.0,3,1,0.33,5.92,17.75,81.31,20.917391304347827,-0.62,10.0,0,1,1,0,1,0,0,1
0,0,1,1,4.0,1,0,0,0,0,0,0,1,0,80.85,8.0,244.0,1.0,82.0,0.0,0.0,0.0,0.0,0.0,0.0,2,0,0.0,0.0,0.0,53.9,75.6875,-10.69,8.0,1,2,0,1,0,0,1,0
1,0,1,0,68.0,1,1,0,0,0,0,0,0,0,25.25,0.0,0.0,0.0,365.0,1.0,23.5,23.5,0.0,1.0,0.0,3,1,0.33,2.7,8.09,52.69,25.41470588235294,4.18,0.0,0,1,2,0,1,0,0,0
1,0,1,0,33.0,1,0,0,0,0,0,1,1,0,91.25,0.0,0.0,0.0,365.0,1.0,54.6,54.6,0.0,0.0,0.0,1,1,1.0,32.3,32.3,111.62,89.81969696969698,-0.29,0.0,2,2,0,1,0,0,1,0
1,0,0,0,31.0,1,0,1,1,1,1,1,0,1,72.45,0.0,0.0,0.0,365.0,0.0,0.0,0.0,0.0,0.0,0.0,2,0,0.0,0.0,0.0,47.07,69.55645161290323,14.39,0.0,5,1,0,0,0,0,0,0
1,0,0,0,1.0,1,1,0,1,0,1,0,0,0,60.1,0.0,0.0,0.0,365.0,0.0,0.0,0.0,0.0,0.0,0.0,3,2,0.67,17.34,40.26,70.81,60.1,2.04,0.0,2,3,0,0,0,0,0,1
0,0,0,0,56.0,1,0,0,0,0,0,0,0,0,19.7,0.0,0.0,0.0,365.0,0.0,0.0,0.0,0.0,0.0,0.0,1,0,0.0,0.0,0.0,74.7,18.78392857142857,-1.37,0.0,0,0,2,0,1,0,0,0
1,0,0,0,1.0,1,0,0,0,0,0,1,0,1,78.95,0.0,0.0,0.0,365.0,0.0,0.0,0.0,0.0,0.0,0.0,1,0,0.0,0.0,0.0,91.97,78.95,-12.59,0.0,1,2,0,1,0,0,1,0
1,0,1,1,66.0,1,0,1,1,1,1,1,0,1,75.1,3.0,179.0,1.0,252.0,1.0,18.0,18.0,1.0,0.0,1.0,3,0,0.0,0.0,0.0,54.22,75.95454545454545,17.04,3.0,5,0,1,0,0,0,1,0
1,0,1,1,72.0,1,1,0,0,0,0,0,0,0,20.15,10.0,248.0,2.0,63.0,0.0,0.0,0.0,0.0,0.0,0.0,2,1,0.5,15.39,30.78,78.46,24.15138888888889,-0.92,5.0,0,1,2,0,1,0,0,0
1,1,0,0,34.0,1,0,0,0,0,0,0,0,0,69.15,0.0,0.0,0.0,365.0,0.0,0.0,0.0,0.0,0.0,0.0,2,0,0.0,0.0,0.0,57.18,66.91470588235293,-22.39,0.0,0,1,0,1,0,1,0,0
0,0,1,1,58.0,1,0,0,1,1,0,1,0,1,91.55,0.0,0.0,0.0,365.0,0.0,0.0,0.0,0.0,0.0,0.0,2,0,0.0,0.0,0.0,60.24,95.02844827586206,0.01,0.0,3,1,0,1,0,0,1,0
1,0,0,0,2.0,1,0,0,0,0,0,0,0,1,45.15,0.0,0.0,0.0,365.0,0.0,0.0,0.0,0.0,0.0,0.0,2,0,0.0,0.0,0.0,55.5,49.25,-12.91,0.0,0,2,0,0,0,0,1,0
1,0,0,0,37.0,0,0,0,0,0,0,1,0,0,35.8,0.0,0.0,0.0,365.0,0.0,0.0,0.0,0.0,0.0,0.0,3,0,0.0,0.0,0.0,49.08,35.5918918918919,-22.26,0.0,1,0,2,0,0,1,0,0
0,0,0,0,71.0,1,1,1,1,1,1,1,1,1,113.15,0.0,0.0,0.0,365.0,0.0,0.0,0.0,0.0,0.0,0.0,1,1,1.0,22.03,22.03,108.02,112.58169014084507,21.61,0.0,6,1,2,1,0,1,0,0
1,0,1,1,1.0,1,0,0,0,0,0,0,0,0,19.85,7.0,159.0,1.0,72.0,1.0,4.8,4.8,0.0,1.0,0.0,3,0,0.0,0.0,0.0,47.5,19.85,-1.22,7.0,0,1,1,0,1,1,0,0
1,1,1,1,71.0,1,0,0,0,0,0,0,0,0,19.8,0.0,0.0,0.0,365.0,0.0,0.0,0.0,0.0,0.0,0.0,1,0,0.0,0.0,0.0,78.5,19.555633802816903,-1.27,0.0,0,0,2,0,1,1,0,0
1,0,1,1,35.0,1,0,0,0,0,0,0,0,0,19.9,0.0,0.0,0.0,365.0,0.0,0.0,0.0,0.0,0.0,0.0,3,0,0.0,0.0,0.0,65.66,19.02857142857143,-1.17,0.0,0,0,1,0,1,0,1,0
0,0,1,1,6.0,1,0,0,0,0,0,0,0,0,19.7,0.0,0.0,0.0,365.0,0.0,0.0,0.0,0.0,0.0,0.0,1,0,0.0,0.0,0.0,89.01,15.741666666666667,-1.37,0.0,0,1,1,0,1,0,0,1
0,0,0,0,3.0,1,0,0,0,0,0,1,0,1,79.4,0.0,0.0,0.0,365.0,0.0,0.0,0.0,0.0,0.0,0.0,2,0,0.0,0.0,0.0,67.13,81.55,-12.14,0.0,1,2,0,1,0,0,1,0
0,0,1,1,69.0,1,0,0,1,1,1,0,0,0,59.1,7.0,198.0,1.0,178.0,0.0,0.0,0.0,0.0,0.0,0.0,1,0,0.0,0.0,0.0,76.65,59.9231884057971,1.04,7.0,3,0,1,0,0,0,0,0
1,0,0,0,44.0,0,0,0,1,1,0,1,1,1,53.95,11.0,116.0,2.0,93.0,0.0,0.0,0.0,0.0,0.0,0.0,1,0,0.0,0.0,0.0,38.71,53.98636363636364,-4.11,5.5,4,0,1,0,0,0,0,1
0,0,1,0,53.0,1,1,0,0,0,1,0,1,1,91.15,0.0,0.0,0.0,365.0,1.0,19.9,19.9,1.0,0.0,1.0,1,1,1.0,12.93,12.93,65.17,91.74528301886792,-0.39,0.0,2,1,1,1,0,0,1,0
0,0,1,0,24.0,1,0,0,1,1,0,1,1,1,99.3,0.0,0.0,0.0,365.0,0.0,0.0,0.0,0.0,0.0,0.0,3,1,0.33,0.47,1.41,45.64,101.30624999999999,7.76,0.0,4,2,0,1,0,1,0,0
0,0,1,0,5.0,1,0,0,0,0,0,0,0,1,68.95,0.0,0.0,0.0,365.0,0.0,0.0,0.0,0.0,0.0,0.0,2,0,0.0,0.0,0.0,35.64,70.3,-22.59,0.0,0,2,0,1,0,0,1,0
0,0,0,1,2.0,1,0,0,1,0,0,0,0,0,51.55,0.0,0.0,0.0,365.0,1.0,159.4,159.4,0.0,0.0,0.0,1,0,0.0,0.0,0.0,35.06,53.1,-6.51,0.0,1,2,0,0,0,0,0,1
1,0,0,1,62.0,1,1,0,0,0,0,0,0,1,24.4,0.0,0.0,0.0,365.0,0.0,0.0,0.0,0.0,0.0,0.0,3,0,0.0,0.0,0.0,93.19,22.79032258064516,3.33,0.0,0,0,2,0,1,0,0,1
0,0,1,0,19.0,1,0,0,0,1,0,1,1,1,96.8,0.0,0.0,0.0,365.0,0.0,0.0,0.0,0.0,0.0,0.0,3,1,0.33,3.23,9.7,62.53,91.73947368421052,5.26,0.0,3,2,0,1,0,0,1,0
1,0,0,0,9.0,1,0,0,0,0,0,0,0,0,70.05,5.0,203.5,2.0,131.0,0.0,0.0,0.0,0.0,0.0,0.0,1,0,0.0,0.0,0.0,43.48,73.05555555555556,-21.49,2.5,0,2,0,1,0,0,0,1
1,0,0,0,53.0,1,0,0,0,0,0,0,0,0,19.5,0.0,0.0,0.0,365.0,0.0,0.0,0.0,0.0,0.0,0.0,2,0,0.0,0.0,0.0,71.32,19.82075471698113,-1.57,0.0,0,0,2,0,1,1,0,0
1,0,0,0,5.0,1,0,0,0,0,0,0,1,0,78.75,3.0,110.0,1.0,199.0,1.0,5.9,5.9,1.0,0.0,1.0,3,0,0.0,0.0,0.0,47.63,85.27000000000001,-12.79,3.0,1,2,0,1,0,0,0,1
0,1,1,1,71.0,1,1,1,1,0,0,1,0,0,69.2,0.0,0.0,0.0,365.0,0.0,0.0,0.0,0.0,0.0,0.0,2,0,0.0,0.0,0.0,86.58,70.17605633802818,11.14,0.0,3,0,1,0,0,0,1,0
0,0,0,0,1.0,1,0,0,0,0,0,0,0,1,19.55,1.0,162.0,1.0,298.0,0.0,0.0,0.0,0.0,0.0,0.0,2,0,0.0,0.0,0.0,58.38,19.55,-1.52,1.0,0,2,0,0,1,0,0,1
1,0,0,0,18.0,1,1,0,1,0,0,0,0,1,80.65,0.0,0.0,0.0,365.0,1.0,2.6,2.6,0.0,1.0,0.0,2,0,0.0,0.0,0.0,48.14,80.66111111111111,-10.89,0.0,1,1,0,1,0,0,1,0
1,0,0,0,72.0,1,1,0,1,1,0,1,1,1,103.65,0.0,0.0,0.0,365.0,0.0,0.0,0.0,0.0,0.0,0.0,3,1,0.33,6.12,18.36,76.29,106.03888888888889,12.11,0.0,4,1,2,1,0,0,1,0
0,0,1,0,4.0,1,0,1,1,0,0,0,0,0,54.7,0.0,0.0,0.0,365.0,0.0,0.0,0.0,0.0,0.0,0.0,1,0,0.0,0.0,0.0,58.07,58.7625,-3.36,0.0,2,2,0,0,0,0,0,1
1,0,0,0,59.0,1,1,0,0,1,0,0,0,0,54.15,0.0,0.0,0.0,365.0,0.0,0.0,0.0,0.0,0.0,0.0,3,0,0.0,0.0,0.0,55.04,52.816101694915254,-3.91,0.0,1,0,2,0,0,1,0,0
0,0,0,0,1.0,1,0,0,0,0,0,0,0,0,71.1,0.0,0.0,0.0,365.0,0.0,0.0,0.0,0.0,0.0,0.0,2,0,0.0,0.0,0.0,66.43,71.1,-20.44,0.0,0,2,0,1,0,0,0,1
0,1,1,0,31.0,1,1,0,0,0,0,0,1,1,84.85,6.0,294.0,1.0,185.0,0.0,0.0,0.0,0.0,0.0,0.0,3,1,0.33,1.95,5.84,85.44,84.9483870967742,-6.69,6.0,1,2,0,1,0,0,1,0
1,0,1,0,12.0,1,0,0,0,0,0,0,0,0,20.0,3.0,251.0,1.0,201.0,1.0,68.3,68.3,1.0,0.0,1.0,1,0,0.0,0.0,0.0,87.18,4.1375,-1.07,3.0,0,1,0,0,1,0,0,0
0,1,1,0,65.0,1,1,0,1,1,0,1,1,1,106.25,0.0,0.0,0.0,365.0,0.0,0.0,0.0,0.0,0.0,0.0,3,0,0.0,0.0,0.0,60.12,107.38153846153847,14.71,0.0,4,0,1,1,0,0,1,0
1,0,1,0,49.0,1,0,0,0,1,1,1,1,1,99.25,0.0,0.0,0.0,365.0,0.0,0.0,0.0,0.0,0.0,0.0,3,0,0.0,0.0,0.0,50.86,100.42448979591838,7.71,0.0,4,0,1,1,0,1,0,0
1,0,0,0,2.0,1,0,0,0,0,0,0,0,0,19.35,0.0,0.0,0.0,365.0,0.0,0.0,0.0,0.0,0.0,0.0,3,0,0.0,0.0,0.0,62.74,23.175,-1.72,0.0,0,2,0,0,1,0,0,1
0,0,1,0,53.0,1,0,0,0,0,0,0,0,0,20.15,3.0,180.0,1.0,204.0,0.0,0.0,0.0,0.0,0.0,0.0,2,2,1.0,17.7,20.54,64.06,19.279245283018867,-0.92,3.0,0,1,1,0,1,0,0,0
0,0,1,0,55.0,1,0,1,0,0,0,1,1,1,94.75,0.0,0.0,0.0,365.0,0.0,0.0,0.0,0.0,0.0,0.0,2,0,0.0,0.0,0.0,74.25,95.92909090909092,3.21,0.0,3,0,1,1,0,0,1,0
1,0,1,1,72.0,1,1,1,1,1,1,1,1,1,114.05,0.0,0.0,0.0,365.0,0.0,0.0,0.0,0.0,0.0,0.0,1,1,1.0,37.44,37.44,78.44,115.1277777777778,22.51,0.0,6,1,2,1,0,1,0,0
0,1,0,0,36.0,1,1,0,0,0,0,0,0,1,74.9,4.0,106.0,1.0,109.0,0.0,0.0,0.0,0.0,0.0,0.0,1,0,0.0,0.0,0.0,89.44,73.8736111111111,-16.64,4.0,0,1,0,1,0,0,0,0
0,0,1,1,10.0,1,0,0,0,0,0,0,0,1,19.8,0.0,0.0,0.0,365.0,0.0,0.0,0.0,0.0,0.0,0.0,1,1,1.0,13.76,13.76,49.01,19.675,-1.27,0.0,0,3,0,0,1,0,0,0
1,1,0,0,1.0,1,1,0,0,0,0,1,1,1,94.0,0.0,0.0,0.0,365.0,0.0,0.0,0.0,0.0,0.0,0.0,2,0,0.0,0.0,0.0,44.08,94.0,2.46,0.0,2,2,0,1,0,0,1,0
0,0,1,1,72.0,1,1,1,1,1,1,0,1,0,80.85,3.0,261.0,1.0,328.0,0.0,0.0,0.0,0.0,0.0,0.0,1,0,0.0,0.0,0.0,61.2,80.89930555555556,22.79,3.0,5,0,2,0,0,0,0,0
0,0,0,0,28.0,1,0,0,1,0,1,0,0,0,56.15,6.0,199.0,1.0,210.0,0.0,0.0,0.0,0.0,0.0,0.0,1,0,0.0,0.0,0.0,109.7,54.19642857142857,-1.91,6.0,2,1,0,0,0,0,0,0
1,0,1,0,38.0,1,1,1,0,0,0,1,0,0,91.7,0.0,0.0,0.0,365.0,0.0,0.0,0.0,0.0,0.0,0.0,2,0,0.0,0.0,0.0,55.92,91.55394736842106,0.16,0.0,2,1,0,1,0,0,0,0
0,0,0,0,61.0,1,1,1,1,1,1,1,1,1,118.6,8.0,172.0,1.0,258.0,0.0,0.0,0.0,0.0,0.0,0.0,3,0,0.0,0.0,0.0,57.83,120.74918032786886,27.06,8.0,6,0,1,1,0,0,1,0
1,0,1,1,52.0,1,1,0,0,0,0,0,0,0,24.55,7.0,296.0,1.0,227.0,0.0,0.0,0.0,0.0,0.0,0.0,3,1,0.33,10.73,32.18,85.41,25.597115384615385,3.48,7.0,0,1,2,0,1,0,0,1
1,0,0,0,67.0,1,0,0,0,0,0,0,0,1,19.45,3.0,158.0,1.0,247.0,1.0,41.5,41.5,0.0,0.0,0.0,1,0,0.0,0.0,0.0,53.95,17.85,-1.62,3.0,0,0,1,0,1,0,0,1
0,0,0,1,34.0,1,1,1,1,1,1,1,1,1,116.15,0.0,0.0,0.0,365.0,0.0,0.0,0.0,0.0,0.0,0.0,1,0,0.0,0.0,0.0,27.79,116.08529411764707,24.61,0.0,6,0,2,1,0,1,0,0
0,0,0,0,54.0,1,0,1,0,1,1,1,1,0,80.6,0.0,0.0,0.0,365.0,0.0,0.0,0.0,0.0,0.0,0.0,2,2,1.0,24.91,33.57,75.24,79.6287037037037,22.54,0.0,5,1,2,0,0,0,1,0
0,0,1,0,1.0,1,0,0,0,0,0,0,0,1,20.3,4.0,190.0,1.0,164.0,0.0,0.0,0.0,0.0,0.0,0.0,1,0,0.0,0.0,0.0,50.76,20.3,-0.77,4.0,0,2,0,0,1,0,0,0
0,1,0,0,12.0,1,1,0,1,0,0,0,1,0,89.85,2.0,41.0,1.0,268.0,0.0,0.0,0.0,0.0,0.0,0.0,3,1,0.33,3.03,9.09,54.82,118.74583333333334,-1.69,2.0,2,2,0,1,0,0,1,0
0,0,0,0,4.0,1,0,0,0,0,0,0,0,1,46.0,0.0,0.0,0.0,365.0,0.0,0.0,0.0,0.0,0.0,0.0,1,1,1.0,7.04,7.04,24.44,48.4,-12.06,0.0,0,3,0,0,0,0,0,1
0,0,0,0,9.0,1,0,0,1,0,1,1,0,0,66.25,0.0,0.0,0.0,365.0,0.0,0.0,0.0,0.0,0.0,0.0,1,0,0.0,0.0,0.0,106.15,68.94999999999999,8.19,0.0,3,2,0,0,0,0,0,1
0,0,0,1,46.0,1,0,0,1,1,0,1,1,1,99.8,0.0,0.0,0.0,365.0,0.0,0.0,0.0,0.0,0.0,0.0,1,0,0.0,0.0,0.0,93.29,95.46195652173913,8.26,0.0,4,1,0,1,0,0,1,0
0,0,0,0,22.0,1,1,0,0,0,1,1,0,1,90.0,0.0,0.0,0.0,365.0,1.0,32.3,32.3,0.0,0.0,0.0,2,0,0.0,0.0,0.0,89.3,90.62727272727273,-1.54,0.0,2,1,0,1,0,0,1,0
1,0,0,0,38.0,1,0,0,0,0,0,0,0,1,70.45,0.0,0.0,0.0,365.0,0.0,0.0,0.0,0.0,0.0,0.0,2,0,0.0,0.0,0.0,85.14,68.3578947368421,-21.09,0.0,0,0,1,1,0,0,0,0
0,0,1,1,55.0,1,1,1,1,0,1,1,0,1,56.15,0.0,0.0,0.0,365.0,0.0,0.0,0.0,0.0,0.0,0.0,2,1,0.5,1.64,3.27,44.5,76.61636363636363,-1.91,0.0,4,1,1,0,0,1,0,0
0,0,0,0,1.0,1,0,0,0,0,0,0,0,0,19.9,0.0,0.0,0.0,365.0,0.0,0.0,0.0,0.0,0.0,0.0,3,0,0.0,0.0,0.0,72.79,19.9,-1.17,0.0,0,2,0,0,1,0,0,1
1,1,1,0,64.0,1,0,1,0,1,0,0,0,0,80.3,0.0,0.0,0.0,365.0,0.0,0.0,0.0,0.0,0.0,0.0,2,0,0.0,0.0,0.0,75.17,78.4015625,-11.24,0.0,2,0,1,1,0,1,0,0
1,0,0,1,53.0,1,0,0,0,0,0,0,0,0,19.75,0.0,0.0,0.0,365.0,1.0,3.2,3.2,0.0,1.0,0.0,2,0,0.0,0.0,0.0,71.22,19.85566037735849,-1.32,0.0,0,0,2,0,1,0,0,0
0,0,1,0,58.0,1,1,1,0,1,1,1,1,1,84.3,0.0,0.0,0.0,365.0,1.0,10.6,10.6,1.0,0.0,1.0,2,1,0.5,8.79,17.58,58.71,84.7655172413793,26.24,0.0,5,1,2,0,0,0,1,0
1,0,1,0,56.0,0,0,0,0,1,1,1,1,1,54.05,3.0,122.0,1.0,223.0,0.0,0.0,0.0,0.0,0.0,0.0,2,1,0.5,20.47,40.94,105.02,52.853571428571435,-4.01,3.0,4,1,1,0,0,0,0,0
1,0,1,1,72.0,1,0,1,0,1,1,1,1,1,104.9,0.0,0.0,0.0,365.0,0.0,0.0,0.0,0.0,0.0,0.0,1,0,0.0,0.0,0.0,53.42,104.99375,13.36,0.0,5,0,2,1,0,1,0,0
1,0,0,0,1.0,1,0,1,0,0,1,0,0,1,53.95,4.0,139.0,1.0,330.0,0.0,0.0,0.0,0.0,0.0,0.0,3,0,0.0,0.0,0.0,75.32,53.95,-4.11,4.0,2,2,0,0,0,0,1,0
1,1,1,0,72.0,1,1,0,1,0,0,1,1,1,97.25,6.0,233.0,1.0,3.0,0.0,0.0,0.0,0.0,0.0,0.0,2,1,0.5,3.32,6.64,57.01,99.07083333333334,5.71,6.0,3,1,1,1,0,1,0,0
1,0,0,0,22.0,1,1,0,0,0,0,0,1,0,83.05,7.0,207.0,1.0,282.0,0.0,0.0,0.0,0.0,0.0,0.0,2,0,0.0,0.0,0.0,58.69,81.78636363636363,-8.49,7.0,1,1,0,1,0,0,1,0
0,1,0,0,8.0,1,1,0,1,1,0,1,1,1,105.5,0.0,0.0,0.0,365.0,0.0,0.0,0.0,0.0,0.0,0.0,1,1,1.0,14.11,14.11,80.4,103.69375,13.96,0.0,4,3,0,1,0,0,1,0
0,0,0,1,16.0,1,0,0,0,0,0,1,0,1,81.0,0.0,0.0,0.0,365.0,0.0,0.0,0.0,0.0,0.0,0.0,1,0,0.0,0.0,0.0,72.04,82.009375,-10.54,0.0,1,1,0,1,0,0,1,0
0,0,0,0,39.0,0,0,0,1,1,1,0,0,0,41.1,0.0,0.0,0.0,365.0,0.0,0.0,0.0,0.0,0.0,0.0,3,1,0.33,2.03,6.09,83.09,40.949999999999996,-16.96,0.0,3,2,0,0,0,0,0,0
0,0,0,0,12.0,1,0,0,0,0,0,0,0,1,45.0,0.0,0.0,0.0,365.0,0.0,0.0,0.0,0.0,0.0,0.0,3,1,0.33,1.54,4.62,75.61,43.69583333333333,-13.06,0.0,0,2,0,0,0,0,0,0
1,0,1,0,54.0,1,0,1,1,0,0,1,1,1,74.55,0.0,0.0,0.0,365.0,0.0,0.0,0.0,0.0,0.0,0.0,3,1,0.33,9.9,29.69,66.47,77.61944444444444,16.49,0.0,4,1,2,0,0,0,0,0
0,0,0,0,18.0,0,0,1,1,0,1,0,0,1,40.2,0.0,0.0,0.0,365.0,0.0,0.0,0.0,0.0,0.0,0.0,2,0,0.0,0.0,0.0,45.94,39.55277777777778,-17.86,0.0,3,0,1,0,0,0,0,1
1,0,1,0,32.0,1,0,1,1,0,1,0,1,0,70.5,0.0,0.0,0.0,365.0,0.0,0.0,0.0,0.0,0.0,0.0,1,0,0.0,0.0,0.0,66.11,68.8046875,12.44,0.0,4,0,1,0,0,0,0,1
0,0,0,0,41.0,1,0,0,0,0,0,0,0,1,19.75,0.0,0.0,0.0,365.0,0.0,0.0,0.0,0.0,0.0,0.0,2,0,0.0,0.0,0.0,43.11,19.681707317073172,-1.32,0.0,0,0,1,0,1,0,0,1
1,0,1,1,67.0,1,1,0,0,0,0,0,0,0,24.65,11.0,80.5,2.0,13.0,0.0,0.0,0.0,0.0,0.0,0.0,2,1,0.5,22.77,45.54,105.35,24.18582089552239,3.58,5.5,0,1,2,0,1,0,0,0
1,0,1,0,65.0,1,1,1,0,1,0,1,1,1,104.25,0.0,0.0,0.0,365.0,0.0,0.0,0.0,0.0,0.0,0.0,2,0,0.0,0.0,0.0,52.3,104.81461538461538,12.71,0.0,4,1,0,1,0,0,1,0
0,0,0,0,25.0,1,1,1,1,1,1,1,0,1,78.35,6.0,86.0,1.0,111.0,0.0,0.0,0.0,0.0,0.0,0.0,2,1,0.5,3.44,6.88,87.46,73.516,20.29,6.0,5,2,0,0,0,0,0,0
0,0,1,1,1.0,1,0,0,0,0,0,0,0,1,69.8,0.0,0.0,0.0,365.0,1.0,7.0,7.0,1.0,0.0,1.0,1,1,1.0,4.71,4.71,56.66,69.8,-21.74,0.0,0,3,0,1,0,0,1,0
0,0,1,0,67.0,1,1,0,1,1,1,1,1,1,109.7,2.0,182.0,1.0,158.0,0.0,0.0,0.0,0.0,0.0,0.0,1,0,0.0,0.0,0.0,95.71,109.6186567164179,18.16,2.0,5,0,1,1,0,1,0,0
1,1,0,0,7.0,1,1,0,0,0,0,0,0,0,73.75,6.0,261.5,2.0,59.0,0.0,0.0,0.0,0.0,0.0,0.0,3,0,0.0,0.0,0.0,41.24,77.87857142857142,-17.79,3.0,0,2,0,1,0,0,0,1
0,1,0,0,43.0,0,0,1,1,0,0,0,0,1,33.45,0.0,0.0,0.0,365.0,0.0,0.0,0.0,0.0,0.0,0.0,1,0,0.0,0.0,0.0,71.56,34.88953488372093,-24.61,0.0,2,1,0,0,0,1,0,0
0,0,0,0,24.0,1,0,1,0,0,0,1,1,1,94.6,0.0,0.0,0.0,365.0,0.0,0.0,0.0,0.0,0.0,0.0,1,0,0.0,0.0,0.0,67.25,95.13125000000001,3.06,0.0,3,1,0,1,0,0,1,0
1,1,0,0,9.0,1,1,1,0,0,0,0,0,0,54.55,0.0,0.0,0.0,365.0,0.0,0.0,0.0,0.0,0.0,0.0,3,2,0.67,10.53,29.2,47.73,54.894444444444446,-3.51,0.0,1,3,0,0,0,0,1,0
1,0,1,1,69.0,1,0,0,0,0,0,0,0,0,20.2,0.0,0.0,0.0,365.0,0.0,0.0,0.0,0.0,0.0,0.0,3,1,0.33,2.33,7.0,74.63,19.94927536231884,-0.87,0.0,0,1,2,0,1,0,0,0
0,0,0,1,44.0,1,0,0,0,0,0,0,0,0,20.3,0.0,0.0,0.0,365.0,0.0,0.0,0.0,0.0,0.0,0.0,2,0,0.0,0.0,0.0,109.72,17.168181818181818,-0.77,0.0,0,0,1,0,1,0,0,0
1,0,1,1,20.0,0,0,1,0,1,1,0,0,1,39.4,0.0,0.0,0.0,365.0,0.0,0.0,0.0,0.0,0.0,0.0,3,0,0.0,0.0,0.0,81.81,41.269999999999996,-18.66,0.0,3,0,2,0,0,1,0,0
1,0,0,0,7.0,1,0,0,0,0,0,0,0,0,69.15,10.0,237.0,1.0,304.0,0.0,0.0,0.0,0.0,0.0,0.0,1,0,0.0,0.0,0.0,61.38,69.80714285714285,-22.39,10.0,0,2,0,1,0,0,0,0
0,1,0,0,37.0,1,1,0,0,0,0,0,0,1,76.25,6.0,240.0,1.0,19.0,0.0,0.0,0.0,0.0,0.0,0.0,3,0,0.0,0.0,0.0,89.24,76.79864864864865,-15.29,6.0,0,1,0,1,0,0,1,0
0,0,0,0,5.0,1,1,0,0,0,0,1,1,1,93.9,0.0,0.0,0.0,365.0,0.0,0.0,0.0,0.0,0.0,0.0,2,2,1.0,19.96,31.81,85.92,97.37,2.36,0.0,2,3,0,1,0,0,0,1
1,0,0,0,41.0,0,0,0,0,1,0,1,1,1,51.35,0.0,0.0,0.0,365.0,0.0,0.0,0.0,0.0,0.0,0.0,2,0,0.0,0.0,0.0,55.11,50.61219512195122,-6.71,0.0,3,0,1,0,0,0,1,0
0,0,0,0,54.0,1,0,1,1,0,0,1,1,1,100.05,0.0,0.0,0.0,365.0,0.0,0.0,0.0,0.0,0.0,0.0,2,0,0.0,0.0,0.0,89.47,98.14166666666667,8.51,0.0,4,0,1,1,0,1,0,0
0,1,0,0,3.0,1,0,0,0,0,0,0,0,1,70.4,3.0,284.0,1.0,38.0,0.0,0.0,0.0,0.0,0.0,0.0,2,0,0.0,0.0,0.0,78.04,68.23333333333333,-21.14,3.0,0,2,0,1,0,0,1,0
1,1,0,0,64.0,1,0,0,0,0,0,0,0,0,20.3,10.0,60.5,2.0,286.0,0.0,0.0,0.0,0.0,0.0,0.0,1,0,0.0,0.0,0.0,58.21,21.1921875,-0.77,5.0,0,0,2,0,1,1,0,0
0,0,0,0,53.0,1,0,0,1,1,1,0,1,1,94.45,5.0,54.0,1.0,317.0,0.0,0.0,0.0,0.0,0.0,0.0,1,0,0.0,0.0,0.0,91.44,95.14622641509433,2.91,5.0,4,0,1,1,0,1,0,0
1,0,1,1,18.0,0,0,0,1,1,0,1,0,0,46.4,2.0,22.0,1.0,77.0,0.0,0.0,0.0,0.0,0.0,0.0,2,0,0.0,0.0,0.0,86.11,45.13333333333333,-11.66,2.0,3,0,1,0,0,1,0,0
1,0,1,0,64.0,1,0,1,1,0,1,1,1,1,104.05,0.0,0.0,0.0,365.0,0.0,0.0,0.0,0.0,0.0,0.0,3,0,0.0,0.0,0.0,34.28,103.21171875,12.51,0.0,5,0,2,1,0,1,0,0
0,0,1,1,31.0,1,1,0,1,0,0,0,1,1,91.15,0.0,0.0,0.0,365.0,0.0,0.0,0.0,0.0,0.0,0.0,3,0,0.0,0.0,0.0,84.89,96.62741935483871,-0.39,0.0,2,1,0,1,0,0,1,0
0,0,0,0,20.0,0,0,0,0,0,0,0,0,0,24.9,0.0,0.0,0.0,365.0,0.0,0.0,0.0,0.0,0.0,0.0,2,0,0.0,0.0,0.0,27.46,25.2975,-33.16,0.0,0,1,0,0,0,1,0,0
1,0,1,1,57.0,1,0,1,1,0,1,0,0,0,59.6,0.0,0.0,0.0,365.0,0.0,0.0,0.0,0.0,0.0,0.0,2,0,0.0,0.0,0.0,41.98,61.56842105263158,1.54,0.0,3,0,1,0,0,0,0,1
1,1,1,0,63.0,1,1,1,1,1,0,1,1,0,108.5,0.0,0.0,0.0,365.0,0.0,0.0,0.0,0.0,0.0,0.0,1,0,0.0,0.0,0.0,110.57,110.98253968253968,16.96,0.0,5,0,2,1,0,1,0,0
1,0,1,1,13.0,0,0,1,1,0,1,0,0,0,56.15,0.0,0.0,0.0,365.0,0.0,0.0,0.0,0.0,0.0,0.0,1,1,1.0,17.06,17.06,35.65,45.41153846153846,-1.91,0.0,3,1,2,0,0,0,0,1
0,1,1,0,48.0,1,0,0,1,0,0,0,1,1,58.95,0.0,0.0,0.0,365.0,0.0,0.0,0.0,0.0,0.0,0.0,1,0,0.0,0.0,0.0,88.36,58.11875,0.89,0.0,2,0,1,0,0,0,0,0
0,0,0,0,2.0,1,0,0,0,0,0,0,0,1,70.95,3.0,213.0,1.0,177.0,1.0,13.9,13.9,1.0,0.0,1.0,1,0,0.0,0.0,0.0,54.06,68.975,-20.59,3.0,0,2,0,1,0,0,1,0
1,0,1,1,57.0,1,0,0,0,0,0,0,0,0,20.75,0.0,0.0,0.0,365.0,1.0,10.8,10.8,1.0,0.0,1.0,1,0,0.0,0.0,0.0,110.87,19.704385964912284,-0.32,0.0,0,0,2,0,1,0,0,1
1,0,1,0,44.0,1,1,0,1,1,1,1,1,1,113.15,0.0,0.0,0.0,365.0,0.0,0.0,0.0,0.0,0.0,0.0,3,0,0.0,0.0,0.0,64.49,180.7556818181818,21.61,0.0,5,0,1,1,0,0,0,0
0,0,1,1,7.0,1,1,0,0,0,0,0,0,0,48.8,0.0,0.0,0.0,365.0,0.0,0.0,0.0,0.0,0.0,0.0,2,1,0.5,5.78,11.57,48.04,49.971428571428575,-9.26,0.0,0,3,0,0,0,0,1,0
0,0,0,0,16.0,1,1,0,0,0,0,0,1,1,63.05,0.0,0.0,0.0,365.0,0.0,0.0,0.0,0.0,0.0,0.0,1,0,0.0,0.0,0.0,36.89,66.690625,4.99,0.0,1,1,0,0,0,0,0,0
1,0,1,0,34.0,1,1,0,0,1,0,1,1,0,100.85,0.0,0.0,0.0,365.0,0.0,0.0,0.0,0.0,0.0,0.0,1,0,0.0,0.0,0.0,64.29,103.74411764705883,9.31,0.0,3,1,0,1,0,0,1,0
0,0,1,0,37.0,1,1,0,0,1,0,1,1,1,99.5,0.0,0.0,0.0,365.0,1.0,89.4,89.4,0.0,0.0,0.0,3,0,0.0,0.0,0.0,56.79,101.67567567567568,7.96,0.0,3,1,0,1,0,0,1,0
1,0,0,0,16.0,1,1,0,1,0,0,0,0,1,80.55,0.0,0.0,0.0,365.0,0.0,0.0,0.0,0.0,0.0,0.0,2,0,0.0,0.0,0.0,83.68,78.05625,-10.99,0.0,1,1,0,1,0,0,0,1
1,0,0,1,48.0,1,1,1,1,1,0,0,0,1,64.4,0.0,0.0,0.0,365.0,0.0,0.0,0.0,0.0,0.0,0.0,1,0,0.0,0.0,0.0,106.99,63.23645833333333,6.34,0.0,3,0,1,0,0,0,0,0
1,0,1,1,58.0,1,0,0,1,0,1,1,1,1,75.2,0.0,0.0,0.0,365.0,0.0,0.0,0.0,0.0,0.0,0.0,1,0,0.0,0.0,0.0,111.26,74.15172413793104,17.14,0.0,4,0,1,0,0,1,0,0
0,0,1,0,72.0,1,1,1,0,1,1,1,1,1,84.9,7.0,279.0,1.0,103.0,1.0,72.0,72.0,1.0,0.0,1.0,3,0,0.0,0.0,0.0,94.82,84.24027777777778,26.84,7.0,5,0,2,0,0,0,0,0
0,0,0,0,7.0,1,0,0,0,0,0,0,0,0,19.3,0.0,0.0,0.0,365.0,1.0,15.2,15.2,0.0,1.0,0.0,2,0,0.0,0.0,0.0,27.92,20.707142857142856,-1.77,0.0,0,2,0,0,1,0,0,1
0,0,0,0,38.0,1,0,1,1,1,0,0,0,1,83.9,0.0,0.0,0.0,365.0,0.0,0.0,0.0,0.0,0.0,0.0,3,2,0.67,4.53,8.27,64.08,85.09473684210526,-7.64,0.0,3,2,0,1,0,1,0,0
0,1,1,0,48.0,1,1,1,1,1,1,1,1,0,117.45,0.0,0.0,0.0,365.0,0.0,0.0,0.0,0.0,0.0,0.0,2,0,0.0,0.0,0.0,74.48,113.31041666666665,25.91,0.0,6,1,0,1,0,0,1,0
1,0,0,0,10.0,1,0,1,1,1,0,1,1,1,104.4,5.0,176.0,1.0,330.0,0.0,0.0,0.0,0.0,0.0,0.0,2,0,0.0,0.0,0.0,58.88,108.14500000000001,12.86,5.0,5,2,0,1,0,0,1,0
0,0,0,0,30.0,1,0,1,1,1,1,1,0,0,74.65,0.0,0.0,0.0,365.0,1.0,33.4,33.4,1.0,0.0,1.0,2,0,0.0,0.0,0.0,97.67,76.95333333333333,16.59,0.0,5,0,1,0,0,1,0,0
1,0,1,0,31.0,1,1,0,0,0,0,1,0,1,59.05,0.0,0.0,0.0,365.0,0.0,0.0,0.0,0.0,0.0,0.0,2,0,0.0,0.0,0.0,50.46,60.73548387096774,0.99,0.0,1,1,0,0,0,1,0,0
0,1,0,0,46.0,1,1,0,0,1,1,0,1,1,69.1,0.0,0.0,0.0,365.0,0.0,0.0,0.0,0.0,0.0,0.0,3,1,0.33,5.35,16.06,62.88,70.76847826086956,11.04,0.0,3,1,1,0,0,1,0,0
1,0,1,0,50.0,1,0,0,0,0,0,0,0,0,20.55,0.0,0.0,0.0,365.0,1.0,14.4,14.4,0.0,0.0,0.0,2,0,0.0,0.0,0.0,35.87,21.353,-0.52,0.0,0,0,2,0,1,0,0,1
1,0,1,0,28.0,1,0,0,0,0,1,0,0,0,76.55,10.0,240.5,2.0,117.0,1.0,40.0,40.0,1.0,0.0,1.0,3,1,0.33,11.85,35.56,71.18,73.76428571428572,-14.99,5.0,1,2,0,1,0,0,0,0
0,0,0,0,66.0,0,0,1,1,1,1,1,1,1,62.5,0.0,0.0,0.0,365.0,0.0,0.0,0.0,0.0,0.0,0.0,1,0,0.0,0.0,0.0,46.52,62.672727272727265,4.44,0.0,6,0,2,0,0,0,0,0
1,1,0,0,8.0,0,0,0,0,1,0,0,0,1,29.4,0.0,0.0,0.0,365.0,0.0,0.0,0.0,0.0,0.0,0.0,3,0,0.0,0.0,0.0,74.77,27.7375,-28.66,0.0,1,2,0,0,0,0,1,0
0,0,1,1,41.0,1,0,0,0,1,0,1,1,1,94.9,0.0,0.0,0.0,365.0,0.0,0.0,0.0,0.0,0.0,0.0,3,2,0.67,18.46,41.1,78.28,93.85365853658537,3.36,0.0,3,2,0,1,0,0,0,0
1,1,1,0,72.0,1,1,0,1,1,1,1,1,1,111.65,3.0,207.0,1.0,123.0,0.0,0.0,0.0,0.0,0.0,0.0,2,0,0.0,0.0,0.0,109.16,111.42847222222223,20.11,3.0,5,0,2,1,0,0,0,0
0,0,0,0,7.0,1,0,0,0,0,0,0,0,0,19.9,0.0,0.0,0.0,365.0,0.0,0.0,0.0,0.0,0.0,0.0,2,1,0.5,3.56,7.13,107.18,24.735714285714288,-1.17,0.0,0,2,1,0,1,0,0,1
0,0,1,1,38.0,1,0,0,0,0,0,0,0,0,20.45,4.0,125.0,1.0,307.0,0.0,0.0,0.0,0.0,0.0,0.0,1,0,0.0,0.0,0.0,43.28,20.55921052631579,-0.62,4.0,0,1,0,0,1,0,0,1
1,0,0,0,44.0,1,0,1,1,1,0,1,1,1,106.05,0.0,0.0,0.0,365.0,0.0,0.0,0.0,0.0,0.0,0.0,3,0,0.0,0.0,0.0,91.75,102.51818181818182,14.51,0.0,5,0,1,1,0,0,1,0
1,0,1,1,47.0,1,1,1,1,1,1,1,1,1,113.45,5.0,98.0,1.0,137.0,0.0,0.0,0.0,0.0,0.0,0.0,2,0,0.0,0.0,0.0,43.44,113.14468085106384,21.91,5.0,6,0,1,1,0,0,0,0
1,0,1,1,53.0,1,0,0,1,0,1,1,0,1,92.55,0.0,0.0,0.0,365.0,0.0,0.0,0.0,0.0,0.0,0.0,1,0,0.0,0.0,0.0,66.33,90.17830188679245,1.01,0.0,3,1,0,1,0,0,1,0
1,0,1,0,4.0,1,1,0,0,1,0,1,0,0,65.6,12.0,60.0,2.0,215.0,1.0,23.4,23.4,1.0,0.0,1.0,3,0,0.0,0.0,0.0,98.21,62.525,7.54,6.0,2,2,0,0,0,0,1,0
1,1,0,0,20.0,1,1,0,0,0,0,1,0,1,84.35,0.0,0.0,0.0,365.0,0.0,0.0,0.0,0.0,0.0,0.0,3,0,0.0,0.0,0.0,59.54,87.26,-7.19,0.0,1,1,0,1,0,0,1,0
1,0,0,0,2.0,1,0,0,0,0,0,0,0,0,44.65,6.0,277.0,1.0,280.0,0.0,0.0,0.0,0.0,0.0,0.0,1,0,0.0,0.0,0.0,95.54,37.45,-13.41,6.0,0,2,0,0,0,0,0,1
1,1,1,0,57.0,1,1,0,1,1,0,1,0,1,71.1,0.0,0.0,0.0,365.0,0.0,0.0,0.0,0.0,0.0,0.0,1,0,0.0,0.0,0.0,42.43,72.63333333333334,13.04,0.0,3,0,1,0,0,1,0,0
0,1,1,0,44.0,1,0,1,1,0,1,0,0,1,85.15,0.0,0.0,0.0,365.0,0.0,0.0,0.0,0.0,0.0,0.0,2,0,0.0,0.0,0.0,64.03,83.42045454545455,-6.39,0.0,3,1,0,1,0,0,1,0
1,0,0,0,24.0,1,0,0,0,1,0,0,0,1,49.7,5.0,277.0,1.0,94.0,2.0,30.75,37.4,2.0,0.0,1.0,3,2,0.67,12.72,29.2,56.82,48.65833333333333,-8.36,5.0,1,2,0,0,0,0,0,1
1,0,1,1,15.0,0,0,1,0,0,0,0,0,1,30.2,4.0,125.0,1.0,292.0,0.0,0.0,0.0,0.0,0.0,0.0,3,0,0.0,0.0,0.0,94.48,31.31,-27.86,4.0,1,1,0,0,0,0,0,0
0,0,0,0,3.0,0,0,0,0,0,0,0,0,0,25.25,4.0,173.0,1.0,67.0,0.0,0.0,0.0,0.0,0.0,0.0,1,0,0.0,0.0,0.0,91.59,19.633333333333333,-32.81,4.0,0,2,0,0,0,0,1,0
0,0,0,1,4.0,1,1,0,1,1,0,0,0,0,84.05,4.0,145.0,1.0,161.0,0.0,0.0,0.0,0.0,0.0,0.0,1,0,0.0,0.0,0.0,36.34,83.3875,-7.49,4.0,2,2,0,1,0,0,0,0
1,1,1,0,12.0,1,1,0,0,0,0,1,0,1,85.7,0.0,0.0,0.0,365.0,0.0,0.0,0.0,0.0,0.0,0.0,1,0,0.0,0.0,0.0,60.99,264.2625,-5.84,0.0,1,1,0,1,0,0,1,0
0,0,0,0,1.0,1,0,0,1,0,0,0,0,1,74.7,0.0,0.0,0.0,365.0,1.0,6.5,6.5,0.0,1.0,0.0,1,1,1.0,7.84,7.84,64.45,74.7,-16.84,0.0,1,3,0,1,0,0,1,0
0,0,0,0,24.0,1,0,1,0,0,1,0,0,0,56.35,0.0,0.0,0.0,365.0,0.0,0.0,0.0,0.0,0.0,0.0,1,0,0.0,0.0,0.0,50.97,57.550000000000004,-1.71,0.0,2,1,0,0,0,1,0,0
0,0,0,0,5.0,1,1,0,1,0,0,1,0,1,90.8,0.0,0.0,0.0,365.0,0.0,0.0,0.0,0.0,0.0,0.0,1,0,0.0,0.0,0.0,56.0,91.1,-0.74,0.0,2,2,0,1,0,0,1,0
0,0,0,0,33.0,1,1,0,1,1,0,1,1,0,107.55,7.0,39.0,1.0,61.0,0.0,0.0,0.0,0.0,0.0,0.0,2,0,0.0,0.0,0.0,107.98,110.46969696969697,16.01,7.0,4,1,0,1,0,0,1,0
0,0,1,1,58.0,1,0,0,0,0,0,0,0,1,19.85,0.0,0.0,0.0,365.0,0.0,0.0,0.0,0.0,0.0,0.0,3,1,0.33,4.3,12.89,77.72,19.980172413793102,-1.22,0.0,0,1,2,0,1,0,0,1
0,0,1,1,72.0,1,1,1,1,0,0,1,0,1,95.9,0.0,0.0,0.0,365.0,0.0,0.0,0.0,0.0,0.0,0.0,3,0,0.0,0.0,0.0,82.26,96.58541666666666,4.36,0.0,3,0,2,1,0,0,0,0
0,0,1,0,71.0,1,1,0,0,0,0,0,0,0,23.85,2.0,261.0,1.0,16.0,0.0,0.0,0.0,0.0,0.0,0.0,3,0,0.0,0.0,0.0,64.58,23.55070422535211,2.78,2.0,0,0,2,0,1,0,0,1
0,1,0,0,28.0,1,1,0,1,1,0,1,1,1,106.15,2.0,85.0,1.0,70.0,1.0,20.3,20.3,1.0,0.0,1.0,2,0,0.0,0.0,0.0,78.26,112.58928571428571,14.61,2.0,4,1,0,1,0,0,1,0
1,0,1,0,51.0,1,0,1,1,1,1,1,1,1,83.85,0.0,0.0,0.0,365.0,0.0,0.0,0.0,0.0,0.0,0.0,2,0,0.0,0.0,0.0,68.04,84.45294117647059,25.79,0.0,6,0,2,0,0,1,0,0
0,0,0,0,30.0,1,0,1,1,1,1,1,1,0,85.35,0.0,0.0,0.0,365.0,0.0,0.0,0.0,0.0,0.0,0.0,2,0,0.0,0.0,0.0,72.39,84.34666666666666,27.29,0.0,6,0,1,0,0,0,0,0
1,1,1,0,72.0,1,0,1,1,0,1,0,0,1,84.8,5.0,150.0,1.0,315.0,0.0,0.0,0.0,0.0,0.0,0.0,2,1,0.5,12.59,25.18,77.6,85.30069444444445,-6.74,5.0,3,1,2,1,0,1,0,0
1,1,0,0,36.0,1,1,1,0,0,0,1,0,1,90.85,0.0,0.0,0.0,365.0,1.0,13.1,13.1,1.0,0.0,1.0,3,1,0.33,9.87,29.62,62.25,88.51944444444445,-0.69,0.0,2,2,0,1,0,0,1,0
1,0,0,1,64.0,1,0,1,1,1,1,0,1,0,76.1,0.0,0.0,0.0,365.0,0.0,0.0,0.0,0.0,0.0,0.0,3,0,0.0,0.0,0.0,67.81,16.48125,18.04,0.0,5,0,2,0,0,0,0,0
0,0,1,1,72.0,1,1,1,1,0,1,1,0,0,74.55,0.0,0.0,0.0,365.0,0.0,0.0,0.0,0.0,0.0,0.0,2,1,0.5,23.36,46.73,101.42,75.42569444444445,16.49,0.0,4,1,2,0,0,0,0,1
0,0,1,1,22.0,0,0,0,1,0,0,1,0,0,39.2,0.0,0.0,0.0,365.0,1.0,6.2,6.2,0.0,1.0,0.0,3,0,0.0,0.0,0.0,47.05,38.63181818181818,-18.86,0.0,2,1,0,0,0,0,1,0
0,0,0,0,2.0,1,1,0,1,0,0,0,0,0,79.55,0.0,0.0,0.0,365.0,0.0,0.0,0.0,0.0,0.0,0.0,3,0,0.0,0.0,0.0,87.94,75.875,-11.99,0.0,1,2,0,1,0,0,1,0
0,0,0,0,15.0,1,0,0,0,0,0,0,0,0,19.6,0.0,0.0,0.0,365.0,0.0,0.0,0.0,0.0,0.0,0.0,1,1,1.0,8.52,8.52,116.67,19.959999999999997,-1.47,0.0,0,2,0,0,1,0,0,1
1,0,1,1,51.0,1,0,0,0,0,0,0,0,0,19.55,7.0,61.0,1.0,352.0,0.0,0.0,0.0,0.0,0.0,0.0,1,0,0.0,0.0,0.0,104.0,21.308823529411764,-1.52,7.0,0,0,2,0,1,1,0,0
1,0,1,0,70.0,0,0,1,0,1,1,0,0,1,39.15,4.0,209.0,1.0,112.0,0.0,0.0,0.0,0.0,0.0,0.0,3,1,0.33,15.35,46.05,93.19,38.46785714285714,-18.91,4.0,3,1,2,0,0,1,0,0
0,0,1,1,71.0,1,0,0,0,0,0,0,0,0,20.1,0.0,0.0,0.0,365.0,0.0,0.0,0.0,0.0,0.0,0.0,2,0,0.0,0.0,0.0,77.24,19.57183098591549,-0.97,0.0,0,0,2,0,1,0,0,0
0,0,1,1,39.0,1,1,0,0,0,1,1,1,1,99.95,0.0,0.0,0.0,365.0,1.0,100.5,100.5,1.0,0.0,1.0,3,0,0.0,0.0,0.0,83.43,96.60000000000001,8.41,0.0,3,1,0,1,0,1,0,0
0,0,1,1,61.0,1,1,1,1,0,0,0,0,0,59.8,0.0,0.0,0.0,365.0,0.0,0.0,0.0,0.0,0.0,0.0,1,0,0.0,0.0,0.0,65.04,59.69672131147541,1.74,0.0,2,1,0,0,0,0,1,0
0,0,0,0,52.0,1,0,1,0,0,0,0,0,1,49.75,0.0,0.0,0.0,365.0,0.0,0.0,0.0,0.0,0.0,0.0,2,1,0.5,2.35,4.7,74.46,48.760576923076925,-8.31,0.0,1,2,0,0,0,0,0,0
0,0,0,0,1.0,0,0,0,0,0,0,1,0,1,35.75,0.0,0.0,0.0,365.0,0.0,0.0,0.0,0.0,0.0,0.0,2,1,0.5,16.08,32.15,84.42,35.75,-22.31,0.0,1,3,0,0,0,0,1,0
1,0,1,0,64.0,1,1,1,0,1,1,1,1,1,108.5,0.0,0.0,0.0,365.0,0.0,0.0,0.0,0.0,0.0,0.0,1,0,0.0,0.0,0.0,57.7,107.51328125,16.96,0.0,5,0,1,1,0,0,0,1
1,0,1,0,62.0,1,0,0,1,1,1,0,0,1,60.15,0.0,0.0,0.0,365.0,0.0,0.0,0.0,0.0,0.0,0.0,3,1,0.33,8.98,26.94,49.78,60.53548387096774,2.09,0.0,3,1,2,0,0,1,0,0
1,0,1,0,30.0,1,0,0,0,0,0,0,0,0,19.05,0.0,0.0,0.0,365.0,1.0,45.0,45.0,1.0,0.0,1.0,2,1,0.5,6.64,13.28,97.26,21.251666666666665,-2.02,0.0,0,1,2,0,1,0,0,1
0,1,1,1,4.0,1,0,0,0,0,0,0,0,0,46.0,4.0,45.0,1.0,164.0,0.0,0.0,0.0,0.0,0.0,0.0,3,0,0.0,0.0,0.0,49.27,45.4,-12.06,4.0,0,2,0,0,0,0,1,0
1,1,1,0,63.0,1,0,1,1,1,1,1,1,1,84.0,2.0,196.0,1.0,336.0,0.0,0.0,0.0,0.0,0.0,0.0,1,0,0.0,0.0,0.0,23.47,84.59603174603176,25.94,2.0,6,0,1,0,0,0,0,0
0,0,0,0,1.0,1,0,0,0,0,0,0,0,1,44.55,0.0,0.0,0.0,365.0,0.0,0.0,0.0,0.0,0.0,0.0,2,1,0.5,2.83,5.66,74.26,44.55,-13.51,0.0,0,3,0,0,0,1,0,0
1,0,1,0,15.0,1,1,0,0,1,1,1,1,1,103.45,0.0,0.0,0.0,365.0,0.0,0.0,0.0,0.0,0.0,0.0,3,1,0.33,4.52,13.55,65.34,102.65333333333334,11.91,0.0,4,2,0,1,0,0,1,0
1,0,1,1,27.0,1,0,1,1,0,0,0,0,1,91.75,0.0,0.0,0.0,365.0,0.0,0.0,0.0,0.0,0.0,0.0,1,0,0.0,0.0,0.0,22.51,81.8425925925926,0.21,0.0,2,0,1,1,0,1,0,0
0,0,0,1,4.0,0,0,1,1,1,0,1,1,1,57.2,0.0,0.0,0.0,365.0,1.0,39.5,39.5,1.0,0.0,1.0,3,0,0.0,0.0,0.0,46.85,55.9375,-0.86,0.0,5,2,0,0,0,0,0,1
0,0,1,0,72.0,1,1,1,1,1,0,1,1,1,110.75,8.0,59.0,1.0,169.0,0.0,0.0,0.0,0.0,0.0,0.0,1,0,0.0,0.0,0.0,73.82,107.6625,19.21,8.0,5,0,2,1,0,0,1,0
1,1,1,0,45.0,1,1,0,0,0,0,0,0,0,24.7,0.0,0.0,0.0,365.0,0.0,0.0,0.0,0.0,0.0,0.0,2,0,0.0,0.0,0.0,52.88,26.096666666666664,3.63,0.0,0,0,1,0,1,1,0,0
0,1,0,0,12.0,1,1,1,1,0,1,1,0,1,97.05,4.0,14.0,1.0,73.0,0.0,0.0,0.0,0.0,0.0,0.0,3,0,0.0,0.0,0.0,89.37,365.42083333333335,5.51,4.0,4,1,0,1,0,0,1,0
0,0,0,0,36.0,1,0,1,1,1,1,1,0,1,76.35,7.0,63.0,1.0,28.0,0.0,0.0,0.0,0.0,0.0,0.0,2,0,0.0,0.0,0.0,63.98,72.39861111111111,18.29,7.0,5,0,1,0,0,0,0,1
1,0,1,1,17.0,1,0,1,0,1,0,1,0,1,89.4,0.0,0.0,0.0,365.0,0.0,0.0,0.0,0.0,0.0,0.0,3,0,0.0,0.0,0.0,62.05,90.55588235294118,-2.14,0.0,3,1,0,1,0,0,1,0
1,0,0,0,1.0,1,0,0,0,0,0,0,0,0,18.9,5.0,196.0,1.0,57.0,0.0,0.0,0.0,0.0,0.0,0.0,3,1,0.33,10.88,32.63,79.07,18.9,-2.17,5.0,0,3,0,0,1,0,0,1
1,1,0,0,16.0,1,1,0,0,0,0,0,0,1,74.45,0.0,0.0,0.0,365.0,0.0,0.0,0.0,0.0,0.0,0.0,3,1,0.33,14.49,43.48,63.64,78.834375,-17.09,0.0,0,2,0,1,0,0,0,0
1,0,0,0,3.0,1,0,0,0,0,0,0,0,1,19.8,0.0,0.0,0.0,365.0,0.0,0.0,0.0,0.0,0.0,0.0,1,0,0.0,0.0,0.0,111.66,19.383333333333333,-1.27,0.0,0,2,0,0,1,0,0,1
1,0,1,1,4.0,1,1,0,0,0,0,0,0,1,50.9,13.0,207.0,2.0,28.0,1.0,17.0,17.0,0.0,0.0,0.0,1,0,0.0,0.0,0.0,49.6,56.4,-7.16,6.5,0,2,0,0,0,0,1,0
0,0,1,0,71.0,1,0,1,1,1,1,1,1,1,84.4,0.0,0.0,0.0,365.0,0.0,0.0,0.0,0.0,0.0,0.0,3,0,0.0,0.0,0.0,69.92,84.07464788732395,26.34,0.0,6,0,2,0,0,1,0,0
1,0,1,1,10.0,1,1,0,0,0,0,0,0,1,24.4,7.0,104.66666666666669,3.0,168.0,0.0,0.0,0.0,0.0,0.0,0.0,1,1,1.0,6.02,6.02,102.01,25.39,3.33,2.333,0,3,0,0,1,0,0,1
1,0,1,1,20.0,1,0,0,0,0,0,0,0,0,20.05,0.0,0.0,0.0,365.0,0.0,0.0,0.0,0.0,0.0,0.0,1,0,0.0,0.0,0.0,47.45,20.0,-1.02,0.0,0,0,2,0,1,0,0,1
1,0,0,0,4.0,1,0,0,0,0,0,1,0,1,81.0,0.0,0.0,0.0,365.0,0.0,0.0,0.0,0.0,0.0,0.0,2,0,0.0,0.0,0.0,51.64,85.2125,-10.54,0.0,1,2,0,1,0,0,1,0
1,0,0,0,26.0,1,1,0,0,1,0,1,1,1,98.35,0.0,0.0,0.0,365.0,0.0,0.0,0.0,0.0,0.0,0.0,2,1,0.5,18.9,37.79,102.34,96.7423076923077,6.81,0.0,3,2,0,1,0,0,1,0
0,0,0,0,4.0,1,0,0,0,0,0,1,0,0,55.5,4.0,164.0,1.0,45.0,0.0,0.0,0.0,0.0,0.0,0.0,1,1,1.0,17.84,17.84,111.55,56.8375,-2.56,4.0,1,3,0,0,0,1,0,0
1,0,0,0,5.0,0,0,0,1,0,0,1,1,1,51.0,9.0,194.0,1.0,61.0,0.0,0.0,0.0,0.0,0.0,0.0,3,1,0.33,4.54,13.62,72.97,61.19,-7.06,9.0,3,3,0,0,0,0,0,1
0,0,1,0,4.0,1,1,0,1,0,0,1,0,1,91.65,0.0,0.0,0.0,365.0,0.0,0.0,0.0,0.0,0.0,0.0,3,0,0.0,0.0,0.0,85.16,91.35,0.11,0.0,2,2,0,1,0,0,1,0
1,1,1,0,12.0,1,1,0,0,0,0,0,1,1,84.3,5.0,194.0,1.0,43.0,0.0,0.0,0.0,0.0,0.0,0.0,1,0,0.0,0.0,0.0,33.28,196.47916666666666,-7.24,5.0,1,1,0,1,0,0,1,0
1,0,0,0,2.0,1,0,1,1,0,0,1,1,0,100.2,0.0,0.0,0.0,365.0,0.0,0.0,0.0,0.0,0.0,0.0,3,0,0.0,0.0,0.0,89.74,99.25,8.66,0.0,4,2,0,1,0,0,1,0
0,0,0,0,29.0,1,0,0,0,0,0,0,0,0,19.4,14.0,66.5,2.0,93.0,0.0,0.0,0.0,0.0,0.0,0.0,1,0,0.0,0.0,0.0,60.09,19.112068965517242,-1.67,7.0,0,0,2,0,1,0,0,1
1,0,0,1,1.0,1,0,0,0,0,0,1,1,1,90.85,17.0,60.0,3.0,77.0,0.0,0.0,0.0,0.0,0.0,0.0,1,0,0.0,0.0,0.0,54.05,90.85,-0.69,5.667,2,2,0,1,0,0,1,0
1,0,0,0,1.0,1,0,0,0,0,0,0,0,0,69.4,0.0,0.0,0.0,365.0,0.0,0.0,0.0,0.0,0.0,0.0,1,0,0.0,0.0,0.0,87.71,69.4,-22.14,0.0,0,2,0,1,0,0,0,1
0,1,0,0,8.0,1,0,0,0,1,0,1,1,1,91.75,0.0,0.0,0.0,365.0,1.0,3.9,3.9,0.0,0.0,0.0,3,0,0.0,0.0,0.0,64.5,92.86875,0.21,0.0,3,2,0,1,0,1,0,0
1,0,0,0,13.0,1,0,0,0,0,0,0,0,1,20.4,11.0,264.0,1.0,80.0,1.0,43.3,43.3,1.0,0.0,1.0,2,0,0.0,0.0,0.0,113.73,19.357692307692307,-0.67,11.0,0,1,0,0,1,0,1,0
0,0,1,0,59.0,1,1,1,1,0,0,1,0,1,94.75,5.0,182.0,1.0,118.0,0.0,0.0,0.0,0.0,0.0,0.0,3,0,0.0,0.0,0.0,104.1,94.87542372881356,3.21,5.0,3,1,0,1,0,0,1,0
0,0,1,1,1.0,1,0,0,0,0,0,0,0,1,20.15,8.0,245.0,1.0,70.0,0.0,0.0,0.0,0.0,0.0,0.0,1,1,1.0,7.53,7.53,32.82,20.15,-0.92,8.0,0,3,0,0,1,1,0,0
1,1,0,0,50.0,1,1,0,0,0,0,1,1,1,95.7,0.0,0.0,0.0,365.0,0.0,0.0,0.0,0.0,0.0,0.0,1,0,0.0,0.0,0.0,27.88,96.334,4.16,0.0,2,1,0,1,0,0,1,0
1,0,1,0,18.0,1,0,0,0,0,0,0,0,1,44.35,0.0,0.0,0.0,365.0,0.0,0.0,0.0,0.0,0.0,0.0,1,1,1.0,42.95,42.95,91.86,42.669444444444444,-13.71,0.0,0,2,0,0,0,0,0,0
0,0,1,1,17.0,1,0,1,1,0,0,1,1,0,74.55,0.0,0.0,0.0,365.0,0.0,0.0,0.0,0.0,0.0,0.0,2,0,0.0,0.0,0.0,85.2,71.51764705882353,16.49,0.0,4,1,0,0,0,0,0,1
1,0,1,0,47.0,1,0,0,1,1,0,1,1,0,73.6,0.0,0.0,0.0,365.0,1.0,41.4,41.4,0.0,1.0,0.0,1,0,0.0,0.0,0.0,47.82,74.95,15.54,0.0,4,0,2,0,0,0,1,0
0,0,0,0,26.0,1,1,0,0,0,0,0,0,1,74.95,0.0,0.0,0.0,365.0,1.0,10.5,10.5,0.0,0.0,0.0,2,0,0.0,0.0,0.0,47.01,70.575,-16.59,0.0,0,1,0,1,0,0,0,0
0,0,0,0,6.0,0,0,0,0,1,0,1,1,1,47.95,1.0,216.0,1.0,55.0,1.0,45.7,45.7,1.0,0.0,1.0,2,0,0.0,0.0,0.0,31.92,50.85,-10.11,1.0,3,2,0,0,0,0,1,0
1,0,1,1,19.0,1,1,0,0,0,0,0,0,0,50.1,6.0,35.0,1.0,109.0,0.0,0.0,0.0,0.0,0.0,0.0,2,0,0.0,0.0,0.0,61.08,47.91842105263158,-7.96,6.0,0,1,0,0,0,1,0,0
0,0,0,0,3.0,1,1,0,0,0,1,1,0,1,63.6,0.0,0.0,0.0,365.0,0.0,0.0,0.0,0.0,0.0,0.0,2,0,0.0,0.0,0.0,40.48,51.88333333333333,5.54,0.0,2,2,0,0,0,0,1,0
0,1,1,1,68.0,0,0,0,1,1,0,1,1,1,53.0,0.0,0.0,0.0,365.0,0.0,0.0,0.0,0.0,0.0,0.0,3,1,0.33,2.32,6.95,69.09,53.768382352941174,-5.06,0.0,4,1,2,0,0,0,1,0
0,0,1,0,2.0,1,0,0,0,0,0,0,0,0,19.85,0.0,0.0,0.0,365.0,0.0,0.0,0.0,0.0,0.0,0.0,2,0,0.0,0.0,0.0,76.72,26.0,-1.22,0.0,0,2,0,0,1,0,0,0
1,0,0,0,7.0,0,0,0,0,0,0,0,0,1,24.35,10.0,56.5,2.0,52.0,0.0,0.0,0.0,0.0,0.0,0.0,1,1,1.0,3.29,3.29,53.36,21.55,-33.71,5.0,0,2,1,0,0,1,0,0
0,0,0,0,18.0,1,0,0,0,0,0,0,0,1,19.55,0.0,0.0,0.0,365.0,0.0,0.0,0.0,0.0,0.0,0.0,3,3,1.0,15.86,37.28,53.01,21.625,-1.52,0.0,0,2,0,0,1,0,0,1
0,0,1,0,71.0,1,1,0,0,0,0,0,0,0,25.05,0.0,0.0,0.0,365.0,0.0,0.0,0.0,0.0,0.0,0.0,2,1,0.5,10.26,20.53,85.12,26.390140845070423,3.98,0.0,0,1,2,0,1,1,0,0
1,1,1,0,13.0,1,1,1,1,0,0,0,1,0,93.8,7.0,212.0,1.0,43.0,0.0,0.0,0.0,0.0,0.0,0.0,2,2,1.0,21.56,36.36,76.96,97.0,2.26,7.0,3,2,0,1,0,1,0,0
1,0,0,0,3.0,0,0,0,1,0,1,0,0,1,56.15,0.0,0.0,0.0,365.0,1.0,42.2,42.2,0.0,0.0,0.0,2,1,0.5,25.46,50.92,111.5,36.233333333333334,-1.91,0.0,2,3,0,0,0,0,0,1
1,0,1,0,72.0,1,1,0,1,1,0,1,1,1,103.75,0.0,0.0,0.0,365.0,0.0,0.0,0.0,0.0,0.0,0.0,1,0,0.0,0.0,0.0,55.2,102.03055555555555,12.21,0.0,4,0,2,1,0,0,0,0
1,0,1,1,66.0,0,0,0,1,1,0,1,1,1,56.75,3.0,89.0,1.0,185.0,0.0,0.0,0.0,0.0,0.0,0.0,2,1,0.5,6.52,13.04,53.92,56.18787878787879,-1.31,3.0,4,1,2,0,0,1,0,0
1,0,1,1,24.0,1,0,0,0,0,0,0,0,1,20.8,0.0,0.0,0.0,365.0,0.0,0.0,0.0,0.0,0.0,0.0,1,0,0.0,0.0,0.0,118.29,19.568749999999998,-0.27,0.0,0,0,1,0,1,1,0,0
0,0,0,0,1.0,1,0,0,0,0,0,0,0,1,44.1,7.0,252.0,1.0,130.0,1.0,12.0,12.0,0.0,0.0,0.0,2,0,0.0,0.0,0.0,90.46,44.1,-13.96,7.0,0,2,0,0,0,0,1,0
0,0,1,1,56.0,1,1,0,0,0,0,0,0,1,24.45,3.0,242.0,1.0,307.0,0.0,0.0,0.0,0.0,0.0,0.0,3,0,0.0,0.0,0.0,81.67,24.74732142857143,3.38,3.0,0,0,2,0,1,0,0,1
0,1,1,0,22.0,1,1,0,0,0,0,0,0,0,25.6,0.0,0.0,0.0,365.0,0.0,0.0,0.0,0.0,0.0,0.0,2,0,0.0,0.0,0.0,63.26,24.94545454545454,4.53,0.0,0,0,1,0,1,0,0,0
1,0,0,0,14.0,0,0,0,0,1,0,1,1,1,50.75,0.0,0.0,0.0,365.0,0.0,0.0,0.0,0.0,0.0,0.0,3,1,0.33,9.11,27.32,96.49,50.910714285714285,-7.31,0.0,3,2,0,0,0,0,1,0
0,1,1,0,61.0,1,1,0,1,1,0,1,1,1,104.4,0.0,0.0,0.0,365.0,0.0,0.0,0.0,0.0,0.0,0.0,1,0,0.0,0.0,0.0,93.93,105.0,12.86,0.0,4,0,1,1,0,1,0,0
0,1,1,0,40.0,0,0,0,1,0,0,1,0,1,39.3,9.0,160.5,2.0,32.0,0.0,0.0,0.0,0.0,0.0,0.0,1,0,0.0,0.0,0.0,46.33,40.935,-18.76,4.5,2,1,0,0,0,0,1,0
0,0,0,0,42.0,1,0,1,1,1,0,0,0,0,59.65,0.0,0.0,0.0,365.0,0.0,0.0,0.0,0.0,0.0,0.0,2,1,0.5,2.72,5.45,51.64,60.394047619047626,1.59,0.0,3,2,0,0,0,0,0,0
0,0,1,1,72.0,1,1,1,0,1,1,1,1,1,83.3,0.0,0.0,0.0,365.0,0.0,0.0,0.0,0.0,0.0,0.0,3,0,0.0,0.0,0.0,66.44,83.92638888888888,25.24,0.0,5,0,2,0,0,0,0,0
0,0,0,0,12.0,1,1,0,0,0,1,0,0,1,79.55,0.0,0.0,0.0,365.0,0.0,0.0,0.0,0.0,0.0,0.0,3,0,0.0,0.0,0.0,67.0,79.85416666666667,-11.99,0.0,1,1,0,1,0,1,0,0
1,0,1,0,71.0,1,1,0,0,0,0,0,0,0,24.45,4.0,206.0,1.0,352.0,0.0,0.0,0.0,0.0,0.0,0.0,1,0,0.0,0.0,0.0,75.75,24.375352112676058,3.38,4.0,0,0,2,0,1,0,0,0
0,0,1,0,26.0,1,0,0,0,0,0,0,0,0,19.2,5.0,38.0,1.0,223.0,0.0,0.0,0.0,0.0,0.0,0.0,2,0,0.0,0.0,0.0,50.56,17.676923076923078,-1.87,5.0,0,0,1,0,1,0,0,1
0,0,0,1,7.0,0,0,1,0,0,0,0,0,0,29.8,0.0,0.0,0.0,365.0,0.0,0.0,0.0,0.0,0.0,0.0,3,1,0.33,7.13,21.38,89.17,28.849999999999998,-28.26,0.0,1,3,0,0,0,0,0,1
0,0,1,1,6.0,1,0,0,0,0,0,0,0,0,45.5,0.0,0.0,0.0,365.0,1.0,12.2,12.2,0.0,1.0,0.0,1,0,0.0,0.0,0.0,86.74,47.53333333333333,-12.56,0.0,0,2,0,0,0,0,0,1
0,0,0,0,58.0,1,0,1,1,1,0,1,1,1,106.45,0.0,0.0,0.0,365.0,0.0,0.0,0.0,0.0,0.0,0.0,3,0,0.0,0.0,0.0,85.49,105.96293103448276,14.91,0.0,5,0,1,1,0,0,1,0
1,0,1,0,51.0,0,0,0,1,0,0,0,0,1,30.05,0.0,0.0,0.0,365.0,0.0,0.0,0.0,0.0,0.0,0.0,2,0,0.0,0.0,0.0,100.0,29.98921568627451,-28.01,0.0,1,1,0,0,0,1,0,0
1,0,1,1,72.0,0,0,1,1,1,1,1,1,1,65.65,0.0,0.0,0.0,365.0,0.0,0.0,0.0,0.0,0.0,0.0,2,0,0.0,0.0,0.0,76.88,64.78472222222223,7.59,0.0,6,0,2,0,0,0,0,0
0,0,0,0,18.0,1,0,1,0,0,0,1,1,1,96.05,0.0,0.0,0.0,365.0,0.0,0.0,0.0,0.0,0.0,0.0,3,0,0.0,0.0,0.0,83.28,96.70555555555556,4.51,0.0,3,1,0,1,0,0,1,0
0,0,0,0,7.0,1,1,0,0,0,0,0,0,1,75.1,2.0,62.0,1.0,33.0,1.0,23.2,23.2,0.0,1.0,0.0,3,1,0.33,4.27,12.81,49.38,78.99285714285715,-16.44,2.0,0,3,0,1,0,0,0,0
0,0,0,0,47.0,1,1,1,1,0,1,0,1,0,74.05,5.0,33.0,1.0,104.0,0.0,0.0,0.0,0.0,0.0,0.0,2,0,0.0,0.0,0.0,61.04,74.38936170212766,15.99,5.0,4,0,2,0,0,0,0,1
1,1,0,0,2.0,1,0,0,0,0,0,0,0,1,44.7,0.0,0.0,0.0,365.0,0.0,0.0,0.0,0.0,0.0,0.0,2,2,1.0,25.01,43.81,78.69,46.85,-13.36,0.0,0,3,0,0,0,0,1,0
1,1,0,0,62.0,1,1,0,1,1,1,1,1,1,110.75,8.0,265.0,1.0,5.0,0.0,0.0,0.0,0.0,0.0,0.0,3,0,0.0,0.0,0.0,71.27,113.76370967741936,19.21,8.0,5,0,1,1,0,0,0,0
0,0,1,1,16.0,1,0,0,0,0,0,0,0,0,19.7,4.0,257.0,1.0,277.0,2.0,7.0,10.9,1.0,1.0,0.5,1,1,1.0,23.77,23.77,49.99,18.846875,-1.37,4.0,0,1,2,0,1,0,0,1
1,0,0,0,6.0,1,0,0,0,0,1,0,0,1,49.5,0.0,0.0,0.0,365.0,1.0,2.5,2.5,0.0,0.0,0.0,2,1,0.5,5.96,11.91,76.43,52.11666666666667,-8.56,0.0,1,3,0,0,0,1,0,0
1,0,0,0,19.0,1,0,0,0,1,1,0,0,1,55.0,4.0,24.0,1.0,290.0,0.0,0.0,0.0,0.0,0.0,0.0,1,0,0.0,0.0,0.0,33.86,55.078947368421055,-3.06,4.0,2,1,0,0,0,1,0,0
0,0,1,1,69.0,0,0,1,0,1,0,0,1,1,43.95,0.0,0.0,0.0,365.0,0.0,0.0,0.0,0.0,0.0,0.0,1,0,0.0,0.0,0.0,26.18,42.9,-14.11,0.0,3,0,2,0,0,1,0,0
1,0,1,1,11.0,1,1,0,0,0,0,0,0,1,74.35,6.0,14.0,1.0,171.0,0.0,0.0,0.0,0.0,0.0,0.0,2,0,0.0,0.0,0.0,99.23,75.83636363636364,-17.19,6.0,0,2,0,1,0,0,1,0
0,0,1,0,64.0,1,1,0,1,1,1,1,1,1,111.15,1.0,57.0,1.0,190.0,0.0,0.0,0.0,0.0,0.0,0.0,1,0,0.0,0.0,0.0,79.21,108.646875,19.61,1.0,5,1,0,1,0,0,1,0
0,0,1,0,39.0,1,0,1,0,1,1,1,1,1,104.7,10.0,193.0,1.0,17.0,0.0,0.0,0.0,0.0,0.0,0.0,1,0,0.0,0.0,0.0,33.03,106.02179487179488,13.16,10.0,5,0,1,1,0,1,0,0
0,0,0,0,15.0,1,1,1,0,0,0,0,0,1,55.7,0.0,0.0,0.0,365.0,0.0,0.0,0.0,0.0,0.0,0.0,3,0,0.0,0.0,0.0,77.53,59.986666666666665,-2.36,0.0,1,1,0,0,0,0,0,1
1,0,0,0,25.0,1,0,0,0,0,0,0,0,0,20.6,0.0,0.0,0.0,365.0,0.0,0.0,0.0,0.0,0.0,0.0,3,2,0.67,16.15,38.74,66.78,21.66,-0.47,0.0,0,2,0,0,1,0,0,1
0,0,0,0,6.0,1,0,0,0,0,0,0,0,0,19.65,0.0,0.0,0.0,365.0,0.0,0.0,0.0,0.0,0.0,0.0,2,0,0.0,0.0,0.0,85.8,19.474999999999998,-1.42,0.0,0,1,2,0,1,1,0,0
1,0,1,0,66.0,1,1,1,1,1,1,1,1,0,115.8,0.0,0.0,0.0,365.0,0.0,0.0,0.0,0.0,0.0,0.0,3,0,0.0,0.0,0.0,71.35,120.33560606060605,24.26,0.0,6,0,1,1,0,0,0,0
0,0,0,0,64.0,1,1,0,1,1,1,1,1,0,88.65,0.0,0.0,0.0,365.0,0.0,0.0,0.0,0.0,0.0,0.0,3,0,0.0,0.0,0.0,31.4,83.14453125,30.59,0.0,5,0,2,0,0,1,0,0
0,1,1,0,43.0,1,1,1,1,0,0,1,0,1,94.5,0.0,0.0,0.0,365.0,1.0,11.1,11.1,1.0,0.0,1.0,2,0,0.0,0.0,0.0,90.1,96.66976744186047,2.96,0.0,3,1,0,1,0,0,1,0
0,0,0,0,12.0,1,0,0,0,0,0,0,0,0,20.1,0.0,0.0,0.0,365.0,0.0,0.0,0.0,0.0,0.0,0.0,1,0,0.0,0.0,0.0,77.5,18.633333333333333,-0.97,0.0,0,1,0,0,1,0,0,1
1,1,0,0,23.0,0,0,0,0,0,0,0,1,1,34.65,5.0,33.0,1.0,79.0,0.0,0.0,0.0,0.0,0.0,0.0,1,0,0.0,0.0,0.0,41.02,33.410869565217396,-23.41,5.0,1,1,0,0,0,0,0,0
1,1,1,0,12.0,0,0,0,1,1,0,1,1,1,52.3,0.0,0.0,0.0,365.0,0.0,0.0,0.0,0.0,0.0,0.0,2,1,0.5,3.3,6.61,55.3,313.75416666666666,-5.76,0.0,4,2,0,0,0,0,0,0
0,0,0,0,34.0,1,1,0,0,0,1,1,0,0,65.0,0.0,0.0,0.0,365.0,1.0,14.0,14.0,0.0,0.0,0.0,2,0,0.0,0.0,0.0,61.26,63.455882352941174,6.94,0.0,2,1,0,0,0,0,0,1
0,0,0,0,5.0,1,0,0,0,0,0,0,0,0,19.85,0.0,0.0,0.0,365.0,0.0,0.0,0.0,0.0,0.0,0.0,2,0,0.0,0.0,0.0,68.81,21.61,-1.22,0.0,0,2,0,0,1,1,0,0
0,0,1,0,41.0,0,0,0,1,0,1,0,0,0,35.45,6.0,197.0,1.0,186.0,1.0,11.6,11.6,1.0,0.0,1.0,3,0,0.0,0.0,0.0,55.23,33.94268292682927,-22.61,6.0,2,0,1,0,0,0,0,1
0,0,1,1,72.0,1,0,0,0,0,0,0,0,0,19.7,0.0,0.0,0.0,365.0,0.0,0.0,0.0,0.0,0.0,0.0,1,0,0.0,0.0,0.0,83.65,19.163888888888888,-1.37,0.0,0,0,2,0,1,1,0,0
1,1,0,0,14.0,1,1,0,0,0,0,1,1,1,95.6,4.0,36.0,2.0,47.0,0.0,0.0,0.0,0.0,0.0,0.0,1,0,0.0,0.0,0.0,51.18,90.95,4.06,2.0,2,1,0,1,0,0,1,0
0,0,0,0,41.0,1,0,0,0,0,0,0,0,1,19.85,0.0,0.0,0.0,365.0,0.0,0.0,0.0,0.0,0.0,0.0,2,0,0.0,0.0,0.0,101.18,19.76707317073171,-1.22,0.0,0,0,2,0,1,0,0,1
0,0,1,1,23.0,1,1,1,0,0,0,0,0,0,81.85,0.0,0.0,0.0,365.0,1.0,29.4,29.4,1.0,0.0,1.0,1,0,0.0,0.0,0.0,65.66,78.73260869565217,-9.69,0.0,1,0,1,1,0,1,0,0
1,0,1,1,71.0,1,0,1,1,1,1,1,1,0,109.3,3.0,178.0,1.0,176.0,0.0,0.0,0.0,0.0,0.0,0.0,3,0,0.0,0.0,0.0,44.58,109.61760563380282,17.76,3.0,6,0,2,1,0,1,0,0
0,0,0,0,1.0,1,0,0,0,0,0,0,0,1,70.3,0.0,0.0,0.0,365.0,0.0,0.0,0.0,0.0,0.0,0.0,1,0,0.0,0.0,0.0,80.24,70.3,-21.24,0.0,0,2,0,1,0,0,1,0
1,0,1,0,72.0,1,1,0,0,0,0,0,0,0,25.4,0.0,0.0,0.0,365.0,0.0,0.0,0.0,0.0,0.0,0.0,1,0,0.0,0.0,0.0,64.67,24.959722222222222,4.33,0.0,0,0,2,0,1,0,0,1
1,0,1,1,6.0,1,0,0,0,0,0,0,0,1,69.8,0.0,0.0,0.0,365.0,0.0,0.0,0.0,0.0,0.0,0.0,3,0,0.0,0.0,0.0,55.69,62.975,-21.74,0.0,0,2,0,1,0,0,1,0
1,0,1,1,23.0,1,0,0,0,0,0,0,0,1,20.0,0.0,0.0,0.0,365.0,0.0,0.0,0.0,0.0,0.0,0.0,1,0,0.0,0.0,0.0,52.02,19.360869565217392,-1.07,0.0,0,0,1,0,1,1,0,0
1,1,1,0,10.0,1,1,0,0,0,0,0,1,0,85.55,6.0,139.0,1.0,316.0,0.0,0.0,0.0,0.0,0.0,0.0,3,1,0.33,2.25,6.76,72.97,85.175,-5.99,6.0,1,3,0,1,0,0,1,0
0,0,0,0,72.0,1,0,1,1,1,1,1,1,1,109.9,1.0,27.0,1.0,323.0,0.0,0.0,0.0,0.0,0.0,0.0,3,0,0.0,0.0,0.0,74.19,105.89166666666667,18.36,1.0,6,0,2,1,0,0,1,0
0,0,1,0,7.0,1,0,1,0,0,0,0,0,1,50.3,4.0,179.0,1.0,279.0,0.0,0.0,0.0,0.0,0.0,0.0,2,0,0.0,0.0,0.0,25.68,50.728571428571435,-7.76,4.0,1,2,0,0,0,0,0,0
1,0,0,1,6.0,1,0,0,0,1,0,1,1,0,94.5,0.0,0.0,0.0,365.0,1.0,8.1,8.1,1.0,0.0,1.0,3,1,0.33,4.81,14.42,69.61,95.90833333333335,2.96,0.0,3,3,0,1,0,0,0,1
1,0,1,1,9.0,1,0,0,1,0,1,1,1,1,101.5,0.0,0.0,0.0,365.0,0.0,0.0,0.0,0.0,0.0,0.0,1,0,0.0,0.0,0.0,96.57,100.76111111111112,9.96,0.0,4,2,0,1,0,0,1,0
0,0,0,0,12.0,1,1,0,1,0,0,0,1,1,89.15,5.0,213.0,1.0,17.0,0.0,0.0,0.0,0.0,0.0,0.0,3,0,0.0,0.0,0.0,63.12,88.12916666666666,-2.39,5.0,2,1,0,1,0,0,1,0
0,0,0,0,1.0,1,0,0,0,0,0,0,0,1,19.4,0.0,0.0,0.0,365.0,1.0,47.5,47.5,0.0,0.0,0.0,3,1,0.33,8.09,24.27,62.72,19.4,-1.67,0.0,0,3,0,0,1,0,0,1
0,1,1,1,48.0,0,0,0,1,0,0,0,0,0,29.9,0.0,0.0,0.0,365.0,0.0,0.0,0.0,0.0,0.0,0.0,3,0,0.0,0.0,0.0,46.04,28.932291666666668,-28.16,0.0,1,0,1,0,0,0,0,0
1,0,0,0,20.0,1,0,0,0,0,0,1,0,0,78.8,0.0,0.0,0.0,365.0,0.0,0.0,0.0,0.0,0.0,0.0,3,0,0.0,0.0,0.0,104.72,82.065,-12.74,0.0,1,1,0,1,0,0,1,0
0,1,1,0,16.0,1,1,0,0,0,0,0,1,1,85.35,2.0,236.0,1.0,302.0,1.0,18.8,18.8,0.0,0.0,0.0,3,0,0.0,0.0,0.0,41.31,85.946875,-6.19,2.0,1,1,0,1,0,1,0,0
0,0,0,0,2.0,1,0,0,0,0,0,1,0,1,79.65,4.0,27.0,1.0,113.0,0.0,0.0,0.0,0.0,0.0,0.0,3,0,0.0,0.0,0.0,72.99,76.35,-11.89,4.0,1,2,0,1,0,0,0,1
0,0,0,0,10.0,1,0,0,0,0,0,0,0,1,19.3,0.0,0.0,0.0,365.0,0.0,0.0,0.0,0.0,0.0,0.0,1,0,0.0,0.0,0.0,52.35,18.52,-1.77,0.0,0,1,1,0,1,0,0,1
0,1,0,0,2.0,1,0,0,0,0,0,0,1,1,79.6,0.0,0.0,0.0,365.0,0.0,0.0,0.0,0.0,0.0,0.0,3,0,0.0,0.0,0.0,43.5,97.525,-11.94,0.0,1,2,0,1,0,0,1,0
1,0,1,1,20.0,1,1,0,1,0,1,1,0,0,96.8,0.0,0.0,0.0,365.0,1.0,18.8,18.8,1.0,0.0,1.0,1,0,0.0,0.0,0.0,78.42,91.33500000000001,5.26,0.0,3,1,0,1,0,0,0,1
1,0,1,0,20.0,1,0,0,0,0,0,0,0,0,20.65,2.0,22.0,1.0,112.0,0.0,0.0,0.0,0.0,0.0,0.0,2,0,0.0,0.0,0.0,58.81,20.875,-0.42,2.0,0,0,1,0,1,0,0,1
1,0,1,1,19.0,1,0,0,0,0,0,0,0,0,19.8,2.0,102.0,1.0,33.0,1.0,17.1,17.1,1.0,0.0,1.0,1,0,0.0,0.0,0.0,27.06,18.13157894736842,-1.27,2.0,0,0,1,0,1,0,0,1
1,1,0,0,19.0,1,1,1,0,0,0,1,0,1,90.6,12.0,158.0,2.0,119.0,0.0,0.0,0.0,0.0,0.0,0.0,3,0,0.0,0.0,0.0,88.84,87.36842105263158,-0.94,6.0,2,1,0,1,0,0,1,0
1,0,1,0,22.0,1,0,1,1,0,1,1,1,1,104.6,0.0,0.0,0.0,365.0,0.0,0.0,0.0,0.0,0.0,0.0,2,1,0.5,3.52,7.03,95.28,99.1159090909091,13.06,0.0,5,2,0,1,0,0,1,0
0,0,0,0,35.0,1,1,0,0,0,1,0,0,0,80.05,7.0,193.0,1.0,15.0,2.0,12.3,15.4,1.0,0.0,0.5,2,0,0.0,0.0,0.0,30.63,81.02571428571429,-11.49,7.0,1,1,0,1,0,1,0,0
0,0,0,0,1.0,1,0,0,0,0,0,0,0,0,45.15,0.0,0.0,0.0,365.0,0.0,0.0,0.0,0.0,0.0,0.0,1,0,0.0,0.0,0.0,64.29,45.15,-12.91,0.0,0,2,0,0,0,0,0,1
1,0,0,0,39.0,1,1,0,0,0,0,0,0,1,73.15,0.0,0.0,0.0,365.0,0.0,0.0,0.0,0.0,0.0,0.0,3,0,0.0,0.0,0.0,70.23,70.02179487179487,-18.39,0.0,0,1,0,1,0,1,0,0
0,1,1,0,44.0,1,0,0,0,1,1,1,1,1,99.1,0.0,0.0,0.0,365.0,0.0,0.0,0.0,0.0,0.0,0.0,3,0,0.0,0.0,0.0,36.79,123.57045454545455,7.56,0.0,4,0,1,1,0,0,1,0
0,0,0,0,1.0,1,0,0,0,0,0,0,0,1,20.2,2.0,154.0,1.0,160.0,0.0,0.0,0.0,0.0,0.0,0.0,1,0,0.0,0.0,0.0,29.72,20.2,-0.87,2.0,0,2,0,0,1,0,0,0
1,0,1,0,66.0,1,1,1,0,1,0,1,1,1,106.05,4.0,42.0,1.0,222.0,1.0,2.8,2.8,0.0,1.0,0.0,1,0,0.0,0.0,0.0,56.23,105.7780303030303,14.51,4.0,4,0,2,1,0,1,0,0
1,0,0,0,56.0,1,1,1,0,0,1,1,1,1,105.35,18.0,173.66666666666666,3.0,85.0,0.0,0.0,0.0,0.0,0.0,0.0,1,0,0.0,0.0,0.0,98.0,103.47232142857142,13.81,6.0,4,1,0,1,0,0,0,1
1,0,0,1,18.0,1,0,0,0,0,0,0,0,1,56.15,5.0,144.0,1.0,307.0,0.0,0.0,0.0,0.0,0.0,0.0,1,0,0.0,0.0,0.0,85.46,41.51111111111111,-1.91,5.0,0,1,0,0,0,1,0,0
0,0,1,1,16.0,1,1,0,1,0,0,0,0,1,79.95,0.0,0.0,0.0,365.0,0.0,0.0,0.0,0.0,0.0,0.0,3,1,0.33,11.53,34.58,69.86,79.246875,-11.59,0.0,1,2,0,1,0,1,0,0
0,0,0,0,68.0,1,0,1,0,1,0,0,0,1,54.45,0.0,0.0,0.0,365.0,1.0,21.2,21.2,1.0,0.0,1.0,1,1,1.0,17.36,17.36,37.07,54.04338235294117,-3.61,0.0,2,1,1,0,0,1,0,0
0,1,1,0,53.0,1,1,0,0,0,0,0,0,0,25.1,0.0,0.0,0.0,365.0,1.0,95.4,95.4,0.0,0.0,0.0,3,1,0.33,4.87,14.6,78.19,24.067924528301884,4.03,0.0,0,1,2,0,1,1,0,0
0,0,1,1,72.0,1,1,1,0,1,1,1,1,0,84.7,0.0,0.0,0.0,365.0,0.0,0.0,0.0,0.0,0.0,0.0,3,0,0.0,0.0,0.0,68.7,81.85972222222222,26.64,0.0,5,0,2,0,0,1,0,0
1,0,0,0,12.0,1,1,0,0,0,0,0,0,1,75.85,0.0,0.0,0.0,365.0,0.0,0.0,0.0,0.0,0.0,0.0,2,0,0.0,0.0,0.0,62.0,60.387499999999996,-15.69,0.0,0,1,0,1,0,0,1,0
0,0,0,0,30.0,1,0,1,0,0,0,0,0,1,48.8,5.0,249.0,1.0,271.0,0.0,0.0,0.0,0.0,0.0,0.0,1,0,0.0,0.0,0.0,26.56,51.225,-9.26,5.0,1,1,0,0,0,0,0,1
0,0,0,0,36.0,1,1,0,1,0,0,1,1,1,99.15,0.0,0.0,0.0,365.0,0.0,0.0,0.0,0.0,0.0,0.0,2,0,0.0,0.0,0.0,45.98,100.43333333333334,7.61,0.0,3,1,0,1,0,0,1,0
0,0,0,0,12.0,0,0,0,0,1,1,0,0,1,35.2,0.0,0.0,0.0,365.0,0.0,0.0,0.0,0.0,0.0,0.0,3,1,0.33,1.76,5.27,100.45,50.60833333333333,-22.86,0.0,2,2,0,0,0,0,1,0
0,1,1,1,55.0,1,1,1,0,1,1,1,0,0,76.25,0.0,0.0,0.0,365.0,0.0,0.0,0.0,0.0,0.0,0.0,3,1,0.33,8.29,24.87,71.57,75.53727272727274,18.19,0.0,4,1,1,0,0,0,1,0
0,0,1,0,39.0,0,0,1,0,1,0,1,1,0,55.9,0.0,0.0,0.0,365.0,0.0,0.0,0.0,0.0,0.0,0.0,1,0,0.0,0.0,0.0,87.1,56.008974358974356,-2.16,0.0,4,1,0,0,0,0,1,0
1,0,0,0,21.0,1,1,0,1,0,0,0,0,1,91.75,8.0,211.0,1.0,309.0,0.0,0.0,0.0,0.0,0.0,0.0,1,0,0.0,0.0,0.0,62.35,88.23095238095237,0.21,8.0,1,1,0,1,0,0,1,0
1,0,0,0,2.0,0,0,0,1,1,1,0,0,1,40.4,2.0,217.0,1.0,222.0,0.0,0.0,0.0,0.0,0.0,0.0,1,1,1.0,16.74,16.74,113.89,38.575,-17.66,2.0,3,3,0,0,0,1,0,0
1,1,0,0,33.0,1,1,0,0,0,0,0,0,1,24.9,3.0,215.0,1.0,152.0,0.0,0.0,0.0,0.0,0.0,0.0,2,0,0.0,0.0,0.0,46.96,25.690909090909088,3.83,3.0,0,0,1,0,1,0,0,0
1,0,1,0,44.0,0,0,0,1,1,0,1,1,0,54.3,0.0,0.0,0.0,365.0,1.0,24.0,24.0,1.0,0.0,1.0,1,0,0.0,0.0,0.0,85.87,54.32840909090908,-3.76,0.0,4,0,2,0,0,0,0,0
0,0,1,1,12.0,1,0,1,0,0,1,0,1,0,66.3,0.0,0.0,0.0,365.0,0.0,0.0,0.0,0.0,0.0,0.0,3,1,0.33,3.23,9.68,48.94,160.29166666666666,8.24,0.0,3,2,0,0,0,0,0,0
0,0,1,0,71.0,1,0,0,0,0,0,0,0,1,20.9,0.0,0.0,0.0,365.0,0.0,0.0,0.0,0.0,0.0,0.0,3,1,0.33,8.44,25.31,93.71,21.03098591549296,-0.17,0.0,0,1,2,0,1,0,0,0
0,0,0,0,4.0,1,1,0,0,0,0,0,0,0,75.35,0.0,0.0,0.0,365.0,1.0,2.2,2.2,0.0,1.0,0.0,2,1,0.5,1.5,2.99,70.22,84.525,-16.19,0.0,0,3,0,1,0,0,1,0
1,0,0,1,44.0,1,0,0,0,1,0,1,0,1,85.15,6.0,31.0,1.0,285.0,0.0,0.0,0.0,0.0,0.0,0.0,3,1,0.33,1.44,4.31,84.29,68.87727272727273,-6.39,6.0,2,1,1,1,0,0,1,0
1,0,1,0,1.0,1,0,0,0,1,0,0,0,0,75.35,4.0,221.0,1.0,125.0,0.0,0.0,0.0,0.0,0.0,0.0,3,1,0.33,11.96,35.89,93.76,75.35,-16.19,4.0,1,3,0,1,0,1,0,0
1,1,1,0,23.0,1,1,0,1,1,0,1,1,1,104.45,4.0,38.0,1.0,47.0,0.0,0.0,0.0,0.0,0.0,0.0,3,1,0.33,10.72,32.16,66.83,94.99347826086957,12.91,4.0,4,2,0,1,0,0,1,0
0,0,0,1,22.0,0,0,0,0,1,0,1,1,1,49.45,0.0,0.0,0.0,365.0,0.0,0.0,0.0,0.0,0.0,0.0,1,0,0.0,0.0,0.0,29.64,46.88181818181818,-8.61,0.0,3,0,1,0,0,1,0,0
0,0,0,1,49.0,1,0,0,0,0,0,0,0,0,19.45,0.0,0.0,0.0,365.0,1.0,1.4,1.4,1.0,0.0,1.0,2,0,0.0,0.0,0.0,51.66,18.802040816326528,-1.62,0.0,0,0,1,0,1,1,0,0
0,0,1,1,42.0,1,0,0,0,1,0,1,1,1,92.15,0.0,0.0,0.0,365.0,0.0,0.0,0.0,0.0,0.0,0.0,1,0,0.0,0.0,0.0,20.46,92.27142857142857,0.61,0.0,3,1,0,1,0,0,1,0
0,0,1,1,33.0,1,0,0,0,1,0,1,1,1,93.8,8.0,154.5,2.0,19.0,1.0,11.1,11.1,0.0,1.0,0.0,2,1,0.5,26.6,53.2,90.42,94.68181818181819,2.26,4.0,3,1,1,1,0,0,1,0
0,0,1,1,7.0,1,0,0,0,0,0,0,0,0,19.85,3.0,63.0,1.0,152.0,0.0,0.0,0.0,0.0,0.0,0.0,3,0,0.0,0.0,0.0,74.49,20.592857142857145,-1.22,3.0,0,1,2,0,1,0,0,1
0,0,1,1,67.0,1,1,1,0,1,1,0,1,1,100.25,2.0,79.0,1.0,126.0,0.0,0.0,0.0,0.0,0.0,0.0,2,0,0.0,0.0,0.0,86.7,99.83582089552239,8.71,2.0,4,0,1,1,0,0,0,0
1,0,0,0,15.0,1,1,0,1,0,1,0,1,0,95.7,2.0,58.0,1.0,274.0,0.0,0.0,0.0,0.0,0.0,0.0,2,1,0.5,9.35,18.69,84.47,96.74,4.16,2.0,3,2,0,1,0,0,1,0
1,0,1,0,67.0,1,1,0,1,1,0,0,1,1,93.15,0.0,0.0,0.0,365.0,0.0,0.0,0.0,0.0,0.0,0.0,2,0,0.0,0.0,0.0,50.18,95.04776119402985,1.61,0.0,3,0,2,1,0,0,1,0
1,0,1,1,53.0,1,0,1,1,0,1,1,0,1,69.7,0.0,0.0,0.0,365.0,0.0,0.0,0.0,0.0,0.0,0.0,2,1,0.5,11.19,22.38,47.5,70.36981132075472,11.64,0.0,4,1,2,0,0,0,0,1
1,0,1,1,21.0,1,0,0,0,0,0,0,0,0,19.8,0.0,0.0,0.0,365.0,0.0,0.0,0.0,0.0,0.0,0.0,3,0,0.0,0.0,0.0,65.83,16.67142857142857,-1.27,0.0,0,0,1,0,1,0,0,1
0,0,1,1,40.0,1,0,1,1,0,1,0,1,1,71.35,0.0,0.0,0.0,365.0,0.0,0.0,0.0,0.0,0.0,0.0,3,2,0.67,4.69,10.84,60.0,71.17999999999999,13.29,0.0,4,2,0,0,0,0,0,1
0,0,1,1,22.0,1,0,0,0,0,0,0,0,0,20.75,0.0,0.0,0.0,365.0,0.0,0.0,0.0,0.0,0.0,0.0,1,1,1.0,39.44,39.44,92.0,20.561363636363637,-0.32,0.0,0,1,1,0,1,0,0,0
1,0,0,0,39.0,0,0,0,0,0,1,0,1,1,40.6,0.0,0.0,0.0,365.0,0.0,0.0,0.0,0.0,0.0,0.0,1,0,0.0,0.0,0.0,75.47,38.32051282051282,-17.46,0.0,2,1,0,0,0,0,1,0
1,0,0,0,45.0,1,0,0,0,0,0,0,0,1,20.4,9.0,166.0,1.0,153.0,1.0,4.6,4.6,0.0,1.0,0.0,2,0,0.0,0.0,0.0,57.36,20.67666666666667,-0.67,9.0,0,0,1,0,1,0,1,0
0,0,1,0,2.0,1,0,0,0,0,0,0,0,0,20.35,6.0,101.0,1.0,298.0,0.0,0.0,0.0,0.0,0.0,0.0,2,0,0.0,0.0,0.0,70.24,20.925,-0.72,6.0,0,2,0,0,1,0,0,1
0,0,1,1,57.0,1,0,0,0,0,0,0,0,0,19.75,0.0,0.0,0.0,365.0,0.0,0.0,0.0,0.0,0.0,0.0,3,0,0.0,0.0,0.0,79.18,22.316666666666666,-1.32,0.0,0,0,2,0,1,0,0,0
1,0,1,1,8.0,1,0,0,0,0,0,1,0,1,54.4,9.0,8.0,1.0,78.0,0.0,0.0,0.0,0.0,0.0,0.0,3,0,0.0,0.0,0.0,62.14,59.3875,-3.66,9.0,1,2,0,0,0,0,1,0
1,1,1,0,7.0,1,1,1,1,0,0,0,1,1,94.7,9.0,137.0,2.0,56.0,0.0,0.0,0.0,0.0,0.0,0.0,1,0,0.0,0.0,0.0,66.42,96.15714285714286,3.16,4.5,3,2,0,1,0,1,0,0
1,0,0,0,6.0,0,0,0,1,0,0,0,0,1,30.5,6.0,38.0,1.0,36.0,0.0,0.0,0.0,0.0,0.0,0.0,3,0,0.0,0.0,0.0,80.62,34.78333333333333,-27.56,6.0,1,2,0,0,0,1,0,0
0,0,1,1,7.0,1,0,0,0,0,0,0,0,0,20.45,0.0,0.0,0.0,365.0,0.0,0.0,0.0,0.0,0.0,0.0,3,0,0.0,0.0,0.0,58.12,21.535714285714285,-0.62,0.0,0,2,0,0,1,0,0,1
1,0,0,0,49.0,1,1,0,0,0,1,1,0,1,66.15,0.0,0.0,0.0,365.0,0.0,0.0,0.0,0.0,0.0,0.0,2,1,0.5,9.32,18.64,43.7,65.28571428571429,8.09,0.0,2,1,2,0,0,0,0,0
0,0,0,0,65.0,1,1,1,1,0,1,0,0,1,91.75,0.0,0.0,0.0,365.0,0.0,0.0,0.0,0.0,0.0,0.0,2,0,0.0,0.0,0.0,89.48,89.9176923076923,0.21,0.0,3,0,1,1,0,0,1,0
0,0,0,0,55.0,1,0,0,0,0,0,0,0,0,45.05,0.0,0.0,0.0,365.0,0.0,0.0,0.0,0.0,0.0,0.0,3,0,0.0,0.0,0.0,41.42,44.77454545454545,-13.01,0.0,0,0,1,0,0,0,0,0
1,0,1,1,71.0,1,1,1,1,1,1,1,1,0,86.85,6.0,284.0,1.0,279.0,0.0,0.0,0.0,0.0,0.0,0.0,1,0,0.0,0.0,0.0,58.7,88.22253521126761,28.79,6.0,6,0,2,0,0,0,0,0
1,0,0,0,35.0,1,1,1,1,1,1,0,0,1,96.75,4.0,206.0,1.0,291.0,0.0,0.0,0.0,0.0,0.0,0.0,2,0,0.0,0.0,0.0,25.74,97.24000000000001,5.21,4.0,4,1,0,1,0,0,0,1
1,1,0,0,3.0,1,1,0,0,0,0,0,0,1,77.0,0.0,0.0,0.0,365.0,0.0,0.0,0.0,0.0,0.0,0.0,3,0,0.0,0.0,0.0,93.42,79.25,-14.54,0.0,0,2,0,1,0,0,1,0
0,0,0,1,11.0,1,0,0,0,0,0,0,0,0,20.1,20.0,132.66666666666666,3.0,187.0,0.0,0.0,0.0,0.0,0.0,0.0,2,0,0.0,0.0,0.0,74.79,20.12272727272727,-0.97,6.667,0,2,0,0,1,1,0,0
0,0,0,0,1.0,1,0,0,0,1,0,0,0,0,75.3,0.0,0.0,0.0,365.0,0.0,0.0,0.0,0.0,0.0,0.0,1,0,0.0,0.0,0.0,90.27,75.3,-16.24,0.0,1,2,0,1,0,0,1,0
1,0,0,0,17.0,1,1,1,1,1,1,1,0,1,106.65,4.0,290.0,1.0,202.0,0.0,0.0,0.0,0.0,0.0,0.0,2,1,0.5,2.04,4.07,23.08,98.35882352941177,15.11,4.0,5,2,0,1,0,0,0,0
0,0,1,0,72.0,1,1,1,0,1,1,1,1,1,110.15,0.0,0.0,0.0,365.0,0.0,0.0,0.0,0.0,0.0,0.0,3,0,0.0,0.0,0.0,93.18,109.46111111111111,18.61,0.0,5,0,2,1,0,1,0,0
0,0,1,1,28.0,1,0,1,0,0,0,0,1,1,91.75,2.0,136.0,1.0,311.0,0.0,0.0,0.0,0.0,0.0,0.0,2,0,0.0,0.0,0.0,66.67,82.88571428571429,0.21,2.0,2,0,1,1,0,0,0,0
0,0,1,0,18.0,1,0,0,0,0,0,0,0,0,20.1,0.0,0.0,0.0,365.0,0.0,0.0,0.0,0.0,0.0,0.0,2,0,0.0,0.0,0.0,98.47,20.583333333333332,-0.97,0.0,0,0,2,0,1,0,0,1
0,1,1,0,40.0,1,0,0,1,0,1,1,1,1,99.2,0.0,0.0,0.0,365.0,0.0,0.0,0.0,0.0,0.0,0.0,1,0,0.0,0.0,0.0,45.22,101.55499999999999,7.66,0.0,4,0,1,1,0,1,0,0
0,0,0,0,52.0,1,0,0,0,1,0,0,1,1,59.45,0.0,0.0,0.0,365.0,0.0,0.0,0.0,0.0,0.0,0.0,1,0,0.0,0.0,0.0,39.3,58.5326923076923,1.39,0.0,2,1,0,0,0,0,1,0
0,0,1,0,12.0,1,0,0,1,0,0,1,0,1,58.6,0.0,0.0,0.0,365.0,0.0,0.0,0.0,0.0,0.0,0.0,1,0,0.0,0.0,0.0,71.48,226.95000000000002,0.54,0.0,2,1,0,0,0,0,0,0
0,0,0,0,23.0,1,0,0,0,1,0,0,0,0,49.7,8.0,119.0,1.0,66.0,0.0,0.0,0.0,0.0,0.0,0.0,3,1,0.33,6.33,19.0,47.8,47.01086956521739,-8.36,8.0,1,2,0,0,0,1,0,0
1,0,1,1,66.0,1,0,1,1,1,1,0,0,0,65.85,0.0,0.0,0.0,365.0,0.0,0.0,0.0,0.0,0.0,0.0,3,0,0.0,0.0,0.0,42.81,62.07651515151515,7.79,0.0,4,0,2,0,0,0,0,1
0,0,0,0,8.0,1,1,0,0,0,0,0,0,1,73.5,0.0,0.0,0.0,365.0,0.0,0.0,0.0,0.0,0.0,0.0,1,0,0.0,0.0,0.0,65.74,79.025,-18.04,0.0,0,2,0,1,0,0,1,0
1,1,0,0,47.0,1,0,1,0,0,0,0,1,0,85.5,0.0,0.0,0.0,365.0,0.0,0.0,0.0,0.0,0.0,0.0,3,0,0.0,0.0,0.0,68.4,86.00638297872341,-6.04,0.0,2,1,0,1,0,0,0,1
0,0,0,0,7.0,1,0,0,0,0,0,0,0,0,20.05,0.0,0.0,0.0,365.0,0.0,0.0,0.0,0.0,0.0,0.0,2,1,0.5,4.92,9.85,50.96,23.55,-1.02,0.0,0,3,0,0,1,0,0,1
0,0,1,1,71.0,1,1,1,1,1,1,1,1,0,113.65,0.0,0.0,0.0,365.0,0.0,0.0,0.0,0.0,0.0,0.0,1,0,0.0,0.0,0.0,49.79,115.02535211267606,22.11,0.0,6,0,2,1,0,1,0,0
0,1,0,0,50.0,1,1,1,1,0,0,0,0,1,83.4,0.0,0.0,0.0,365.0,0.0,0.0,0.0,0.0,0.0,0.0,3,1,0.33,6.83,20.48,71.53,82.274,-8.14,0.0,2,2,0,1,0,0,1,0
1,0,1,0,46.0,1,0,1,1,1,1,0,0,0,65.65,0.0,0.0,0.0,365.0,0.0,0.0,0.0,0.0,0.0,0.0,1,0,0.0,0.0,0.0,107.01,66.24239130434783,7.59,0.0,4,0,2,0,0,0,0,1
1,0,0,0,1.0,1,0,0,0,0,0,0,0,0,70.4,10.0,133.0,2.0,188.0,0.0,0.0,0.0,0.0,0.0,0.0,1,0,0.0,0.0,0.0,104.19,70.4,-21.14,5.0,0,2,0,1,0,0,1,0
0,0,0,0,66.0,0,0,1,0,1,1,1,1,1,61.35,0.0,0.0,0.0,365.0,0.0,0.0,0.0,0.0,0.0,0.0,1,1,1.0,21.21,21.21,61.16,63.53636363636363,3.29,0.0,5,1,2,0,0,0,0,0
0,0,1,0,42.0,1,1,0,0,1,1,0,0,1,91.75,0.0,0.0,0.0,365.0,0.0,0.0,0.0,0.0,0.0,0.0,1,0,0.0,0.0,0.0,81.99,88.80357142857143,0.21,0.0,2,1,0,1,0,1,0,0
0,0,0,0,5.0,1,0,0,0,0,1,0,0,1,75.65,7.0,205.0,1.0,225.0,1.0,37.4,37.4,0.0,0.0,0.0,2,1,0.5,11.72,23.44,79.62,79.89,-15.89,7.0,1,3,0,1,0,0,0,1
1,0,1,1,7.0,1,0,1,0,0,0,0,0,1,49.75,0.0,0.0,0.0,365.0,0.0,0.0,0.0,0.0,0.0,0.0,3,0,0.0,0.0,0.0,48.65,47.32857142857143,-8.31,0.0,1,1,1,0,0,0,1,0
1,0,0,0,29.0,1,1,0,1,1,0,0,1,0,56.15,0.0,0.0,0.0,365.0,2.0,15.0,16.5,2.0,0.0,1.0,3,1,0.33,5.74,17.23,57.32,67.7448275862069,-1.91,0.0,3,1,1,0,0,1,0,0
0,0,1,1,27.0,1,0,0,1,0,0,0,0,0,49.85,0.0,0.0,0.0,365.0,1.0,9.3,9.3,0.0,0.0,0.0,1,0,0.0,0.0,0.0,56.28,49.48703703703704,-8.21,0.0,1,1,0,0,0,0,0,1
0,1,0,0,15.0,1,0,0,1,0,0,0,0,1,75.3,6.0,288.0,1.0,359.0,0.0,0.0,0.0,0.0,0.0,0.0,1,0,0.0,0.0,0.0,98.15,76.49666666666667,-16.24,6.0,1,1,0,1,0,1,0,0
0,0,1,1,25.0,1,0,0,0,0,0,0,0,0,20.1,0.0,0.0,0.0,365.0,0.0,0.0,0.0,0.0,0.0,0.0,3,0,0.0,0.0,0.0,67.27,19.442,-0.97,0.0,0,0,2,0,1,0,0,1
0,0,1,0,11.0,1,1,0,0,0,0,1,1,1,94.0,4.0,19.0,1.0,191.0,1.0,61.9,61.9,1.0,0.0,1.0,3,0,0.0,0.0,0.0,93.18,98.08181818181819,2.46,4.0,2,2,0,1,0,0,1,0
1,0,1,0,57.0,1,1,1,1,1,1,1,0,1,103.05,0.0,0.0,0.0,365.0,2.0,73.4,123.0,0.0,1.0,0.0,3,0,0.0,0.0,0.0,73.94,103.96052631578948,11.51,0.0,5,1,0,1,0,0,1,0
1,0,0,0,67.0,1,1,1,1,1,1,1,1,1,118.35,0.0,0.0,0.0,365.0,0.0,0.0,0.0,0.0,0.0,0.0,2,0,0.0,0.0,0.0,62.94,116.47985074626865,26.81,0.0,6,0,1,1,0,0,0,0
0,1,1,0,12.0,1,1,0,0,1,0,1,1,0,99.7,0.0,0.0,0.0,365.0,1.0,1.2,1.2,1.0,0.0,1.0,2,0,0.0,0.0,0.0,77.56,395.59999999999997,8.16,0.0,3,1,0,1,0,0,1,0
0,0,0,0,13.0,1,0,0,0,0,0,1,0,1,81.9,0.0,0.0,0.0,365.0,0.0,0.0,0.0,0.0,0.0,0.0,2,0,0.0,0.0,0.0,71.92,79.14615384615385,-9.64,0.0,1,1,0,1,0,0,0,1
1,0,0,0,8.0,0,0,1,0,0,0,0,0,1,30.45,5.0,44.0,1.0,48.0,0.0,0.0,0.0,0.0,0.0,0.0,3,1,0.33,3.78,11.35,70.55,28.30625,-27.61,5.0,1,3,0,0,0,0,1,0
0,0,1,0,44.0,1,1,0,0,0,0,1,1,1,96.1,5.0,167.0,1.0,257.0,0.0,0.0,0.0,0.0,0.0,0.0,3,1,0.33,4.49,13.47,48.46,99.18409090909091,4.56,5.0,2,2,0,1,0,0,1,0
1,0,1,1,71.0,1,1,1,0,0,0,1,0,1,66.2,0.0,0.0,0.0,365.0,0.0,0.0,0.0,0.0,0.0,0.0,1,0,0.0,0.0,0.0,84.21,66.09225352112676,8.14,0.0,2,0,1,0,0,0,1,0
1,1,1,0,24.0,1,1,0,1,1,0,1,1,1,104.25,0.0,0.0,0.0,365.0,0.0,0.0,0.0,0.0,0.0,0.0,2,0,0.0,0.0,0.0,58.89,101.41250000000001,12.71,0.0,4,1,0,1,0,0,1,0
1,1,0,0,15.0,1,1,0,1,0,0,0,0,1,80.2,0.0,0.0,0.0,365.0,0.0,0.0,0.0,0.0,0.0,0.0,2,0,0.0,0.0,0.0,64.02,81.15,-11.34,0.0,1,1,0,1,0,0,1,0
0,0,0,0,1.0,1,0,0,0,0,0,0,0,0,19.75,0.0,0.0,0.0,365.0,2.0,9.65,16.1,0.0,0.0,0.0,1,0,0.0,0.0,0.0,24.12,19.75,-1.32,0.0,0,2,0,0,1,0,1,0
1,1,0,0,2.0,1,1,0,0,0,0,0,0,1,72.6,14.0,81.5,2.0,245.0,0.0,0.0,0.0,0.0,0.0,0.0,1,1,1.0,12.58,12.58,80.68,77.15,-18.94,7.0,0,3,0,1,0,0,0,1
1,1,0,0,55.0,1,1,1,1,1,1,1,1,1,116.5,0.0,0.0,0.0,365.0,0.0,0.0,0.0,0.0,0.0,0.0,3,1,0.33,4.65,13.95,98.91,116.04636363636364,24.96,0.0,6,2,0,1,0,0,1,0
1,1,0,0,71.0,1,1,0,1,0,1,1,1,1,106.8,0.0,0.0,0.0,365.0,0.0,0.0,0.0,0.0,0.0,0.0,1,0,0.0,0.0,0.0,105.05,107.36901408450704,15.26,0.0,4,0,2,1,0,0,1,0
1,0,1,1,50.0,1,1,0,0,0,0,0,0,0,24.95,0.0,0.0,0.0,365.0,1.0,12.4,12.4,0.0,0.0,0.0,2,0,0.0,0.0,0.0,46.72,25.229,3.88,0.0,0,0,2,0,1,0,0,1
1,0,0,0,1.0,1,0,0,0,0,0,1,1,1,89.25,0.0,0.0,0.0,365.0,0.0,0.0,0.0,0.0,0.0,0.0,1,0,0.0,0.0,0.0,89.45,89.25,-2.29,0.0,2,2,0,1,0,0,1,0
1,0,0,0,12.0,1,0,0,0,0,0,0,0,1,19.25,0.0,0.0,0.0,365.0,0.0,0.0,0.0,0.0,0.0,0.0,2,1,0.5,6.3,12.6,63.72,7.170833333333333,-1.82,0.0,0,2,0,0,1,0,0,1
0,0,0,0,66.0,1,1,1,1,1,1,1,0,1,104.55,0.0,0.0,0.0,365.0,0.0,0.0,0.0,0.0,0.0,0.0,1,0,0.0,0.0,0.0,62.07,102.7128787878788,13.01,0.0,5,0,1,1,0,0,0,0
0,0,1,1,49.0,1,0,1,1,1,1,1,1,1,87.2,1.0,262.0,1.0,219.0,0.0,0.0,0.0,0.0,0.0,0.0,3,1,0.33,6.13,18.4,58.51,88.6734693877551,29.14,1.0,6,1,1,0,0,0,0,1
0,1,1,0,3.0,0,0,0,1,0,0,0,0,1,30.75,8.0,235.0,1.0,247.0,0.0,0.0,0.0,0.0,0.0,0.0,1,0,0.0,0.0,0.0,94.92,27.616666666666664,-27.31,8.0,1,2,0,0,0,0,1,0
1,0,1,1,66.0,1,1,0,0,0,0,0,0,1,25.7,0.0,0.0,0.0,365.0,0.0,0.0,0.0,0.0,0.0,0.0,1,0,0.0,0.0,0.0,74.68,25.9780303030303,4.63,0.0,0,0,1,0,1,1,0,0
1,0,0,1,11.0,1,1,0,0,0,0,0,1,0,86.2,0.0,0.0,0.0,365.0,0.0,0.0,0.0,0.0,0.0,0.0,1,1,1.0,28.27,28.27,114.81,81.2,-5.34,0.0,1,3,0,1,0,0,1,0
1,0,0,0,28.0,0,0,0,0,0,1,0,0,1,30.1,0.0,0.0,0.0,365.0,1.0,36.6,36.6,0.0,0.0,0.0,3,2,0.67,9.98,25.85,39.6,28.958928571428572,-27.96,0.0,1,2,0,0,0,1,0,0
1,0,1,0,65.0,1,1,1,1,1,0,1,0,1,99.35,0.0,0.0,0.0,365.0,0.0,0.0,0.0,0.0,0.0,0.0,3,0,0.0,0.0,0.0,104.31,97.65461538461538,7.81,0.0,4,0,2,1,0,0,1,0
0,0,0,0,62.0,1,0,0,0,0,0,0,0,1,19.2,7.0,161.5,2.0,60.0,1.0,10.4,10.4,0.0,0.0,0.0,1,1,1.0,2.63,2.63,24.83,18.123387096774195,-1.87,3.5,0,1,2,0,1,1,0,0
0,0,1,0,2.0,1,0,0,0,0,0,0,0,0,20.1,0.0,0.0,0.0,365.0,0.0,0.0,0.0,0.0,0.0,0.0,2,0,0.0,0.0,0.0,66.33,21.575,-0.97,0.0,0,2,0,0,1,0,0,0
0,0,0,0,2.0,1,0,0,0,0,0,0,0,0,20.35,4.0,39.0,1.0,350.0,0.0,0.0,0.0,0.0,0.0,0.0,1,0,0.0,0.0,0.0,89.47,17.55,-0.72,4.0,0,2,0,0,1,1,0,0
0,0,1,1,55.0,1,1,0,0,0,0,0,0,1,25.65,0.0,0.0,0.0,365.0,0.0,0.0,0.0,0.0,0.0,0.0,2,0,0.0,0.0,0.0,56.35,25.236363636363638,4.58,0.0,0,0,2,0,1,1,0,0
1,1,1,0,41.0,1,0,0,1,0,0,1,1,1,94.55,0.0,0.0,0.0,365.0,0.0,0.0,0.0,0.0,0.0,0.0,3,1,0.33,18.29,54.87,67.87,93.93780487804878,3.01,0.0,3,2,0,1,0,0,1,0
0,0,1,1,17.0,1,1,1,0,1,0,1,1,1,91.75,0.0,0.0,0.0,365.0,0.0,0.0,0.0,0.0,0.0,0.0,1,0,0.0,0.0,0.0,47.8,102.55882352941177,0.21,0.0,4,1,0,1,0,0,1,0
0,0,0,0,30.0,1,0,0,0,0,1,1,1,1,94.4,0.0,0.0,0.0,365.0,0.0,0.0,0.0,0.0,0.0,0.0,2,0,0.0,0.0,0.0,115.23,87.93666666666667,2.86,0.0,3,0,1,1,0,0,0,0
1,0,0,0,17.0,1,0,1,1,0,0,0,0,0,56.1,0.0,0.0,0.0,365.0,0.0,0.0,0.0,0.0,0.0,0.0,2,0,0.0,0.0,0.0,95.29,55.70294117647059,-1.96,0.0,2,0,1,0,0,0,0,1
0,0,1,1,16.0,1,0,1,1,0,1,0,1,0,68.25,0.0,0.0,0.0,365.0,0.0,0.0,0.0,0.0,0.0,0.0,2,0,0.0,0.0,0.0,34.51,69.678125,10.19,0.0,4,0,2,0,0,0,0,0
1,0,0,0,72.0,1,1,0,0,0,0,0,0,0,24.75,0.0,0.0,0.0,365.0,1.0,75.7,75.7,1.0,0.0,1.0,1,1,1.0,25.41,25.41,51.11,24.688888888888886,3.68,0.0,0,1,2,0,1,0,0,0
1,0,0,0,12.0,1,1,0,0,0,0,0,0,1,76.25,0.0,0.0,0.0,365.0,1.0,17.0,17.0,1.0,0.0,1.0,2,0,0.0,0.0,0.0,72.0,57.07083333333333,-15.29,0.0,0,1,0,1,0,0,1,0
0,0,0,0,1.0,1,0,0,1,0,0,0,0,0,74.35,0.0,0.0,0.0,365.0,0.0,0.0,0.0,0.0,0.0,0.0,2,0,0.0,0.0,0.0,54.62,74.35,-17.19,0.0,1,2,0,1,0,0,1,0
1,0,0,1,23.0,1,0,0,1,0,1,0,0,0,54.15,0.0,0.0,0.0,365.0,0.0,0.0,0.0,0.0,0.0,0.0,1,0,0.0,0.0,0.0,49.55,57.06304347826087,-3.91,0.0,2,1,0,0,0,0,1,0
1,0,0,1,8.0,1,0,0,0,0,0,0,0,0,19.45,0.0,0.0,0.0,365.0,0.0,0.0,0.0,0.0,0.0,0.0,3,0,0.0,0.0,0.0,62.38,19.9,-1.62,0.0,0,2,0,0,1,0,0,0
1,0,1,1,19.0,0,0,1,1,0,0,0,0,1,34.95,5.0,153.0,1.0,241.0,1.0,26.7,26.7,1.0,0.0,1.0,2,0,0.0,0.0,0.0,60.17,32.11578947368421,-23.11,5.0,2,1,0,0,0,0,0,1
0,0,0,0,7.0,1,1,1,0,0,0,0,0,1,53.65,0.0,0.0,0.0,365.0,0.0,0.0,0.0,0.0,0.0,0.0,2,1,0.5,2.62,5.24,73.03,57.76428571428572,-4.41,0.0,1,3,0,0,0,0,1,0
1,1,0,0,1.0,1,0,0,0,0,0,0,0,1,69.65,7.0,223.0,1.0,211.0,1.0,0.5,0.5,0.0,1.0,0.0,2,0,0.0,0.0,0.0,76.66,69.65,-21.89,7.0,0,2,0,1,0,0,1,0
1,0,0,0,61.0,1,1,1,0,1,0,1,1,0,104.0,0.0,0.0,0.0,365.0,0.0,0.0,0.0,0.0,0.0,0.0,3,2,0.67,18.05,36.06,70.62,104.31885245901638,12.46,0.0,4,1,1,1,0,0,1,0
0,0,1,0,57.0,1,0,1,1,0,1,1,0,1,70.35,11.0,214.5,2.0,319.0,0.0,0.0,0.0,0.0,0.0,0.0,1,1,1.0,5.47,5.47,62.81,72.36228070175439,12.29,5.5,4,1,2,0,0,1,0,0
1,0,0,0,9.0,1,0,0,0,0,0,0,1,1,80.8,0.0,0.0,0.0,365.0,0.0,0.0,0.0,0.0,0.0,0.0,3,0,0.0,0.0,0.0,37.45,79.23333333333333,-10.74,0.0,1,2,0,1,0,0,1,0
1,0,0,1,15.0,1,0,1,0,1,0,0,1,0,64.85,16.0,103.33333333333331,3.0,213.0,0.0,0.0,0.0,0.0,0.0,0.0,2,0,0.0,0.0,0.0,82.42,63.38333333333333,6.79,5.333,3,0,1,0,0,0,0,1
0,0,0,0,1.0,1,0,0,0,0,0,0,0,0,19.65,0.0,0.0,0.0,365.0,1.0,61.0,61.0,0.0,1.0,0.0,2,0,0.0,0.0,0.0,108.34,19.65,-1.42,0.0,0,2,0,0,1,0,0,1
0,0,1,0,12.0,1,0,0,0,0,0,0,0,0,45.9,5.0,151.0,1.0,18.0,0.0,0.0,0.0,0.0,0.0,0.0,1,0,0.0,0.0,0.0,101.63,42.1625,-12.16,5.0,0,1,0,0,0,0,0,0
1,0,0,0,54.0,1,0,0,0,0,0,0,0,0,20.0,0.0,0.0,0.0,365.0,0.0,0.0,0.0,0.0,0.0,0.0,3,0,0.0,0.0,0.0,52.07,21.289814814814818,-1.07,0.0,0,0,2,0,1,0,0,1
1,0,1,1,4.0,1,0,0,0,0,0,0,0,0,44.8,8.0,124.0,1.0,315.0,0.0,0.0,0.0,0.0,0.0,0.0,2,0,0.0,0.0,0.0,54.55,42.4125,-13.26,8.0,0,2,0,0,0,0,1,0
0,0,0,0,7.0,1,0,0,0,0,0,1,0,1,80.3,0.0,0.0,0.0,365.0,0.0,0.0,0.0,0.0,0.0,0.0,3,0,0.0,0.0,0.0,75.46,75.24285714285715,-11.24,0.0,1,2,0,1,0,0,0,1
0,0,1,0,20.0,1,0,0,0,0,0,0,0,0,20.35,0.0,0.0,0.0,365.0,1.0,48.0,48.0,0.0,1.0,0.0,2,1,0.5,5.44,10.88,40.86,19.6575,-0.72,0.0,0,1,1,0,1,0,0,1
0,0,0,1,26.0,0,0,1,0,0,1,0,1,0,45.8,3.0,23.0,1.0,105.0,0.0,0.0,0.0,0.0,0.0,0.0,2,0,0.0,0.0,0.0,78.19,44.11538461538461,-12.26,3.0,3,1,0,0,0,0,0,1
1,1,1,0,36.0,1,1,0,0,0,0,0,1,1,84.1,7.0,32.0,1.0,340.0,1.0,17.7,17.7,1.0,0.0,1.0,3,1,0.33,10.84,32.52,76.1,83.93333333333334,-7.44,7.0,1,2,0,1,0,0,1,0
0,0,1,0,53.0,1,1,0,1,1,1,1,1,1,108.95,0.0,0.0,0.0,365.0,0.0,0.0,0.0,0.0,0.0,0.0,3,0,0.0,0.0,0.0,78.5,107.89056603773585,17.41,0.0,5,0,1,1,0,0,0,0
1,0,0,0,3.0,1,0,0,0,0,1,1,1,1,69.35,0.0,0.0,0.0,365.0,0.0,0.0,0.0,0.0,0.0,0.0,2,0,0.0,0.0,0.0,50.9,63.78333333333333,11.29,0.0,3,2,0,0,0,0,1,0
0,0,0,0,68.0,0,0,1,1,1,1,1,1,0,64.35,12.0,130.0,2.0,29.0,0.0,0.0,0.0,0.0,0.0,0.0,3,1,0.33,11.32,33.95,85.62,66.75882352941177,6.29,6.0,6,1,2,0,0,1,0,0
1,0,1,1,72.0,1,1,1,1,1,1,1,1,1,90.8,0.0,0.0,0.0,365.0,0.0,0.0,0.0,0.0,0.0,0.0,3,0,0.0,0.0,0.0,50.8,88.85555555555555,32.74,0.0,6,0,2,0,0,1,0,0
1,0,0,0,12.0,1,1,0,0,0,0,0,0,0,24.95,5.0,144.0,1.0,85.0,0.0,0.0,0.0,0.0,0.0,0.0,3,0,0.0,0.0,0.0,88.58,23.366666666666664,3.88,5.0,0,0,1,0,1,1,0,0
0,1,1,1,34.0,1,1,0,1,0,0,0,0,1,79.6,0.0,0.0,0.0,365.0,0.0,0.0,0.0,0.0,0.0,0.0,1,0,0.0,0.0,0.0,47.82,79.95,-11.94,0.0,1,1,0,1,0,0,0,1
0,0,1,0,68.0,1,1,1,1,0,0,0,0,1,84.7,12.0,210.5,2.0,253.0,0.0,0.0,0.0,0.0,0.0,0.0,3,0,0.0,0.0,0.0,76.64,83.9860294117647,-6.84,6.0,2,0,2,1,0,0,0,0
0,0,0,1,50.0,1,0,1,0,1,1,1,0,1,70.8,6.0,18.0,1.0,176.0,1.0,26.7,26.7,0.0,1.0,0.0,3,1,0.33,9.76,29.28,85.25,69.563,12.74,6.0,4,1,1,0,0,1,0,0
0,1,0,0,1.0,0,0,0,0,0,0,1,0,1,36.45,4.0,231.0,1.0,72.0,0.0,0.0,0.0,0.0,0.0,0.0,1,0,0.0,0.0,0.0,73.4,36.45,-21.61,4.0,1,2,0,0,0,0,1,0
0,1,0,0,41.0,1,1,0,1,1,0,1,1,1,104.4,8.0,289.0,1.0,216.0,1.0,38.5,38.5,0.0,1.0,0.0,3,0,0.0,0.0,0.0,54.66,100.8280487804878,12.86,8.0,4,1,0,1,0,0,1,0
1,1,1,0,30.0,1,1,0,0,0,1,1,1,1,101.5,0.0,0.0,0.0,365.0,0.0,0.0,0.0,0.0,0.0,0.0,2,0,0.0,0.0,0.0,46.56,97.25500000000001,9.96,0.0,3,1,0,1,0,0,1,0
1,0,0,0,1.0,1,1,0,1,0,0,0,0,0,54.3,0.0,0.0,0.0,365.0,0.0,0.0,0.0,0.0,0.0,0.0,2,0,0.0,0.0,0.0,83.44,54.3,-3.76,0.0,1,2,0,0,0,0,1,0
1,1,1,1,29.0,1,1,0,0,1,0,1,1,1,103.95,6.0,203.0,1.0,135.0,0.0,0.0,0.0,0.0,0.0,0.0,2,0,0.0,0.0,0.0,67.15,102.2344827586207,12.41,6.0,3,1,0,1,0,0,1,0
0,0,1,1,23.0,1,1,1,1,1,1,1,1,1,91.1,6.0,289.0,1.0,326.0,0.0,0.0,0.0,0.0,0.0,0.0,2,0,0.0,0.0,0.0,81.96,95.57826086956523,33.04,6.0,6,0,2,0,0,1,0,0
1,0,0,1,60.0,1,0,0,0,0,0,0,0,0,19.95,0.0,0.0,0.0,365.0,0.0,0.0,0.0,0.0,0.0,0.0,2,0,0.0,0.0,0.0,48.84,19.831666666666667,-1.12,0.0,0,0,2,0,1,0,0,1
0,0,1,0,72.0,1,1,0,0,0,0,0,0,0,26.45,10.0,194.0,2.0,62.0,1.0,4.7,4.7,0.0,1.0,0.0,2,1,0.5,4.12,8.23,55.78,26.59027777777778,5.38,5.0,0,1,2,0,1,1,0,0
1,0,0,1,12.0,1,0,0,1,1,0,1,0,1,89.4,5.0,47.0,1.0,274.0,0.0,0.0,0.0,0.0,0.0,0.0,3,2,0.67,14.37,33.46,50.1,166.79166666666666,-2.14,5.0,3,2,0,1,0,0,1,0
1,0,0,0,72.0,1,0,1,1,1,1,1,0,1,75.1,4.0,22.0,1.0,261.0,0.0,0.0,0.0,0.0,0.0,0.0,2,0,0.0,0.0,0.0,84.95,74.11597222222223,17.04,4.0,5,0,2,0,0,0,0,0
0,1,0,0,66.0,1,1,0,1,1,0,1,1,0,108.1,0.0,0.0,0.0,365.0,0.0,0.0,0.0,0.0,0.0,0.0,2,0,0.0,0.0,0.0,48.09,109.67575757575759,16.56,0.0,4,0,1,1,0,0,0,0
0,0,1,0,72.0,1,1,0,1,1,1,1,1,1,110.15,0.0,0.0,0.0,365.0,0.0,0.0,0.0,0.0,0.0,0.0,1,0,0.0,0.0,0.0,101.46,111.09444444444445,18.61,0.0,5,0,2,1,0,0,1,0
0,1,1,0,47.0,1,1,1,0,0,0,0,0,0,80.35,0.0,0.0,0.0,365.0,0.0,0.0,0.0,0.0,0.0,0.0,2,0,0.0,0.0,0.0,70.56,81.40106382978723,-11.19,0.0,1,1,0,1,0,0,1,0
0,0,0,0,51.0,1,1,0,1,1,1,1,1,1,111.5,0.0,0.0,0.0,365.0,0.0,0.0,0.0,0.0,0.0,0.0,2,1,0.5,17.94,35.89,71.68,111.82843137254902,19.96,0.0,5,1,1,1,0,0,1,0
0,0,1,1,70.0,1,1,0,1,1,0,1,1,1,106.5,0.0,0.0,0.0,365.0,0.0,0.0,0.0,0.0,0.0,0.0,2,0,0.0,0.0,0.0,52.68,105.67142857142858,14.96,0.0,4,0,1,1,0,0,1,0
1,0,0,0,9.0,1,0,0,0,0,0,0,0,1,19.9,0.0,0.0,0.0,365.0,1.0,3.9,3.9,0.0,1.0,0.0,3,0,0.0,0.0,0.0,65.23,18.288888888888888,-1.17,0.0,0,1,1,0,1,0,1,0
1,0,1,1,59.0,1,1,1,1,0,1,1,1,1,111.1,6.0,248.0,1.0,279.0,0.0,0.0,0.0,0.0,0.0,0.0,1,0,0.0,0.0,0.0,106.76,111.10508474576271,19.56,6.0,5,0,2,1,0,0,0,1
1,0,0,1,3.0,1,0,0,0,0,1,1,1,0,70.7,0.0,0.0,0.0,365.0,0.0,0.0,0.0,0.0,0.0,0.0,2,0,0.0,0.0,0.0,62.81,75.21666666666667,12.64,0.0,3,2,0,0,0,0,0,1
1,1,1,0,38.0,0,0,0,0,0,0,0,0,1,24.85,0.0,0.0,0.0,365.0,0.0,0.0,0.0,0.0,0.0,0.0,1,0,0.0,0.0,0.0,81.34,25.151315789473685,-33.21,0.0,0,1,0,0,0,0,1,0
0,0,0,0,37.0,1,1,1,1,1,0,0,0,0,91.2,4.0,237.0,1.0,240.0,0.0,0.0,0.0,0.0,0.0,0.0,2,0,0.0,0.0,0.0,62.57,91.41351351351352,-0.34,4.0,3,1,0,1,0,0,0,0
1,0,0,0,37.0,1,0,1,1,1,1,0,0,0,65.6,0.0,0.0,0.0,365.0,0.0,0.0,0.0,0.0,0.0,0.0,2,0,0.0,0.0,0.0,55.61,62.53513513513514,7.54,0.0,4,0,2,0,0,0,0,0
0,1,1,0,24.0,0,0,0,0,1,0,0,1,1,40.65,5.0,99.0,1.0,43.0,0.0,0.0,0.0,0.0,0.0,0.0,2,0,0.0,0.0,0.0,103.16,38.887499999999996,-17.41,5.0,2,1,0,0,0,1,0,0
0,0,1,1,14.0,1,0,1,1,0,1,0,0,0,59.45,2.0,14.0,1.0,8.0,1.0,26.8,26.8,0.0,1.0,0.0,1,0,0.0,0.0,0.0,104.26,55.775,1.39,2.0,3,1,0,0,0,0,0,0
1,0,1,0,72.0,1,1,1,1,0,1,1,1,1,91.75,0.0,0.0,0.0,365.0,0.0,0.0,0.0,0.0,0.0,0.0,3,0,0.0,0.0,0.0,80.34,109.0611111111111,0.21,0.0,5,0,2,1,0,1,0,0
1,0,1,0,53.0,0,0,0,1,1,1,1,1,1,60.45,0.0,0.0,0.0,365.0,0.0,0.0,0.0,0.0,0.0,0.0,1,0,0.0,0.0,0.0,103.58,60.08018867924528,2.39,0.0,5,0,1,0,0,0,1,0
0,0,1,0,8.0,1,1,0,0,0,0,0,1,1,84.9,0.0,0.0,0.0,365.0,0.0,0.0,0.0,0.0,0.0,0.0,3,0,0.0,0.0,0.0,96.12,95.61875,-6.64,0.0,1,2,0,1,0,0,1,0
1,0,1,1,72.0,0,0,1,1,1,0,0,0,0,38.5,0.0,0.0,0.0,365.0,1.0,5.3,5.3,0.0,0.0,0.0,2,1,0.5,10.24,20.48,75.92,38.375,-19.56,0.0,3,1,2,0,0,1,0,0
0,1,1,0,17.0,1,1,0,0,0,0,1,1,1,92.55,0.0,0.0,0.0,365.0,0.0,0.0,0.0,0.0,0.0,0.0,2,1,0.5,22.22,44.45,77.97,94.98235294117647,1.01,0.0,2,2,0,1,0,0,1,0
0,0,1,1,2.0,1,0,0,1,0,0,0,0,1,73.55,0.0,0.0,0.0,365.0,0.0,0.0,0.0,0.0,0.0,0.0,1,1,1.0,23.98,23.98,83.4,72.7,-17.99,0.0,1,3,0,1,0,0,0,0
0,0,1,0,8.0,1,0,0,0,0,0,0,0,0,20.15,0.0,0.0,0.0,365.0,0.0,0.0,0.0,0.0,0.0,0.0,2,0,0.0,0.0,0.0,90.52,19.53125,-0.92,0.0,0,2,0,0,1,0,0,0
0,0,1,0,48.0,0,0,0,1,1,0,0,0,0,34.7,0.0,0.0,0.0,365.0,1.0,11.2,11.2,0.0,0.0,0.0,2,0,0.0,0.0,0.0,71.45,33.427083333333336,-23.36,0.0,2,0,1,0,0,0,0,1
0,0,0,0,10.0,1,1,0,0,0,0,0,0,1,24.5,1.0,27.0,1.0,29.0,0.0,0.0,0.0,0.0,0.0,0.0,1,0,0.0,0.0,0.0,83.65,27.014999999999997,3.43,1.0,0,2,0,0,1,0,0,1
1,0,1,1,0.0,1,0,0,0,0,0,0,0,1,19.7,0.0,0.0,0.0,365.0,0.0,0.0,0.0,0.0,0.0,0.0,2,1,0.5,20.16,40.31,61.7,19.7,-1.37,0.0,0,2,1,0,1,0,0,1
1,0,0,0,1.0,1,0,0,0,0,0,0,0,0,20.6,0.0,0.0,0.0,365.0,0.0,0.0,0.0,0.0,0.0,0.0,1,0,0.0,0.0,0.0,60.08,20.6,-0.47,0.0,0,2,0,0,1,0,0,1
0,0,0,0,29.0,1,0,1,0,1,1,0,0,0,58.0,0.0,0.0,0.0,365.0,0.0,0.0,0.0,0.0,0.0,0.0,1,0,0.0,0.0,0.0,84.65,59.810344827586206,-0.06,0.0,3,0,1,0,0,1,0,0
0,1,1,1,65.0,1,1,0,1,1,0,1,1,1,107.45,0.0,0.0,0.0,365.0,0.0,0.0,0.0,0.0,0.0,0.0,3,0,0.0,0.0,0.0,59.18,108.42307692307692,15.91,0.0,4,0,1,1,0,0,1,0
0,0,0,0,8.0,1,1,1,1,1,0,0,0,1,65.5,0.0,0.0,0.0,365.0,0.0,0.0,0.0,0.0,0.0,0.0,2,0,0.0,0.0,0.0,55.28,71.64375,7.44,0.0,3,2,0,0,0,0,0,0
1,0,1,0,61.0,1,1,0,0,0,0,0,0,0,25.45,5.0,297.0,1.0,47.0,0.0,0.0,0.0,0.0,0.0,0.0,1,1,1.0,11.66,11.66,78.75,25.22295081967213,4.38,5.0,0,1,2,0,1,0,0,0
0,1,0,0,45.0,1,1,0,0,1,0,1,1,1,100.15,0.0,0.0,0.0,365.0,0.0,0.0,0.0,0.0,0.0,0.0,1,0,0.0,0.0,0.0,79.06,99.10666666666667,8.61,0.0,3,0,1,1,0,0,0,0
1,0,1,1,72.0,1,1,0,1,1,0,1,1,1,104.45,0.0,0.0,0.0,365.0,0.0,0.0,0.0,0.0,0.0,0.0,3,0,0.0,0.0,0.0,76.12,103.59722222222223,12.91,0.0,4,0,1,1,0,1,0,0
1,0,1,1,12.0,1,0,0,0,0,0,0,0,1,21.15,0.0,0.0,0.0,365.0,0.0,0.0,0.0,0.0,0.0,0.0,1,0,0.0,0.0,0.0,66.03,25.504166666666666,0.08,0.0,0,1,0,0,1,0,1,0
1,0,0,0,7.0,1,1,0,0,0,0,1,1,0,96.2,0.0,0.0,0.0,365.0,0.0,0.0,0.0,0.0,0.0,0.0,3,1,0.33,2.4,7.19,67.39,91.38571428571429,4.66,0.0,2,3,0,1,0,0,1,0
1,0,0,0,9.0,1,0,0,0,0,0,0,0,1,44.4,0.0,0.0,0.0,365.0,0.0,0.0,0.0,0.0,0.0,0.0,3,0,0.0,0.0,0.0,66.18,38.68333333333333,-13.66,0.0,0,2,0,0,0,0,0,1
0,1,1,0,43.0,1,1,0,0,1,1,1,1,1,107.55,0.0,0.0,0.0,365.0,1.0,1.0,1.0,1.0,0.0,1.0,1,0,0.0,0.0,0.0,41.05,105.43953488372092,16.01,0.0,4,0,1,1,0,0,1,0
1,0,1,1,58.0,1,1,0,0,1,1,0,1,0,94.35,0.0,0.0,0.0,365.0,0.0,0.0,0.0,0.0,0.0,0.0,2,0,0.0,0.0,0.0,53.32,95.925,2.81,0.0,3,0,2,1,0,0,0,0
1,1,1,0,16.0,1,1,0,0,1,0,1,1,1,98.75,8.0,97.0,2.0,93.0,0.0,0.0,0.0,0.0,0.0,0.0,1,0,0.0,0.0,0.0,52.14,99.221875,7.21,4.0,3,1,0,1,0,0,1,0
1,0,1,1,2.0,1,0,0,0,0,0,0,0,0,20.3,0.0,0.0,0.0,365.0,0.0,0.0,0.0,0.0,0.0,0.0,2,0,0.0,0.0,0.0,96.07,20.125,-0.77,0.0,0,2,0,0,1,0,0,1
0,0,1,0,8.0,1,0,0,1,1,0,1,1,0,101.15,0.0,0.0,0.0,365.0,0.0,0.0,0.0,0.0,0.0,0.0,2,0,0.0,0.0,0.0,113.17,105.3625,9.61,0.0,4,2,0,1,0,0,1,0
0,0,1,0,40.0,1,1,1,0,1,0,1,1,0,105.75,0.0,0.0,0.0,365.0,0.0,0.0,0.0,0.0,0.0,0.0,1,0,0.0,0.0,0.0,40.41,105.71375,14.21,0.0,4,0,1,1,0,0,0,0
1,0,0,0,9.0,1,1,1,0,0,0,0,0,1,81.15,0.0,0.0,0.0,365.0,0.0,0.0,0.0,0.0,0.0,0.0,2,0,0.0,0.0,0.0,77.85,87.16111111111111,-10.39,0.0,1,2,0,1,0,0,1,0
1,0,0,0,41.0,1,0,0,1,0,1,1,0,1,89.55,0.0,0.0,0.0,365.0,0.0,0.0,0.0,0.0,0.0,0.0,2,0,0.0,0.0,0.0,66.38,90.96951219512195,-1.99,0.0,3,0,1,1,0,0,1,0
0,0,0,0,26.0,1,0,0,1,1,0,0,0,1,54.75,0.0,0.0,0.0,365.0,0.0,0.0,0.0,0.0,0.0,0.0,3,0,0.0,0.0,0.0,71.23,54.111538461538466,-3.31,0.0,2,1,0,0,0,1,0,0
0,0,1,0,33.0,1,0,0,1,0,1,0,0,1,53.75,0.0,0.0,0.0,365.0,0.0,0.0,0.0,0.0,0.0,0.0,2,0,0.0,0.0,0.0,110.92,56.28181818181818,-4.31,0.0,2,0,1,0,0,1,0,0
1,0,1,1,68.0,1,0,0,1,1,1,1,1,0,105.75,7.0,268.0,1.0,11.0,0.0,0.0,0.0,0.0,0.0,0.0,3,0,0.0,0.0,0.0,49.43,107.68382352941177,14.21,7.0,5,0,1,1,0,1,0,0
0,1,1,0,65.0,1,0,0,1,1,1,1,1,1,105.85,0.0,0.0,0.0,365.0,0.0,0.0,0.0,0.0,0.0,0.0,3,0,0.0,0.0,0.0,67.59,103.46923076923076,14.31,0.0,5,0,2,1,0,1,0,0
1,0,0,0,55.0,1,0,0,1,0,1,0,1,1,64.2,0.0,0.0,0.0,365.0,0.0,0.0,0.0,0.0,0.0,0.0,1,1,1.0,34.87,34.87,118.58,65.9509090909091,6.14,0.0,3,1,1,0,0,0,1,0
1,0,0,0,20.0,1,1,0,0,1,0,1,0,1,88.7,0.0,0.0,0.0,365.0,0.0,0.0,0.0,0.0,0.0,0.0,2,0,0.0,0.0,0.0,69.5,88.0725,-2.84,0.0,2,1,0,1,0,0,1,0
1,0,0,0,19.0,1,0,0,0,0,1,0,1,1,87.7,0.0,0.0,0.0,365.0,1.0,2.1,2.1,0.0,1.0,0.0,2,1,0.5,3.12,6.24,87.65,90.83947368421053,-3.84,0.0,2,1,1,1,0,1,0,0
0,0,0,0,45.0,1,1,0,0,1,0,0,1,1,89.3,0.0,0.0,0.0,365.0,0.0,0.0,0.0,0.0,0.0,0.0,3,2,0.67,9.88,22.04,50.33,93.15888888888888,-2.24,0.0,2,2,0,1,0,1,0,0
0,0,1,1,70.0,1,0,0,0,0,0,0,0,1,20.15,0.0,0.0,0.0,365.0,0.0,0.0,0.0,0.0,0.0,0.0,3,0,0.0,0.0,0.0,42.24,20.16,-0.92,0.0,0,0,2,0,1,1,0,0
0,0,0,0,2.0,1,0,0,0,0,0,1,0,1,79.75,0.0,0.0,0.0,365.0,0.0,0.0,0.0,0.0,0.0,0.0,1,0,0.0,0.0,0.0,79.92,82.25,-11.79,0.0,1,2,0,1,0,0,1,0
0,0,0,0,27.0,1,1,0,0,0,0,1,1,1,94.55,0.0,0.0,0.0,365.0,0.0,0.0,0.0,0.0,0.0,0.0,1,0,0.0,0.0,0.0,49.58,100.91111111111111,3.01,0.0,2,1,0,1,0,0,0,1
0,0,1,0,12.0,1,0,0,0,0,0,0,0,1,20.05,10.0,152.0,2.0,29.0,0.0,0.0,0.0,0.0,0.0,0.0,2,1,0.5,17.26,34.51,90.84,22.045833333333334,-1.02,5.0,0,1,2,0,1,0,1,0
1,0,0,1,72.0,0,0,1,1,1,1,1,1,0,67.2,8.0,100.0,1.0,204.0,1.0,19.9,19.9,0.0,1.0,0.0,2,1,0.5,7.05,14.1,69.64,64.88472222222222,9.14,8.0,6,1,2,0,0,1,0,0
1,0,0,0,12.0,1,1,0,0,0,0,1,1,0,94.55,0.0,0.0,0.0,365.0,0.0,0.0,0.0,0.0,0.0,0.0,1,0,0.0,0.0,0.0,115.38,97.79583333333333,3.01,0.0,2,1,0,1,0,0,1,0
0,1,0,0,5.0,1,0,0,0,0,0,0,0,1,69.05,5.0,186.0,1.0,309.0,0.0,0.0,0.0,0.0,0.0,0.0,1,1,1.0,15.88,15.88,96.74,63.7,-22.49,5.0,0,3,0,1,0,0,0,1
1,1,1,0,71.0,1,1,1,1,1,0,1,1,1,107.5,0.0,0.0,0.0,365.0,0.0,0.0,0.0,0.0,0.0,0.0,1,0,0.0,0.0,0.0,102.91,108.64154929577465,15.96,0.0,5,1,0,1,0,0,1,0
1,1,0,0,35.0,1,0,0,0,1,1,1,1,1,73.0,0.0,0.0,0.0,365.0,0.0,0.0,0.0,0.0,0.0,0.0,2,0,0.0,0.0,0.0,74.66,70.60714285714286,14.94,0.0,4,0,1,0,0,0,1,0
1,0,1,1,70.0,1,1,1,1,1,1,1,1,0,114.75,0.0,0.0,0.0,365.0,0.0,0.0,0.0,0.0,0.0,0.0,2,0,0.0,0.0,0.0,48.62,112.03285714285714,23.21,0.0,6,0,2,1,0,1,0,0
0,0,0,0,31.0,1,1,0,0,0,0,0,0,1,76.05,9.0,75.0,1.0,37.0,0.0,0.0,0.0,0.0,0.0,0.0,1,0,0.0,0.0,0.0,36.73,71.86451612903227,-15.49,9.0,0,1,0,1,0,0,1,0
1,0,1,1,52.0,1,1,0,0,1,1,0,1,1,96.25,0.0,0.0,0.0,365.0,1.0,17.9,17.9,0.0,0.0,0.0,1,0,0.0,0.0,0.0,39.76,95.96634615384616,4.71,0.0,3,0,2,1,0,0,0,0
1,1,0,0,37.0,1,1,0,0,1,0,1,1,1,101.1,5.0,150.0,1.0,200.0,0.0,0.0,0.0,0.0,0.0,0.0,3,0,0.0,0.0,0.0,106.64,101.19054054054054,9.56,5.0,3,1,0,1,0,0,1,0
1,0,0,0,69.0,1,1,0,1,0,1,1,1,1,104.7,0.0,0.0,0.0,365.0,0.0,0.0,0.0,0.0,0.0,0.0,2,0,0.0,0.0,0.0,72.68,104.64275362318841,13.16,0.0,4,0,1,1,0,0,0,0
1,1,1,0,30.0,1,1,0,0,0,0,0,0,0,77.9,0.0,0.0,0.0,365.0,0.0,0.0,0.0,0.0,0.0,0.0,3,0,0.0,0.0,0.0,112.99,78.38166666666666,-13.64,0.0,0,1,0,1,0,0,0,1
0,0,0,0,33.0,1,1,1,0,0,0,0,1,1,90.65,0.0,0.0,0.0,365.0,0.0,0.0,0.0,0.0,0.0,0.0,2,0,0.0,0.0,0.0,65.4,90.5939393939394,-0.89,0.0,2,1,0,1,0,0,1,0
1,1,1,0,54.0,1,1,0,1,1,1,1,1,1,110.45,5.0,82.0,1.0,344.0,0.0,0.0,0.0,0.0,0.0,0.0,1,0,0.0,0.0,0.0,89.36,112.55092592592592,18.91,5.0,5,0,2,1,0,0,1,0
0,0,0,0,59.0,1,1,1,0,0,1,0,1,0,68.7,8.0,144.0,1.0,112.0,0.0,0.0,0.0,0.0,0.0,0.0,1,0,0.0,0.0,0.0,105.13,68.99915254237288,10.64,8.0,3,0,1,0,0,0,0,0
1,1,0,0,55.0,0,0,1,1,0,0,1,0,1,44.85,5.0,121.0,1.0,55.0,0.0,0.0,0.0,0.0,0.0,0.0,2,0,0.0,0.0,0.0,89.03,45.07363636363637,-13.21,5.0,3,1,0,0,0,0,1,0
1,1,1,0,69.0,0,0,0,0,1,0,0,0,1,29.8,0.0,0.0,0.0,365.0,0.0,0.0,0.0,0.0,0.0,0.0,3,0,0.0,0.0,0.0,70.5,30.93188405797102,-28.26,0.0,1,0,1,0,0,1,0,0
0,0,0,0,66.0,1,1,0,1,0,0,1,0,1,88.9,0.0,0.0,0.0,365.0,0.0,0.0,0.0,0.0,0.0,0.0,2,1,0.5,5.86,11.73,91.0,90.91060606060607,-2.64,0.0,2,1,1,1,0,0,0,0
1,0,1,1,37.0,1,0,1,0,1,1,0,0,1,58.75,0.0,0.0,0.0,365.0,0.0,0.0,0.0,0.0,0.0,0.0,1,0,0.0,0.0,0.0,61.13,59.54324324324324,0.69,0.0,3,0,1,0,0,0,0,1
1,1,1,0,9.0,1,0,0,0,0,0,0,0,0,19.85,0.0,0.0,0.0,365.0,0.0,0.0,0.0,0.0,0.0,0.0,1,0,0.0,0.0,0.0,70.03,20.35,-1.22,0.0,0,1,1,0,1,1,0,0
1,0,1,1,69.0,1,1,1,0,1,1,1,1,0,86.9,0.0,0.0,0.0,365.0,0.0,0.0,0.0,0.0,0.0,0.0,3,0,0.0,0.0,0.0,70.45,89.7695652173913,28.84,0.0,5,0,2,0,0,0,0,0
1,0,0,0,10.0,1,0,0,1,0,0,1,0,1,59.65,0.0,0.0,0.0,365.0,0.0,0.0,0.0,0.0,0.0,0.0,1,0,0.0,0.0,0.0,105.48,63.895,1.59,0.0,2,2,0,0,0,0,0,1
1,0,0,1,40.0,1,0,1,1,0,0,0,0,1,55.25,4.0,223.0,1.0,13.0,0.0,0.0,0.0,0.0,0.0,0.0,2,0,0.0,0.0,0.0,57.36,53.48,-2.81,4.0,2,1,0,0,0,0,0,1
1,0,0,1,13.0,1,0,0,0,0,0,1,1,0,66.4,4.0,166.0,1.0,48.0,0.0,0.0,0.0,0.0,0.0,0.0,3,0,0.0,0.0,0.0,44.98,63.98076923076923,8.34,4.0,2,1,0,0,0,1,0,0
0,0,0,0,6.0,1,1,0,1,0,0,1,0,1,90.1,4.0,97.0,1.0,95.0,0.0,0.0,0.0,0.0,0.0,0.0,1,0,0.0,0.0,0.0,113.44,86.88333333333333,-1.44,4.0,2,2,0,1,0,0,1,0
0,0,1,1,69.0,1,0,0,0,0,0,0,0,0,20.15,4.0,223.0,1.0,32.0,0.0,0.0,0.0,0.0,0.0,0.0,3,0,0.0,0.0,0.0,44.83,19.384057971014492,-0.92,4.0,0,0,2,0,1,0,0,0
0,1,1,0,66.0,1,1,0,1,1,1,1,1,1,108.1,5.0,14.0,1.0,310.0,0.0,0.0,0.0,0.0,0.0,0.0,1,0,0.0,0.0,0.0,72.31,108.81742424242424,16.56,5.0,5,0,1,1,0,1,0,0
1,0,0,0,12.0,1,1,0,0,1,0,0,0,0,53.75,0.0,0.0,0.0,365.0,0.0,0.0,0.0,0.0,0.0,0.0,1,0,0.0,0.0,0.0,27.65,50.666666666666664,-4.31,0.0,1,1,0,0,0,0,1,0
1,0,1,1,46.0,1,0,1,0,1,1,0,0,0,56.9,0.0,0.0,0.0,365.0,0.0,0.0,0.0,0.0,0.0,0.0,1,1,1.0,24.51,24.51,52.97,55.654347826086955,-1.16,0.0,3,1,1,0,0,0,0,1
0,0,0,0,6.0,1,0,0,0,0,0,1,1,0,89.3,0.0,0.0,0.0,365.0,0.0,0.0,0.0,0.0,0.0,0.0,1,0,0.0,0.0,0.0,55.49,96.26666666666667,-2.24,0.0,2,2,0,1,0,0,1,0
0,0,1,1,56.0,1,1,1,0,1,1,1,1,1,109.6,4.0,183.0,1.0,205.0,0.0,0.0,0.0,0.0,0.0,0.0,2,0,0.0,0.0,0.0,88.6,106.30357142857143,18.06,4.0,5,1,0,1,0,0,0,1
1,0,1,1,70.0,1,1,0,0,0,0,0,0,0,25.15,0.0,0.0,0.0,365.0,0.0,0.0,0.0,0.0,0.0,0.0,1,1,1.0,40.76,40.76,98.65,25.57357142857143,4.08,0.0,0,1,2,0,1,1,0,0
0,0,1,1,33.0,1,1,0,0,1,1,1,1,1,79.15,0.0,0.0,0.0,365.0,0.0,0.0,0.0,0.0,0.0,0.0,3,1,0.33,1.36,4.09,69.19,76.70909090909092,21.09,0.0,4,1,1,0,0,0,1,0
0,0,1,1,72.0,1,1,1,1,0,1,0,0,0,66.75,0.0,0.0,0.0,365.0,0.0,0.0,0.0,0.0,0.0,0.0,2,1,0.5,8.17,16.34,52.17,66.11527777777778,8.69,0.0,3,1,2,0,0,1,0,0
0,0,1,0,3.0,1,1,0,0,0,0,1,1,1,95.2,0.0,0.0,0.0,365.0,1.0,62.3,62.3,0.0,1.0,0.0,3,0,0.0,0.0,0.0,87.15,97.61666666666667,3.66,0.0,2,2,0,1,0,0,1,0
0,0,0,1,19.0,1,0,0,0,0,1,0,0,0,48.8,0.0,0.0,0.0,365.0,0.0,0.0,0.0,0.0,0.0,0.0,2,0,0.0,0.0,0.0,63.22,50.19210526315789,-9.26,0.0,1,1,0,0,0,0,0,1
0,1,0,0,5.0,0,0,0,0,0,0,1,1,0,45.7,0.0,0.0,0.0,365.0,0.0,0.0,0.0,0.0,0.0,0.0,1,1,1.0,34.11,34.11,97.82,39.6,-12.36,0.0,2,3,0,0,0,0,1,0
0,0,1,0,71.0,1,0,0,1,1,1,1,1,1,80.7,0.0,0.0,0.0,365.0,0.0,0.0,0.0,0.0,0.0,0.0,3,0,0.0,0.0,0.0,97.39,80.35281690140846,22.64,0.0,5,0,2,0,0,1,0,0
1,0,1,0,8.0,1,0,1,0,0,0,0,0,1,74.5,0.0,0.0,0.0,365.0,0.0,0.0,0.0,0.0,0.0,0.0,1,0,0.0,0.0,0.0,92.42,76.2375,-17.04,0.0,1,2,0,1,0,0,1,0
1,0,0,0,1.0,1,0,0,0,0,0,0,0,0,20.55,4.0,186.0,1.0,30.0,0.0,0.0,0.0,0.0,0.0,0.0,3,1,0.33,12.61,37.82,75.6,20.55,-0.52,4.0,0,3,0,0,1,1,0,0
0,0,0,0,1.0,1,0,0,0,0,0,1,0,1,79.65,0.0,0.0,0.0,365.0,0.0,0.0,0.0,0.0,0.0,0.0,1,0,0.0,0.0,0.0,21.16,79.65,-11.89,0.0,1,2,0,1,0,0,1,0
0,0,0,0,61.0,1,1,1,1,1,1,1,1,1,115.1,2.0,55.0,1.0,165.0,0.0,0.0,0.0,0.0,0.0,0.0,3,0,0.0,0.0,0.0,51.02,114.64999999999999,23.56,2.0,6,0,1,1,0,0,0,1
0,0,1,1,71.0,0,0,1,1,0,1,1,1,0,59.7,5.0,53.0,1.0,302.0,0.0,0.0,0.0,0.0,0.0,0.0,2,0,0.0,0.0,0.0,36.72,58.06549295774647,1.64,5.0,5,0,2,0,0,0,0,0
0,0,1,0,68.0,1,1,0,1,1,0,0,0,0,86.45,5.0,298.0,1.0,47.0,0.0,0.0,0.0,0.0,0.0,0.0,1,0,0.0,0.0,0.0,96.04,84.74926470588235,-5.09,5.0,2,0,1,1,0,1,0,0
1,0,0,0,46.0,0,0,0,0,1,1,0,0,0,33.7,0.0,0.0,0.0,365.0,0.0,0.0,0.0,0.0,0.0,0.0,3,1,0.33,6.93,20.79,62.93,33.43152173913043,-24.36,0.0,2,1,1,0,0,1,0,0
1,0,0,0,33.0,1,1,1,0,0,0,0,0,0,80.1,3.0,174.0,1.0,188.0,0.0,0.0,0.0,0.0,0.0,0.0,1,1,1.0,4.42,4.42,46.38,78.88787878787879,-11.44,3.0,1,1,1,1,0,0,0,0
0,0,1,1,53.0,1,1,1,1,1,1,0,1,1,104.05,0.0,0.0,0.0,365.0,0.0,0.0,0.0,0.0,0.0,0.0,3,0,0.0,0.0,0.0,100.3,105.02641509433961,12.51,0.0,5,0,2,1,0,0,0,0
0,1,1,0,50.0,1,1,1,1,1,0,1,1,0,108.75,0.0,0.0,0.0,365.0,0.0,0.0,0.0,0.0,0.0,0.0,2,0,0.0,0.0,0.0,89.2,108.63799999999999,17.21,0.0,5,1,0,1,0,0,0,0
0,0,0,0,57.0,0,0,1,0,1,1,0,0,1,41.1,0.0,0.0,0.0,365.0,0.0,0.0,0.0,0.0,0.0,0.0,3,0,0.0,0.0,0.0,78.09,39.61842105263158,-16.96,0.0,3,0,1,0,0,1,0,0
0,0,1,1,54.0,1,0,0,0,0,0,0,0,1,20.35,0.0,0.0,0.0,365.0,0.0,0.0,0.0,0.0,0.0,0.0,2,0,0.0,0.0,0.0,69.8,20.2287037037037,-0.72,0.0,0,0,2,0,1,0,0,0
0,1,1,0,60.0,1,1,0,1,1,0,1,1,1,105.9,0.0,0.0,0.0,365.0,0.0,0.0,0.0,0.0,0.0,0.0,1,0,0.0,0.0,0.0,90.11,106.6875,14.36,0.0,4,1,0,1,0,0,1,0
0,1,1,0,28.0,1,1,0,0,0,1,1,1,1,101.3,0.0,0.0,0.0,365.0,0.0,0.0,0.0,0.0,0.0,0.0,2,0,0.0,0.0,0.0,75.72,100.43571428571428,9.76,0.0,3,1,0,1,0,1,0,0
0,0,1,1,1.0,1,0,0,0,0,0,1,0,1,80.05,0.0,0.0,0.0,365.0,0.0,0.0,0.0,0.0,0.0,0.0,1,0,0.0,0.0,0.0,72.27,80.05,-11.49,0.0,1,2,0,1,0,0,0,1
1,0,1,1,29.0,1,1,0,0,1,0,0,1,1,89.2,4.0,72.0,1.0,151.0,0.0,0.0,0.0,0.0,0.0,0.0,1,0,0.0,0.0,0.0,78.52,93.04655172413793,-2.34,4.0,2,1,0,1,0,0,1,0
0,0,1,1,10.0,1,0,0,1,0,1,0,1,1,65.5,0.0,0.0,0.0,365.0,0.0,0.0,0.0,0.0,0.0,0.0,3,1,0.33,5.77,17.31,60.55,61.69,7.44,0.0,3,3,0,0,0,0,1,0
1,0,0,1,43.0,0,0,1,1,1,0,0,0,1,40.45,4.0,292.0,1.0,293.0,0.0,0.0,0.0,0.0,0.0,0.0,2,1,0.5,3.96,7.91,26.26,44.48488372093023,-17.61,4.0,3,2,0,0,0,0,1,0
1,1,1,0,13.0,1,0,0,0,0,0,0,0,0,70.45,0.0,0.0,0.0,365.0,1.0,63.3,63.3,0.0,0.0,0.0,1,1,1.0,9.83,9.83,118.83,65.31538461538462,-21.09,0.0,0,2,0,1,0,0,0,0
0,0,1,0,43.0,1,0,1,0,1,1,1,1,1,78.8,5.0,152.0,1.0,86.0,0.0,0.0,0.0,0.0,0.0,0.0,3,1,0.33,8.62,25.87,66.84,80.47209302325582,20.74,5.0,5,1,2,0,0,0,1,0
1,0,1,1,19.0,1,1,0,0,0,0,0,1,1,83.65,11.0,217.0,2.0,209.0,0.0,0.0,0.0,0.0,0.0,0.0,2,0,0.0,0.0,0.0,36.6,77.14473684210526,-7.89,5.5,1,1,0,1,0,0,1,0
1,0,1,1,1.0,1,0,0,0,0,0,1,1,1,90.1,0.0,0.0,0.0,365.0,0.0,0.0,0.0,0.0,0.0,0.0,3,1,0.33,5.82,17.47,74.92,90.1,-1.44,0.0,2,3,0,1,0,0,1,0
0,0,0,0,69.0,1,0,1,0,1,1,1,1,1,82.45,0.0,0.0,0.0,365.0,0.0,0.0,0.0,0.0,0.0,0.0,3,0,0.0,0.0,0.0,67.52,80.51159420289855,24.39,0.0,5,0,2,0,0,1,0,0
0,0,1,0,61.0,1,0,0,0,0,0,0,0,0,20.25,0.0,0.0,0.0,365.0,0.0,0.0,0.0,0.0,0.0,0.0,3,0,0.0,0.0,0.0,94.65,20.963934426229507,-0.82,0.0,0,0,2,0,1,1,0,0
1,0,1,0,43.0,1,1,1,1,0,1,0,0,0,66.25,8.0,153.0,2.0,198.0,0.0,0.0,0.0,0.0,0.0,0.0,3,0,0.0,0.0,0.0,46.77,67.61279069767441,8.19,4.0,3,1,0,0,0,0,0,0
0,0,1,0,6.0,1,0,0,0,0,0,0,0,0,19.5,5.0,45.0,1.0,246.0,0.0,0.0,0.0,0.0,0.0,0.0,1,0,0.0,0.0,0.0,40.84,24.383333333333336,-1.57,5.0,0,2,0,0,1,0,0,0
1,0,0,0,1.0,1,0,0,0,0,1,0,0,0,51.25,0.0,0.0,0.0,365.0,0.0,0.0,0.0,0.0,0.0,0.0,1,0,0.0,0.0,0.0,74.26,51.25,-6.81,0.0,1,2,0,0,0,0,0,1
1,0,1,0,12.0,1,0,0,0,0,0,1,1,0,89.7,0.0,0.0,0.0,365.0,0.0,0.0,0.0,0.0,0.0,0.0,2,0,0.0,0.0,0.0,71.76,412.74583333333334,-1.84,0.0,2,1,0,1,0,0,0,1
0,0,1,0,64.0,0,0,1,1,1,1,1,1,0,64.55,3.0,274.0,1.0,230.0,0.0,0.0,0.0,0.0,0.0,0.0,1,0,0.0,0.0,0.0,103.91,70.3890625,6.49,3.0,6,0,2,0,0,0,0,0
1,0,0,0,1.0,1,0,0,0,0,0,0,0,1,45.6,0.0,0.0,0.0,365.0,0.0,0.0,0.0,0.0,0.0,0.0,1,0,0.0,0.0,0.0,36.29,45.6,-12.46,0.0,0,2,0,0,0,0,1,0
1,0,1,1,49.0,1,1,0,1,1,0,1,0,1,93.65,0.0,0.0,0.0,365.0,0.0,0.0,0.0,0.0,0.0,0.0,3,0,0.0,0.0,0.0,79.29,92.24795918367346,2.11,0.0,3,0,1,1,0,0,1,0
0,0,0,0,6.0,1,0,0,0,0,1,0,0,1,49.65,4.0,17.0,1.0,24.0,0.0,0.0,0.0,0.0,0.0,0.0,3,0,0.0,0.0,0.0,52.49,44.55833333333334,-8.41,4.0,1,2,0,0,0,0,0,0
0,0,1,1,32.0,1,0,1,1,1,1,0,1,0,73.6,0.0,0.0,0.0,365.0,0.0,0.0,0.0,0.0,0.0,0.0,1,0,0.0,0.0,0.0,44.62,72.4015625,15.54,0.0,5,0,2,0,0,0,0,1
0,1,1,0,72.0,1,1,1,0,1,1,1,1,1,109.75,0.0,0.0,0.0,365.0,0.0,0.0,0.0,0.0,0.0,0.0,3,0,0.0,0.0,0.0,62.7,112.1576388888889,18.21,0.0,5,0,2,1,0,0,0,1
1,0,0,1,37.0,1,0,1,1,0,1,0,0,0,61.45,8.0,264.0,1.0,356.0,0.0,0.0,0.0,0.0,0.0,0.0,3,0,0.0,0.0,0.0,79.33,62.225675675675674,3.39,8.0,3,0,2,0,0,1,0,0
0,0,1,0,69.0,1,0,1,1,0,1,1,1,1,106.4,0.0,0.0,0.0,365.0,0.0,0.0,0.0,0.0,0.0,0.0,2,0,0.0,0.0,0.0,68.57,105.1,14.86,0.0,5,0,1,1,0,1,0,0
0,0,1,0,26.0,1,0,0,1,1,1,1,1,0,81.9,0.0,0.0,0.0,365.0,2.0,36.05,58.6,1.0,1.0,0.5,2,1,0.5,10.74,21.47,86.73,79.94423076923077,23.84,0.0,5,2,0,0,0,0,0,0
0,0,1,1,58.0,1,1,0,1,1,0,1,1,1,105.2,0.0,0.0,0.0,365.0,0.0,0.0,0.0,0.0,0.0,0.0,2,0,0.0,0.0,0.0,65.71,107.33448275862068,13.66,0.0,4,0,1,1,0,1,0,0
1,0,0,0,24.0,1,1,0,0,0,1,0,0,0,54.6,3.0,177.0,1.0,134.0,0.0,0.0,0.0,0.0,0.0,0.0,2,0,0.0,0.0,0.0,111.65,51.760416666666664,-3.46,3.0,1,0,1,0,0,0,0,0
1,0,1,1,5.0,1,0,0,0,0,0,0,0,0,20.55,0.0,0.0,0.0,365.0,0.0,0.0,0.0,0.0,0.0,0.0,1,0,0.0,0.0,0.0,92.53,19.89,-0.52,0.0,0,1,1,0,1,0,1,0
1,0,1,1,15.0,1,0,0,0,0,0,0,0,1,20.0,0.0,0.0,0.0,365.0,1.0,37.3,37.3,0.0,1.0,0.0,1,1,1.0,14.68,14.68,103.25,19.203333333333333,-1.07,0.0,0,2,0,0,1,0,1,0
0,0,1,1,30.0,1,0,0,0,0,0,0,0,0,19.7,0.0,0.0,0.0,365.0,0.0,0.0,0.0,0.0,0.0,0.0,1,0,0.0,0.0,0.0,66.46,19.975,-1.37,0.0,0,0,2,0,1,0,0,1
0,0,1,0,55.0,1,1,1,1,0,1,0,0,1,66.05,9.0,243.0,1.0,73.0,0.0,0.0,0.0,0.0,0.0,0.0,3,0,0.0,0.0,0.0,74.65,62.947272727272725,7.99,9.0,3,0,1,0,0,1,0,0
0,0,1,0,25.0,0,0,0,0,0,0,1,0,1,34.0,0.0,0.0,0.0,365.0,0.0,0.0,0.0,0.0,0.0,0.0,2,0,0.0,0.0,0.0,93.88,34.12,-24.06,0.0,1,1,0,0,0,0,0,0
1,1,1,0,10.0,1,0,0,1,1,1,1,0,1,92.5,0.0,0.0,0.0,365.0,0.0,0.0,0.0,0.0,0.0,0.0,2,0,0.0,0.0,0.0,84.26,93.41,0.96,0.0,4,2,0,1,0,0,0,1
1,0,1,1,44.0,0,0,1,1,1,1,0,1,1,54.05,3.0,35.0,1.0,158.0,0.0,0.0,0.0,0.0,0.0,0.0,1,1,1.0,10.83,10.83,101.09,53.98181818181818,-4.01,3.0,5,1,2,0,0,1,0,0
0,0,0,0,47.0,1,0,1,1,0,1,0,0,1,58.9,0.0,0.0,0.0,365.0,0.0,0.0,0.0,0.0,0.0,0.0,2,0,0.0,0.0,0.0,79.26,59.85212765957447,0.84,0.0,3,0,1,0,0,0,0,1
0,0,1,1,13.0,1,0,0,0,0,0,1,1,0,88.35,6.0,234.0,1.0,153.0,0.0,0.0,0.0,0.0,0.0,0.0,1,0,0.0,0.0,0.0,118.97,94.06153846153846,-3.19,6.0,2,1,0,1,0,0,1,0
0,0,1,1,49.0,1,1,0,1,1,1,1,1,1,107.95,8.0,291.0,1.0,180.0,0.0,0.0,0.0,0.0,0.0,0.0,1,0,0.0,0.0,0.0,112.96,108.02448979591837,16.41,8.0,5,0,2,1,0,0,0,0
0,0,1,0,64.0,1,0,1,0,0,1,1,1,1,96.9,4.0,221.0,1.0,192.0,0.0,0.0,0.0,0.0,0.0,0.0,2,2,1.0,28.06,43.27,98.57,98.66171875,5.36,4.0,4,1,1,1,0,0,0,1
1,0,0,0,1.0,1,0,0,0,0,0,0,0,0,19.1,0.0,0.0,0.0,365.0,1.0,0.1,0.1,1.0,0.0,1.0,1,0,0.0,0.0,0.0,109.99,19.1,-1.97,0.0,0,2,0,0,1,0,0,1
1,0,0,0,20.0,1,0,0,0,0,1,0,0,0,50.0,0.0,0.0,0.0,365.0,1.0,102.3,102.3,0.0,0.0,0.0,2,0,0.0,0.0,0.0,54.14,50.152499999999996,-8.06,0.0,1,1,0,0,0,0,0,1
0,0,1,0,37.0,0,0,1,0,0,1,1,0,0,45.4,0.0,0.0,0.0,365.0,0.0,0.0,0.0,0.0,0.0,0.0,3,1,0.33,8.94,26.81,71.09,43.056756756756755,-12.66,0.0,3,1,2,0,0,0,1,0
1,0,1,1,30.0,1,1,0,0,0,0,1,0,0,85.45,0.0,0.0,0.0,365.0,0.0,0.0,0.0,0.0,0.0,0.0,1,0,0.0,0.0,0.0,106.78,83.66499999999999,-6.09,0.0,1,1,0,1,0,0,1,0
0,0,0,0,38.0,1,1,1,1,1,0,1,1,0,84.1,0.0,0.0,0.0,365.0,1.0,24.8,24.8,0.0,0.0,0.0,3,1,0.33,5.76,17.28,100.69,83.88552631578948,26.04,0.0,5,1,1,0,0,0,0,0
0,1,0,0,1.0,1,1,0,0,0,0,0,0,1,74.45,0.0,0.0,0.0,365.0,0.0,0.0,0.0,0.0,0.0,0.0,3,0,0.0,0.0,0.0,77.33,74.45,-17.09,0.0,0,2,0,1,0,0,0,1
0,0,0,0,37.0,1,0,0,0,0,0,1,1,1,64.75,0.0,0.0,0.0,365.0,0.0,0.0,0.0,0.0,0.0,0.0,2,0,0.0,0.0,0.0,76.86,63.38378378378378,6.69,0.0,2,1,0,0,0,0,1,0
0,0,1,0,52.0,0,0,1,1,1,1,1,1,0,66.25,0.0,0.0,0.0,365.0,0.0,0.0,0.0,0.0,0.0,0.0,1,0,0.0,0.0,0.0,118.59,64.04038461538461,8.19,0.0,6,0,2,0,0,1,0,0
1,0,0,1,71.0,1,0,1,1,1,1,1,0,1,76.9,5.0,15.0,1.0,71.0,0.0,0.0,0.0,0.0,0.0,0.0,3,0,0.0,0.0,0.0,92.63,77.78450704225352,18.84,5.0,5,0,2,0,0,1,0,0
1,0,0,0,26.0,1,0,0,1,1,0,1,0,0,89.8,7.0,141.0,1.0,37.0,1.0,57.1,57.1,1.0,0.0,1.0,1,0,0.0,0.0,0.0,94.54,89.81923076923077,-1.74,7.0,3,1,0,1,0,0,1,0
1,0,0,0,66.0,1,1,1,1,1,0,0,1,1,74.6,0.0,0.0,0.0,365.0,1.0,9.6,9.6,0.0,0.0,0.0,3,1,0.33,13.04,39.11,59.8,72.7030303030303,16.54,0.0,4,1,2,0,0,1,0,0
1,0,1,0,72.0,1,1,1,1,1,1,1,1,1,116.95,7.0,206.0,1.0,70.0,0.0,0.0,0.0,0.0,0.0,0.0,1,1,1.0,10.68,10.68,58.28,119.36666666666666,25.41,7.0,6,1,2,1,0,1,0,0
1,0,0,1,25.0,0,0,1,0,0,0,1,0,1,40.65,0.0,0.0,0.0,365.0,1.0,8.5,8.5,1.0,0.0,1.0,2,0,0.0,0.0,0.0,77.32,38.821999999999996,-17.41,0.0,2,0,1,0,0,1,0,0
1,0,1,1,69.0,1,1,1,1,1,1,1,1,1,91.75,4.0,55.0,1.0,71.0,0.0,0.0,0.0,0.0,0.0,0.0,1,1,1.0,10.41,10.41,28.9,111.09855072463769,0.21,4.0,6,1,2,1,0,0,0,0
1,0,1,1,53.0,1,1,1,1,0,0,0,1,0,69.7,12.0,159.5,2.0,205.0,1.0,21.3,21.3,1.0,0.0,1.0,3,0,0.0,0.0,0.0,82.28,69.54811320754717,11.64,6.0,3,0,2,0,0,0,0,0
0,0,0,0,12.0,1,0,0,0,1,0,1,1,0,95.5,3.0,294.0,1.0,65.0,1.0,11.8,11.8,1.0,0.0,1.0,2,1,0.5,5.8,11.59,37.64,92.92916666666667,3.96,3.0,3,1,1,1,0,0,0,1
1,0,0,0,26.0,1,0,0,0,1,1,1,1,1,98.65,0.0,0.0,0.0,365.0,0.0,0.0,0.0,0.0,0.0,0.0,3,0,0.0,0.0,0.0,57.61,97.57692307692308,7.11,0.0,4,1,0,1,0,0,1,0
1,0,0,0,21.0,1,0,0,0,1,0,0,1,0,61.65,0.0,0.0,0.0,365.0,0.0,0.0,0.0,0.0,0.0,0.0,2,1,0.5,8.14,16.28,102.27,66.36190476190475,3.59,0.0,2,2,0,0,0,0,0,1
0,0,0,1,12.0,1,0,0,0,0,0,1,1,1,89.35,0.0,0.0,0.0,365.0,1.0,19.1,19.1,0.0,1.0,0.0,2,1,0.5,21.37,42.74,105.72,7.445833333333333,-2.19,0.0,2,2,0,1,0,0,1,0
1,0,0,0,48.0,1,1,1,0,0,1,0,1,1,95.4,0.0,0.0,0.0,365.0,0.0,0.0,0.0,0.0,0.0,0.0,1,0,0.0,0.0,0.0,117.9,92.61041666666667,3.86,0.0,3,1,0,1,0,0,1,0
0,0,1,0,26.0,0,0,1,0,1,0,0,0,0,35.4,2.0,119.0,1.0,3.0,0.0,0.0,0.0,0.0,0.0,0.0,1,0,0.0,0.0,0.0,27.15,37.63846153846154,-22.66,2.0,2,0,1,0,0,1,0,0
1,0,1,0,64.0,1,0,0,0,0,0,0,0,0,19.95,3.0,116.0,1.0,39.0,0.0,0.0,0.0,0.0,0.0,0.0,2,0,0.0,0.0,0.0,68.56,19.65859375,-1.12,3.0,0,0,2,0,1,0,0,1
1,0,0,0,18.0,1,0,0,0,0,0,0,0,0,19.25,4.0,42.0,1.0,175.0,0.0,0.0,0.0,0.0,0.0,0.0,1,0,0.0,0.0,0.0,64.2,18.408333333333335,-1.82,4.0,0,1,0,0,1,0,0,1
0,1,0,0,10.0,0,0,0,0,0,1,0,0,1,56.15,14.0,163.0,2.0,33.0,0.0,0.0,0.0,0.0,0.0,0.0,1,0,0.0,0.0,0.0,113.96,29.139999999999997,-1.91,7.0,1,2,0,0,0,0,1,0
1,0,1,1,5.0,1,1,1,0,1,0,0,0,1,84.5,0.0,0.0,0.0,365.0,0.0,0.0,0.0,0.0,0.0,0.0,3,2,0.67,12.29,31.5,51.67,90.75,-7.04,0.0,2,3,0,1,0,0,1,0
0,0,0,1,4.0,1,0,0,0,0,0,0,0,1,20.15,0.0,0.0,0.0,365.0,0.0,0.0,0.0,0.0,0.0,0.0,1,0,0.0,0.0,0.0,82.03,21.1875,-0.92,0.0,0,1,1,0,1,0,0,1
1,0,1,1,65.0,1,1,0,0,0,0,0,0,0,24.75,0.0,0.0,0.0,365.0,0.0,0.0,0.0,0.0,0.0,0.0,3,0,0.0,0.0,0.0,54.5,26.386153846153846,3.68,0.0,0,0,2,0,1,1,0,0
1,0,1,1,70.0,1,1,0,0,0,0,0,0,0,25.35,4.0,184.0,1.0,269.0,0.0,0.0,0.0,0.0,0.0,0.0,1,0,0.0,0.0,0.0,87.41,24.502142857142857,4.28,4.0,0,0,2,0,1,0,0,1
1,0,0,0,18.0,1,1,0,0,1,0,0,1,1,90.7,0.0,0.0,0.0,365.0,0.0,0.0,0.0,0.0,0.0,0.0,1,0,0.0,0.0,0.0,112.42,88.73611111111111,-0.84,0.0,2,1,0,1,0,1,0,0
1,0,0,1,62.0,1,0,0,0,0,0,0,0,0,20.0,5.0,79.0,1.0,269.0,1.0,8.7,8.7,1.0,0.0,1.0,3,1,0.33,4.21,12.62,47.66,20.16290322580645,-1.07,5.0,0,1,2,0,1,0,0,0
0,0,1,1,66.0,1,0,1,0,0,0,1,0,1,59.75,0.0,0.0,0.0,365.0,0.0,0.0,0.0,0.0,0.0,0.0,1,0,0.0,0.0,0.0,23.34,60.55757575757576,1.69,0.0,2,0,2,0,0,0,1,0
0,0,1,1,65.0,1,1,1,1,0,1,1,1,1,82.5,0.0,0.0,0.0,365.0,0.0,0.0,0.0,0.0,0.0,0.0,3,0,0.0,0.0,0.0,61.12,80.2323076923077,24.44,0.0,5,0,2,0,0,0,0,0
0,1,0,0,3.0,1,0,0,0,0,0,0,0,1,70.3,8.0,149.0,1.0,222.0,0.0,0.0,0.0,0.0,0.0,0.0,1,0,0.0,0.0,0.0,87.78,78.5,-21.24,8.0,0,2,0,1,0,0,1,0
0,0,0,0,34.0,1,0,0,0,0,0,0,0,0,20.35,0.0,0.0,0.0,365.0,0.0,0.0,0.0,0.0,0.0,0.0,1,0,0.0,0.0,0.0,51.24,19.8,-0.72,0.0,0,1,0,0,1,0,0,1
1,0,1,1,16.0,1,1,0,0,1,0,1,0,1,90.8,0.0,0.0,0.0,365.0,0.0,0.0,0.0,0.0,0.0,0.0,3,0,0.0,0.0,0.0,46.44,90.1375,-0.74,0.0,2,1,0,1,0,0,0,0
0,0,0,0,54.0,1,1,1,0,1,0,1,1,1,103.95,0.0,0.0,0.0,365.0,1.0,32.4,32.4,0.0,1.0,0.0,3,1,0.33,12.39,37.18,54.11,104.42685185185185,12.41,0.0,4,1,1,1,0,0,0,0
0,1,0,0,50.0,1,1,0,0,1,1,1,1,1,104.95,0.0,0.0,0.0,365.0,0.0,0.0,0.0,0.0,0.0,0.0,3,1,0.33,7.63,22.88,82.36,104.447,13.41,0.0,4,2,0,1,0,0,1,0
1,0,1,0,71.0,1,0,0,1,1,1,1,1,1,91.75,11.0,182.0,1.0,244.0,1.0,20.3,20.3,1.0,0.0,1.0,1,0,0.0,0.0,0.0,117.89,102.70070422535211,0.21,11.0,5,0,2,1,0,0,1,0
0,0,0,0,10.0,1,1,0,0,0,0,0,0,1,74.75,0.0,0.0,0.0,365.0,0.0,0.0,0.0,0.0,0.0,0.0,1,0,0.0,0.0,0.0,93.04,79.965,-16.79,0.0,0,2,0,1,0,0,1,0
0,0,0,0,1.0,1,0,0,0,0,1,0,0,1,50.8,8.0,71.0,1.0,17.0,0.0,0.0,0.0,0.0,0.0,0.0,3,0,0.0,0.0,0.0,89.48,50.8,-7.26,8.0,1,2,0,0,0,0,1,0
1,0,0,0,18.0,1,1,0,0,0,0,0,0,0,23.75,0.0,0.0,0.0,365.0,0.0,0.0,0.0,0.0,0.0,0.0,2,0,0.0,0.0,0.0,94.7,23.583333333333332,2.68,0.0,0,0,1,0,1,0,0,1
1,0,0,0,4.0,1,0,0,0,0,1,1,0,1,61.3,0.0,0.0,0.0,365.0,1.0,2.2,2.2,0.0,1.0,0.0,2,1,0.5,16.1,32.19,113.51,62.35,3.24,0.0,2,3,0,0,0,0,1,0
0,0,1,1,58.0,1,1,1,0,1,1,1,0,0,75.8,2.0,33.0,1.0,228.0,1.0,0.8,0.8,0.0,0.0,0.0,3,0,0.0,0.0,0.0,70.75,76.13362068965517,17.74,2.0,4,0,2,0,0,0,0,1
0,0,1,0,56.0,1,1,1,0,0,0,1,1,1,98.0,0.0,0.0,0.0,365.0,0.0,0.0,0.0,0.0,0.0,0.0,2,0,0.0,0.0,0.0,84.38,94.11785714285715,6.46,0.0,3,0,1,1,0,0,1,0
1,0,0,0,2.0,1,0,0,0,0,0,1,0,1,80.25,8.0,144.0,1.0,276.0,0.0,0.0,0.0,0.0,0.0,0.0,1,0,0.0,0.0,0.0,55.67,72.275,-11.29,8.0,1,2,0,1,0,0,1,0
1,0,1,0,32.0,1,1,0,0,1,0,0,0,1,78.9,0.0,0.0,0.0,365.0,0.0,0.0,0.0,0.0,0.0,0.0,3,0,0.0,0.0,0.0,88.53,76.4984375,-12.64,0.0,1,1,0,1,0,0,1,0
1,0,1,1,56.0,0,0,1,1,0,1,1,0,1,56.15,0.0,0.0,0.0,365.0,0.0,0.0,0.0,0.0,0.0,0.0,2,0,0.0,0.0,0.0,59.19,51.51607142857143,-1.91,0.0,4,0,1,0,0,0,0,1
1,0,0,0,36.0,1,1,0,0,0,0,0,1,1,84.75,0.0,0.0,0.0,365.0,0.0,0.0,0.0,0.0,0.0,0.0,2,0,0.0,0.0,0.0,74.09,84.72638888888889,-6.79,0.0,1,1,0,1,0,0,1,0
0,0,0,0,4.0,1,1,0,0,0,1,1,0,1,64.4,0.0,0.0,0.0,365.0,0.0,0.0,0.0,0.0,0.0,0.0,2,1,0.5,17.12,34.24,106.51,63.25,6.34,0.0,2,3,0,0,0,0,0,1
1,0,0,0,53.0,1,1,0,0,0,0,1,0,0,85.45,5.0,200.0,1.0,184.0,0.0,0.0,0.0,0.0,0.0,0.0,1,0,0.0,0.0,0.0,26.03,85.23113207547169,-6.09,5.0,1,1,0,1,0,0,0,0
1,0,0,0,10.0,1,0,0,0,0,0,0,0,1,45.8,4.0,124.0,1.0,101.0,1.0,96.3,96.3,0.0,1.0,0.0,3,1,0.33,5.58,16.74,72.26,43.62,-12.26,4.0,0,3,0,0,0,1,0,0
1,0,0,0,4.0,0,0,0,0,0,1,0,0,0,30.5,5.0,202.0,1.0,204.0,1.0,13.5,13.5,1.0,0.0,1.0,2,1,0.5,4.56,9.12,68.45,29.6,-27.56,5.0,1,3,0,0,0,0,1,0
1,0,1,1,1.0,1,0,0,0,0,0,0,0,0,19.9,0.0,0.0,0.0,365.0,0.0,0.0,0.0,0.0,0.0,0.0,2,1,0.5,13.31,26.62,102.18,19.9,-1.17,0.0,0,3,0,0,1,0,0,1
0,0,1,0,51.0,1,0,0,0,0,0,0,0,0,69.15,5.0,245.0,1.0,142.0,0.0,0.0,0.0,0.0,0.0,0.0,3,1,0.33,11.17,33.51,73.97,71.56078431372549,-22.39,5.0,0,2,0,1,0,0,0,1
1,1,0,0,12.0,1,1,0,0,1,0,1,1,1,99.45,0.0,0.0,0.0,365.0,0.0,0.0,0.0,0.0,0.0,0.0,1,0,0.0,0.0,0.0,27.71,100.0125,7.91,0.0,3,1,0,1,0,0,1,0
0,0,0,0,6.0,0,0,0,0,0,1,1,1,1,49.25,0.0,0.0,0.0,365.0,0.0,0.0,0.0,0.0,0.0,0.0,2,1,0.5,13.11,26.22,92.93,42.6,-8.81,0.0,3,2,1,0,0,0,0,1
1,0,1,1,63.0,0,0,0,1,1,1,0,0,0,39.35,0.0,0.0,0.0,365.0,1.0,40.7,40.7,0.0,1.0,0.0,1,0,0.0,0.0,0.0,99.0,38.01666666666667,-18.71,0.0,3,0,2,0,0,0,0,0
0,0,0,0,1.0,1,0,0,0,0,0,0,0,1,70.6,0.0,0.0,0.0,365.0,0.0,0.0,0.0,0.0,0.0,0.0,3,0,0.0,0.0,0.0,69.75,70.6,-20.94,0.0,0,2,0,1,0,0,1,0
0,0,1,0,48.0,1,1,0,1,0,1,1,1,1,105.1,0.0,0.0,0.0,365.0,0.0,0.0,0.0,0.0,0.0,0.0,1,0,0.0,0.0,0.0,96.44,105.90729166666667,13.56,0.0,4,1,0,1,0,1,0,0
0,0,0,0,5.0,1,0,0,0,0,0,1,0,1,81.0,0.0,0.0,0.0,365.0,0.0,0.0,0.0,0.0,0.0,0.0,2,0,0.0,0.0,0.0,81.81,77.92,-10.54,0.0,1,2,0,1,0,1,0,0
0,0,0,1,35.0,1,0,0,0,0,0,0,0,1,20.1,0.0,0.0,0.0,365.0,0.0,0.0,0.0,0.0,0.0,0.0,2,1,0.5,4.49,8.97,34.03,18.414285714285715,-0.97,0.0,0,1,1,0,1,1,0,0
1,0,0,0,6.0,1,0,0,1,0,0,1,0,1,84.85,0.0,0.0,0.0,365.0,1.0,24.1,24.1,1.0,0.0,1.0,2,0,0.0,0.0,0.0,78.14,87.25,-6.69,0.0,2,2,0,1,0,0,1,0
1,0,0,0,2.0,1,0,0,0,0,0,0,0,0,19.75,0.0,0.0,0.0,365.0,0.0,0.0,0.0,0.0,0.0,0.0,1,0,0.0,0.0,0.0,63.05,19.65,-1.32,0.0,0,2,0,0,1,0,0,1
0,0,0,0,50.0,1,0,0,0,0,0,0,0,0,19.75,0.0,0.0,0.0,365.0,0.0,0.0,0.0,0.0,0.0,0.0,2,1,0.5,6.08,12.15,38.78,19.781,-1.32,0.0,0,1,1,0,1,0,0,0
0,0,0,0,33.0,1,0,0,0,0,0,0,0,1,70.4,0.0,0.0,0.0,365.0,0.0,0.0,0.0,0.0,0.0,0.0,1,0,0.0,0.0,0.0,113.04,72.9121212121212,-21.14,0.0,0,1,0,1,0,0,0,0
1,0,0,0,31.0,1,0,0,0,0,0,0,0,0,20.45,0.0,0.0,0.0,365.0,0.0,0.0,0.0,0.0,0.0,0.0,1,0,0.0,0.0,0.0,49.06,20.598387096774193,-0.62,0.0,0,0,2,0,1,0,0,1
0,0,1,1,9.0,1,0,0,0,0,0,0,0,0,20.35,0.0,0.0,0.0,365.0,1.0,5.3,5.3,1.0,0.0,1.0,1,0,0.0,0.0,0.0,73.36,21.233333333333334,-0.72,0.0,0,1,2,0,1,0,0,1
0,0,1,1,54.0,1,1,0,1,1,1,1,1,1,86.2,11.0,153.5,2.0,69.0,1.0,4.8,4.8,0.0,1.0,0.0,3,0,0.0,0.0,0.0,68.25,83.77870370370371,28.14,5.5,5,1,0,0,0,0,1,0
0,0,0,0,44.0,1,0,1,1,1,0,1,0,1,95.65,3.0,219.5,2.0,115.0,0.0,0.0,0.0,0.0,0.0,0.0,3,1,0.33,8.03,24.08,59.1,106.00454545454545,4.11,1.5,4,1,1,1,0,1,0,0
1,0,0,1,34.0,1,1,1,1,0,0,1,1,1,103.8,0.0,0.0,0.0,365.0,0.0,0.0,0.0,0.0,0.0,0.0,2,0,0.0,0.0,0.0,59.92,102.08235294117648,12.26,0.0,4,0,1,1,0,0,1,0
1,0,1,1,71.0,1,1,1,0,0,0,1,1,1,97.2,0.0,0.0,0.0,365.0,0.0,0.0,0.0,0.0,0.0,0.0,1,0,0.0,0.0,0.0,89.39,97.32816901408451,5.66,0.0,3,0,2,1,0,0,1,0
0,0,1,1,63.0,1,0,1,1,1,1,0,0,0,56.15,10.0,28.0,1.0,151.0,0.0,0.0,0.0,0.0,0.0,0.0,3,1,0.33,7.55,22.65,89.09,63.717460317460315,-1.91,10.0,4,1,2,0,0,0,0,1
0,0,0,0,51.0,1,1,0,0,0,0,0,0,0,24.95,6.0,72.0,1.0,262.0,0.0,0.0,0.0,0.0,0.0,0.0,3,0,0.0,0.0,0.0,63.94,25.254901960784313,3.88,6.0,0,0,2,0,1,0,0,0
0,1,0,0,26.0,1,1,0,1,0,0,1,0,1,89.15,0.0,0.0,0.0,365.0,0.0,0.0,0.0,0.0,0.0,0.0,3,0,0.0,0.0,0.0,65.03,87.60192307692309,-2.39,0.0,2,1,0,1,0,0,1,0
0,0,1,0,64.0,1,0,1,0,1,0,1,1,1,99.0,0.0,0.0,0.0,365.0,0.0,0.0,0.0,0.0,0.0,0.0,2,0,0.0,0.0,0.0,83.64,99.621875,7.46,0.0,4,0,2,1,0,0,0,0
0,1,1,0,1.0,0,0,0,0,0,0,0,0,1,24.8,6.0,87.0,1.0,278.0,1.0,25.0,25.0,1.0,0.0,1.0,3,2,0.67,8.0,15.96,75.74,24.8,-33.26,6.0,0,3,0,0,0,0,1,0
1,1,1,0,61.0,1,1,0,1,0,1,0,0,1,91.75,3.0,194.0,1.0,148.0,0.0,0.0,0.0,0.0,0.0,0.0,2,0,0.0,0.0,0.0,27.16,86.09426229508196,0.21,3.0,2,0,1,1,0,0,0,0
0,0,0,0,15.0,1,0,0,0,1,0,1,1,1,94.0,0.0,0.0,0.0,365.0,0.0,0.0,0.0,0.0,0.0,0.0,3,0,0.0,0.0,0.0,53.77,100.36333333333333,2.46,0.0,3,1,0,1,0,1,0,0
1,0,0,0,64.0,1,1,0,1,0,1,1,1,1,105.65,0.0,0.0,0.0,365.0,0.0,0.0,0.0,0.0,0.0,0.0,3,0,0.0,0.0,0.0,55.55,107.8609375,14.11,0.0,4,0,1,1,0,1,0,0
0,0,0,0,18.0,1,1,0,0,0,0,0,0,1,50.3,0.0,0.0,0.0,365.0,0.0,0.0,0.0,0.0,0.0,0.0,1,0,0.0,0.0,0.0,91.52,50.73888888888889,-7.76,0.0,0,1,0,0,0,0,1,0
0,0,1,1,57.0,1,0,0,1,0,0,1,1,1,95.0,0.0,0.0,0.0,365.0,0.0,0.0,0.0,0.0,0.0,0.0,3,1,0.33,14.54,43.63,74.71,97.11929824561403,3.46,0.0,3,1,1,1,0,0,1,0
1,0,1,1,14.0,1,0,1,1,0,0,0,1,1,61.4,0.0,0.0,0.0,365.0,0.0,0.0,0.0,0.0,0.0,0.0,2,1,0.5,1.95,3.9,30.99,58.253571428571426,3.34,0.0,3,1,2,0,0,0,0,0
1,1,0,0,18.0,1,1,0,1,0,0,0,0,1,80.55,1.0,57.0,1.0,246.0,1.0,12.6,12.6,0.0,0.0,0.0,1,1,1.0,35.64,35.64,83.85,78.42500000000001,-10.99,1.0,1,2,0,1,0,1,0,0
0,1,1,0,72.0,1,1,1,0,0,0,0,0,0,78.5,0.0,0.0,0.0,365.0,0.0,0.0,0.0,0.0,0.0,0.0,2,2,1.0,17.62,24.52,69.58,77.80902777777777,-13.04,0.0,1,1,2,1,0,0,0,0
1,0,1,0,70.0,1,1,1,1,1,1,1,1,0,114.3,4.0,108.0,1.0,339.0,0.0,0.0,0.0,0.0,0.0,0.0,3,1,0.33,2.0,6.0,35.54,117.77571428571427,22.76,4.0,6,1,2,1,0,1,0,0
0,0,0,0,64.0,1,0,0,0,0,0,0,0,0,20.05,7.0,41.0,1.0,260.0,0.0,0.0,0.0,0.0,0.0,0.0,3,0,0.0,0.0,0.0,71.35,11.5859375,-1.02,7.0,0,0,2,0,1,0,0,1
1,0,1,1,68.0,1,0,1,1,1,1,0,0,0,62.65,0.0,0.0,0.0,365.0,0.0,0.0,0.0,0.0,0.0,0.0,3,0,0.0,0.0,0.0,84.97,64.35000000000001,4.59,0.0,4,0,2,0,0,1,0,0
1,0,0,0,13.0,1,0,0,0,0,0,0,1,1,80.85,7.0,179.5,2.0,148.0,0.0,0.0,0.0,0.0,0.0,0.0,1,0,0.0,0.0,0.0,39.96,77.5923076923077,-10.69,3.5,1,1,0,1,0,0,1,0
1,1,1,0,65.0,1,1,1,1,0,0,1,0,1,92.7,3.0,63.0,1.0,1.0,0.0,0.0,0.0,0.0,0.0,0.0,3,0,0.0,0.0,0.0,67.58,91.82153846153845,1.16,3.0,3,0,2,1,0,1,0,0
0,0,0,0,30.0,1,1,0,0,1,0,1,1,0,100.45,0.0,0.0,0.0,365.0,1.0,12.9,12.9,0.0,1.0,0.0,2,0,0.0,0.0,0.0,97.65,103.23,8.91,0.0,3,1,0,1,0,0,1,0
1,0,1,0,51.0,1,1,0,0,0,1,1,1,1,75.2,0.0,0.0,0.0,365.0,0.0,0.0,0.0,0.0,0.0,0.0,3,0,0.0,0.0,0.0,65.19,76.49509803921569,17.14,0.0,3,0,2,0,0,0,0,0
0,0,0,0,31.0,1,1,1,0,1,0,0,0,1,84.75,0.0,0.0,0.0,365.0,0.0,0.0,0.0,0.0,0.0,0.0,2,0,0.0,0.0,0.0,39.19,84.30322580645162,-6.79,0.0,2,1,0,1,0,1,0,0
0,0,1,0,9.0,1,0,0,0,0,0,1,1,0,89.45,0.0,0.0,0.0,365.0,0.0,0.0,0.0,0.0,0.0,0.0,3,1,0.33,2.11,6.33,43.76,94.78888888888889,-2.09,0.0,2,3,0,1,0,0,1,0
0,0,1,1,72.0,1,1,1,1,1,1,0,1,1,79.5,0.0,0.0,0.0,365.0,0.0,0.0,0.0,0.0,0.0,0.0,1,0,0.0,0.0,0.0,60.66,78.63472222222222,21.44,0.0,5,0,2,0,0,0,0,0
1,0,0,0,10.0,1,1,0,0,0,0,1,1,1,72.15,9.0,17.0,1.0,316.0,0.0,0.0,0.0,0.0,0.0,0.0,2,0,0.0,0.0,0.0,72.78,79.425,14.09,9.0,2,2,0,0,0,1,0,0
0,0,0,0,37.0,1,0,0,0,0,0,0,0,1,19.8,0.0,0.0,0.0,365.0,0.0,0.0,0.0,0.0,0.0,0.0,2,0,0.0,0.0,0.0,65.2,18.785135135135135,-1.27,0.0,0,0,1,0,1,0,1,0
0,0,0,0,2.0,1,0,0,0,1,1,1,1,0,76.4,0.0,0.0,0.0,365.0,0.0,0.0,0.0,0.0,0.0,0.0,1,0,0.0,0.0,0.0,29.21,80.4,18.34,0.0,4,2,0,0,0,0,1,0
1,0,0,0,55.0,1,0,1,1,0,0,1,1,1,100.9,0.0,0.0,0.0,365.0,0.0,0.0,0.0,0.0,0.0,0.0,2,0,0.0,0.0,0.0,70.56,100.94636363636364,9.36,0.0,4,0,1,1,0,0,0,1
1,0,0,1,33.0,1,1,1,0,1,0,0,1,1,95.3,8.0,165.5,2.0,215.0,0.0,0.0,0.0,0.0,0.0,0.0,1,1,1.0,12.99,12.99,29.09,99.2469696969697,3.76,4.0,3,2,0,1,0,0,0,0
0,0,1,1,46.0,1,0,0,0,1,1,0,1,0,90.95,6.0,221.0,1.0,237.0,0.0,0.0,0.0,0.0,0.0,0.0,2,1,0.5,3.62,7.23,36.33,92.10000000000001,-0.59,6.0,3,1,1,1,0,0,0,0
0,0,0,1,1.0,1,0,1,0,0,1,0,0,0,54.5,0.0,0.0,0.0,365.0,0.0,0.0,0.0,0.0,0.0,0.0,1,0,0.0,0.0,0.0,69.37,54.5,-3.56,0.0,2,2,0,0,0,0,1,0
0,1,0,0,20.0,1,1,0,0,0,0,0,1,1,61.6,0.0,0.0,0.0,365.0,0.0,0.0,0.0,0.0,0.0,0.0,1,0,0.0,0.0,0.0,57.99,58.717499999999994,3.54,0.0,1,1,0,0,0,0,0,1
1,0,1,0,9.0,1,0,0,1,1,0,0,0,1,79.9,0.0,0.0,0.0,365.0,0.0,0.0,0.0,0.0,0.0,0.0,1,0,0.0,0.0,0.0,80.06,82.41111111111111,-11.64,0.0,2,2,0,1,0,0,1,0
1,1,0,0,32.0,1,1,0,0,0,0,1,1,1,96.15,0.0,0.0,0.0,365.0,0.0,0.0,0.0,0.0,0.0,0.0,2,0,0.0,0.0,0.0,84.76,94.3515625,4.61,0.0,2,1,0,1,0,1,0,0
0,0,1,1,19.0,1,0,0,0,1,0,0,0,1,49.6,0.0,0.0,0.0,365.0,0.0,0.0,0.0,0.0,0.0,0.0,1,0,0.0,0.0,0.0,29.05,50.67894736842105,-8.46,0.0,1,1,0,0,0,0,0,0
0,0,1,0,70.0,1,1,1,0,1,1,0,0,0,65.3,3.0,93.0,1.0,138.0,0.0,0.0,0.0,0.0,0.0,0.0,3,0,0.0,0.0,0.0,62.62,67.99642857142857,7.24,3.0,3,0,2,0,0,1,0,0
0,0,0,1,61.0,1,1,0,0,0,0,0,0,1,25.0,0.0,0.0,0.0,365.0,0.0,0.0,0.0,0.0,0.0,0.0,2,0,0.0,0.0,0.0,57.78,24.563114754098358,3.93,0.0,0,0,2,0,1,1,0,0
1,0,0,0,26.0,1,0,0,0,0,0,0,0,0,45.45,0.0,0.0,0.0,365.0,1.0,5.3,5.3,1.0,0.0,1.0,2,0,0.0,0.0,0.0,65.44,47.42884615384616,-12.61,0.0,0,1,0,0,0,0,1,0
1,0,1,0,45.0,1,1,0,1,1,0,1,1,1,107.75,0.0,0.0,0.0,365.0,1.0,42.2,42.2,0.0,1.0,0.0,1,1,1.0,36.8,36.8,110.7,108.50666666666667,16.21,0.0,4,2,0,1,0,0,0,0
1,0,1,1,62.0,1,1,0,0,1,0,1,0,1,89.1,0.0,0.0,0.0,365.0,0.0,0.0,0.0,0.0,0.0,0.0,2,1,0.5,6.05,12.1,63.0,87.28467741935484,-2.44,0.0,2,1,2,1,0,1,0,0
1,0,0,0,1.0,1,0,0,0,0,0,0,0,0,19.65,0.0,0.0,0.0,365.0,0.0,0.0,0.0,0.0,0.0,0.0,1,0,0.0,0.0,0.0,79.98,19.65,-1.42,0.0,0,2,0,0,1,0,0,1
0,0,0,0,3.0,1,0,0,0,0,0,0,0,0,44.75,3.0,223.0,1.0,188.0,0.0,0.0,0.0,0.0,0.0,0.0,3,0,0.0,0.0,0.0,91.27,49.35,-13.31,3.0,0,2,0,0,0,0,0,1
0,0,1,1,41.0,1,1,1,1,1,0,0,1,1,101.6,0.0,0.0,0.0,365.0,0.0,0.0,0.0,0.0,0.0,0.0,2,1,0.5,6.7,13.41,56.83,95.86707317073171,10.06,0.0,4,1,1,1,0,0,0,0
1,0,1,1,67.0,1,0,0,1,1,1,1,1,0,103.15,0.0,0.0,0.0,365.0,0.0,0.0,0.0,0.0,0.0,0.0,2,0,0.0,0.0,0.0,75.82,102.91791044776119,11.61,0.0,5,0,2,1,0,0,0,0
1,0,0,0,1.0,1,1,0,0,0,0,1,0,1,84.65,0.0,0.0,0.0,365.0,0.0,0.0,0.0,0.0,0.0,0.0,2,0,0.0,0.0,0.0,97.57,84.65,-6.89,0.0,1,2,0,1,0,0,0,1
0,0,1,0,71.0,1,1,1,1,0,0,1,0,0,95.65,0.0,0.0,0.0,365.0,0.0,0.0,0.0,0.0,0.0,0.0,2,0,0.0,0.0,0.0,77.93,96.57676056338028,4.11,0.0,3,0,1,1,0,0,0,1
0,0,1,1,37.0,1,0,1,1,0,0,1,1,0,75.1,0.0,0.0,0.0,365.0,0.0,0.0,0.0,0.0,0.0,0.0,3,0,0.0,0.0,0.0,82.98,71.85945945945946,17.04,0.0,4,0,1,0,0,0,0,0
1,0,1,0,60.0,1,0,1,1,0,1,0,0,1,61.35,0.0,0.0,0.0,365.0,0.0,0.0,0.0,0.0,0.0,0.0,2,1,0.5,2.86,5.73,41.79,62.769999999999996,3.29,0.0,3,1,2,0,0,0,0,1
0,1,1,0,1.0,1,0,0,0,0,0,0,0,1,69.55,0.0,0.0,0.0,365.0,0.0,0.0,0.0,0.0,0.0,0.0,2,0,0.0,0.0,0.0,71.85,69.55,-21.99,0.0,0,2,0,1,0,0,1,0
0,0,0,0,6.0,1,0,0,0,0,0,0,0,0,19.7,0.0,0.0,0.0,365.0,0.0,0.0,0.0,0.0,0.0,0.0,3,0,0.0,0.0,0.0,64.65,21.59166666666667,-1.37,0.0,0,2,0,0,1,1,0,0
0,0,0,0,13.0,0,0,0,1,0,0,0,0,1,31.05,0.0,0.0,0.0,365.0,1.0,1.9,1.9,0.0,0.0,0.0,3,1,0.33,9.09,27.28,84.71,26.71153846153846,-27.01,0.0,1,2,0,0,0,0,1,0
0,0,1,1,11.0,1,0,1,0,0,0,0,0,0,51.0,0.0,0.0,0.0,365.0,0.0,0.0,0.0,0.0,0.0,0.0,1,0,0.0,0.0,0.0,114.9,52.88181818181818,-7.06,0.0,1,2,0,0,0,0,0,0
1,0,0,0,7.0,1,0,1,0,0,0,0,0,1,51.0,0.0,0.0,0.0,365.0,0.0,0.0,0.0,0.0,0.0,0.0,1,0,0.0,0.0,0.0,47.27,50.57857142857143,-7.06,0.0,1,2,0,0,0,0,0,1
0,0,1,1,10.0,1,0,0,0,0,0,1,1,1,88.85,0.0,0.0,0.0,365.0,1.0,68.7,68.7,1.0,0.0,1.0,3,2,0.67,17.22,27.72,77.37,92.94500000000001,-2.69,0.0,2,3,0,1,0,0,1,0
1,0,1,0,34.0,1,0,0,0,0,0,0,0,0,20.05,0.0,0.0,0.0,365.0,0.0,0.0,0.0,0.0,0.0,0.0,2,0,0.0,0.0,0.0,61.68,19.970588235294116,-1.02,0.0,0,0,2,0,1,1,0,0
0,0,0,0,62.0,1,0,1,0,0,1,0,1,1,65.1,0.0,0.0,0.0,365.0,0.0,0.0,0.0,0.0,0.0,0.0,3,1,0.33,3.67,11.02,50.52,62.04435483870968,7.04,0.0,3,1,2,0,0,0,0,1
1,0,1,0,64.0,1,1,0,1,0,1,0,1,1,70.15,3.0,104.0,1.0,107.0,0.0,0.0,0.0,0.0,0.0,0.0,3,0,0.0,0.0,0.0,78.3,70.0109375,12.09,3.0,3,0,1,0,0,0,0,1
0,0,1,1,1.0,1,0,0,0,0,0,0,0,1,44.35,0.0,0.0,0.0,365.0,0.0,0.0,0.0,0.0,0.0,0.0,1,0,0.0,0.0,0.0,106.81,44.35,-13.71,0.0,0,2,0,0,0,0,0,0
1,0,0,0,25.0,1,0,0,0,0,0,0,0,1,20.75,0.0,0.0,0.0,365.0,0.0,0.0,0.0,0.0,0.0,0.0,2,0,0.0,0.0,0.0,104.09,19.976,-0.32,0.0,0,0,2,0,1,0,0,1
0,0,0,0,26.0,1,0,0,1,1,0,0,0,1,56.05,0.0,0.0,0.0,365.0,0.0,0.0,0.0,0.0,0.0,0.0,3,0,0.0,0.0,0.0,86.14,59.73846153846154,-2.01,0.0,2,0,1,0,0,0,0,1
1,0,0,1,10.0,1,0,0,0,0,0,0,0,1,19.95,0.0,0.0,0.0,365.0,0.0,0.0,0.0,0.0,0.0,0.0,1,0,0.0,0.0,0.0,21.26,21.95,-1.12,0.0,0,1,1,0,1,0,0,0
0,0,0,0,53.0,1,1,1,1,1,0,1,0,0,98.6,0.0,0.0,0.0,365.0,2.0,27.1,51.0,1.0,1.0,0.5,3,0,0.0,0.0,0.0,94.53,100.22358490566039,7.06,0.0,4,0,1,1,0,0,0,1
0,0,0,0,7.0,1,0,0,0,0,0,1,0,1,79.7,0.0,0.0,0.0,365.0,0.0,0.0,0.0,0.0,0.0,0.0,2,0,0.0,0.0,0.0,55.61,83.72142857142856,-11.84,0.0,1,2,0,1,0,0,1,0
1,0,0,0,33.0,1,0,0,1,1,0,0,0,1,79.0,0.0,0.0,0.0,365.0,0.0,0.0,0.0,0.0,0.0,0.0,3,0,0.0,0.0,0.0,57.56,78.0848484848485,-12.54,0.0,2,1,0,1,0,1,0,0
0,1,1,0,71.0,1,0,0,1,1,0,0,1,0,89.45,0.0,0.0,0.0,365.0,0.0,0.0,0.0,0.0,0.0,0.0,2,0,0.0,0.0,0.0,74.97,90.63732394366197,-2.09,0.0,3,0,2,1,0,1,0,0
0,0,0,0,29.0,1,1,0,0,0,0,0,0,1,74.2,6.0,13.0,1.0,29.0,0.0,0.0,0.0,0.0,0.0,0.0,3,0,0.0,0.0,0.0,55.48,68.73275862068965,-17.34,6.0,0,1,0,1,0,0,1,0
1,0,1,1,24.0,1,1,1,0,0,1,1,1,0,81.0,0.0,0.0,0.0,365.0,0.0,0.0,0.0,0.0,0.0,0.0,1,0,0.0,0.0,0.0,20.42,80.16041666666666,22.94,0.0,4,1,0,0,0,0,0,0
1,0,1,1,20.0,1,0,0,0,1,0,0,0,1,49.6,9.0,213.0,2.0,10.0,0.0,0.0,0.0,0.0,0.0,0.0,2,1,0.5,3.09,6.18,62.07,46.989999999999995,-8.46,4.5,1,2,0,0,0,0,1,0
0,0,0,0,1.0,1,1,0,0,0,0,1,0,1,84.6,5.0,92.0,1.0,281.0,0.0,0.0,0.0,0.0,0.0,0.0,1,0,0.0,0.0,0.0,23.46,84.6,-6.94,5.0,1,2,0,1,0,0,1,0
1,0,0,1,54.0,1,1,0,1,0,0,0,0,1,55.0,0.0,0.0,0.0,365.0,0.0,0.0,0.0,0.0,0.0,0.0,2,0,0.0,0.0,0.0,108.62,57.2712962962963,-3.06,0.0,1,1,0,0,0,1,0,0
0,1,0,0,5.0,1,0,0,0,1,0,1,0,1,84.85,0.0,0.0,0.0,365.0,0.0,0.0,0.0,0.0,0.0,0.0,3,2,0.67,11.99,23.08,44.56,83.11,-6.69,0.0,2,3,0,1,0,0,0,1
0,0,1,1,64.0,1,1,1,0,1,1,1,1,1,84.2,0.0,0.0,0.0,365.0,0.0,0.0,0.0,0.0,0.0,0.0,3,0,0.0,0.0,0.0,71.75,93.53984375,26.14,0.0,5,0,2,0,0,0,0,0
1,0,1,0,64.0,1,0,1,1,1,1,1,1,1,91.75,9.0,177.0,1.0,130.0,0.0,0.0,0.0,0.0,0.0,0.0,1,0,0.0,0.0,0.0,92.46,85.734375,0.21,9.0,6,0,2,1,0,0,1,0
0,0,0,0,9.0,1,0,0,0,0,0,0,0,0,69.05,0.0,0.0,0.0,365.0,0.0,0.0,0.0,0.0,0.0,0.0,1,0,0.0,0.0,0.0,70.06,72.38888888888889,-22.49,0.0,0,2,0,1,0,0,1,0
0,0,0,0,1.0,1,0,0,0,0,0,0,0,1,45.4,7.0,251.0,1.0,78.0,0.0,0.0,0.0,0.0,0.0,0.0,3,1,0.33,2.42,7.27,59.71,45.4,-12.66,7.0,0,3,0,0,0,0,0,1
1,1,0,0,1.0,1,1,0,0,0,0,0,0,1,73.65,0.0,0.0,0.0,365.0,0.0,0.0,0.0,0.0,0.0,0.0,1,0,0.0,0.0,0.0,31.21,73.65,-17.89,0.0,0,2,0,1,0,0,1,0
1,0,1,1,33.0,1,0,0,0,1,1,1,1,1,73.9,0.0,0.0,0.0,365.0,0.0,0.0,0.0,0.0,0.0,0.0,1,0,0.0,0.0,0.0,97.51,72.88030303030304,15.84,0.0,4,0,1,0,0,0,0,1
0,0,1,0,55.0,1,1,0,0,1,0,0,0,1,77.75,7.0,168.0,1.0,284.0,0.0,0.0,0.0,0.0,0.0,0.0,1,0,0.0,0.0,0.0,106.03,81.05727272727272,-13.79,7.0,1,1,0,1,0,0,1,0
1,0,1,1,69.0,1,1,0,0,0,1,1,1,1,99.35,0.0,0.0,0.0,365.0,0.0,0.0,0.0,0.0,0.0,0.0,1,1,1.0,12.2,12.2,31.12,99.36884057971014,7.81,0.0,3,1,2,1,0,0,1,0
1,0,0,0,1.0,1,0,1,0,0,0,0,0,1,50.75,2.0,220.0,1.0,214.0,0.0,0.0,0.0,0.0,0.0,0.0,2,1,0.5,2.32,4.64,77.22,50.75,-7.31,2.0,1,3,0,0,0,0,0,1
1,0,0,0,54.0,1,1,1,0,1,1,1,1,0,87.1,0.0,0.0,0.0,365.0,0.0,0.0,0.0,0.0,0.0,0.0,2,1,0.5,4.05,8.1,81.08,87.68888888888888,29.04,0.0,5,1,2,0,0,0,0,0
1,0,0,1,33.0,1,0,0,0,0,0,0,0,1,20.15,7.0,97.0,1.0,280.0,0.0,0.0,0.0,0.0,0.0,0.0,1,0,0.0,0.0,0.0,29.45,20.671212121212122,-0.92,7.0,0,0,1,0,1,0,0,1
1,1,1,0,45.0,1,1,0,1,1,1,1,0,1,98.7,0.0,0.0,0.0,365.0,0.0,0.0,0.0,0.0,0.0,0.0,3,0,0.0,0.0,0.0,71.15,100.57333333333334,7.16,0.0,4,0,1,1,0,0,0,0
0,0,0,1,12.0,0,0,0,0,0,0,0,0,0,25.2,0.0,0.0,0.0,365.0,0.0,0.0,0.0,0.0,0.0,0.0,2,0,0.0,0.0,0.0,57.22,26.754166666666666,-32.86,0.0,0,1,0,0,0,0,1,0
1,0,0,0,6.0,1,0,1,1,0,0,0,0,1,55.7,0.0,0.0,0.0,365.0,1.0,29.1,29.1,1.0,0.0,1.0,2,1,0.5,21.68,43.37,110.33,55.94166666666666,-2.36,0.0,2,3,0,0,0,0,0,0
1,0,0,0,21.0,1,0,1,0,1,0,1,0,0,65.35,0.0,0.0,0.0,365.0,0.0,0.0,0.0,0.0,0.0,0.0,1,0,0.0,0.0,0.0,48.67,67.82857142857144,7.29,0.0,3,1,0,0,0,0,0,0
0,0,1,1,65.0,1,1,0,0,0,0,0,0,1,25.3,4.0,245.0,1.0,330.0,0.0,0.0,0.0,0.0,0.0,0.0,3,2,0.67,12.29,29.31,58.3,26.90076923076923,4.23,4.0,0,1,2,0,1,0,0,0
0,1,1,0,6.0,1,1,0,0,0,0,0,1,1,84.35,0.0,80.0,1.0,365.0,0.0,0.0,0.0,0.0,0.0,0.0,2,0,0.0,0.0,0.0,47.03,79.14999999999999,-7.19,0.0,1,2,0,1,0,0,1,0
0,0,0,0,8.0,1,0,1,0,0,0,1,0,0,84.95,8.0,271.0,1.0,59.0,0.0,0.0,0.0,0.0,0.0,0.0,2,0,0.0,0.0,0.0,69.17,83.55,-6.59,8.0,2,2,0,1,0,0,1,0
1,0,0,0,12.0,1,0,0,0,0,1,0,0,1,73.85,0.0,0.0,0.0,365.0,0.0,0.0,0.0,0.0,0.0,0.0,3,1,0.33,1.62,4.85,81.86,77.1875,-17.69,0.0,1,2,0,1,0,0,1,0
1,0,1,1,43.0,1,1,0,0,0,0,0,0,0,24.25,0.0,0.0,0.0,365.0,0.0,0.0,0.0,0.0,0.0,0.0,1,0,0.0,0.0,0.0,24.41,25.06860465116279,3.18,0.0,0,0,2,0,1,0,0,1
1,0,1,1,49.0,0,0,0,1,0,0,1,1,1,51.8,0.0,0.0,0.0,365.0,0.0,0.0,0.0,0.0,0.0,0.0,1,0,0.0,0.0,0.0,59.3,51.86224489795919,-6.26,0.0,3,0,1,0,0,0,0,0
0,1,1,0,1.0,1,0,0,0,0,0,0,0,0,46.0,0.0,0.0,0.0,365.0,1.0,0.1,0.1,1.0,0.0,1.0,2,0,0.0,0.0,0.0,69.02,46.0,-12.06,0.0,0,2,0,0,0,0,1,0
1,1,0,0,15.0,1,0,0,0,0,0,0,1,1,79.4,8.0,123.5,2.0,123.0,0.0,0.0,0.0,0.0,0.0,0.0,2,0,0.0,0.0,0.0,81.31,77.07333333333332,-12.14,4.0,1,1,0,1,0,0,1,0
1,0,1,1,60.0,1,0,1,1,1,0,0,0,0,60.5,0.0,0.0,0.0,365.0,1.0,13.1,13.1,1.0,0.0,1.0,1,0,0.0,0.0,0.0,39.18,61.57416666666666,2.44,0.0,3,0,2,0,0,0,0,0
1,0,0,0,17.0,0,0,0,0,0,0,0,0,0,25.1,0.0,0.0,0.0,365.0,0.0,0.0,0.0,0.0,0.0,0.0,2,0,0.0,0.0,0.0,36.88,22.51764705882353,-32.96,0.0,0,1,0,0,0,1,0,0
1,1,1,0,16.0,1,0,0,0,0,0,0,0,1,91.75,6.0,272.0,1.0,89.0,0.0,0.0,0.0,0.0,0.0,0.0,3,0,0.0,0.0,0.0,65.51,72.9875,0.21,6.0,0,1,0,1,0,0,0,0
1,0,1,1,35.0,1,0,0,0,0,0,0,0,0,20.05,7.0,282.0,1.0,108.0,1.0,16.7,16.7,1.0,0.0,1.0,1,0,0.0,0.0,0.0,78.62,21.335714285714285,-1.02,7.0,0,0,1,0,1,0,0,0
1,1,1,0,44.0,1,1,0,1,0,0,0,1,0,88.4,13.0,103.0,2.0,26.0,1.0,25.2,25.2,1.0,0.0,1.0,2,0,0.0,0.0,0.0,98.68,88.92954545454546,-3.14,6.5,2,0,1,1,0,0,0,1
0,0,1,1,12.0,0,0,0,0,0,1,0,0,0,56.15,0.0,0.0,0.0,365.0,0.0,0.0,0.0,0.0,0.0,0.0,2,1,0.5,6.32,12.65,36.27,30.7375,-1.91,0.0,1,1,1,0,0,1,0,0
1,0,0,0,1.0,1,0,0,0,0,0,0,0,0,20.2,0.0,0.0,0.0,365.0,1.0,2.9,2.9,1.0,0.0,1.0,1,0,0.0,0.0,0.0,54.61,20.2,-0.87,0.0,0,2,0,0,1,0,0,1
0,0,0,0,28.0,1,0,1,1,0,1,0,0,1,59.9,3.0,146.0,1.0,353.0,0.0,0.0,0.0,0.0,0.0,0.0,2,1,0.5,2.96,5.92,27.94,59.096428571428575,1.84,3.0,3,1,1,0,0,0,1,0
1,0,1,0,70.0,1,1,0,0,0,0,0,0,0,25.15,6.0,237.0,1.0,279.0,0.0,0.0,0.0,0.0,0.0,0.0,3,1,0.33,3.27,9.82,74.04,27.72642857142857,4.08,6.0,0,1,2,0,1,0,0,0
0,0,0,1,5.0,1,0,0,0,0,0,0,0,0,46.0,0.0,0.0,0.0,365.0,0.0,0.0,0.0,0.0,0.0,0.0,3,1,0.33,14.29,42.86,74.4,44.339999999999996,-12.06,0.0,0,3,0,0,0,0,0,1
1,0,0,0,18.0,1,0,0,1,1,0,1,1,0,101.3,0.0,0.0,0.0,365.0,0.0,0.0,0.0,0.0,0.0,0.0,2,0,0.0,0.0,0.0,79.59,99.70277777777778,9.76,0.0,4,1,0,1,0,1,0,0
1,0,1,0,70.0,1,1,1,0,0,1,1,1,1,76.95,0.0,0.0,0.0,365.0,0.0,0.0,0.0,0.0,0.0,0.0,2,1,0.5,11.58,23.16,63.06,75.56857142857143,18.89,0.0,4,1,2,0,0,1,0,0
0,0,1,1,9.0,1,1,0,1,0,0,0,0,1,55.3,4.0,96.0,1.0,90.0,1.0,0.2,0.2,0.0,1.0,0.0,3,1,0.33,2.49,7.46,50.15,55.68888888888889,-2.76,4.0,1,3,0,0,0,0,0,1
0,1,0,0,67.0,1,0,1,1,0,1,1,0,1,92.45,0.0,0.0,0.0,365.0,0.0,0.0,0.0,0.0,0.0,0.0,1,0,0.0,0.0,0.0,73.85,91.65447761194031,0.91,0.0,4,0,2,1,0,0,0,0
0,0,0,0,1.0,1,0,1,0,0,0,0,0,1,48.45,2.0,141.0,1.0,80.0,1.0,33.3,33.3,0.0,1.0,0.0,2,0,0.0,0.0,0.0,97.05,48.45,-9.61,2.0,1,2,0,0,0,0,0,0
0,0,1,1,18.0,1,0,0,0,0,0,0,0,0,19.35,6.0,217.0,1.0,27.0,0.0,0.0,0.0,0.0,0.0,0.0,2,0,0.0,0.0,0.0,82.57,17.180555555555557,-1.72,6.0,0,0,2,0,1,0,0,1
1,0,0,0,4.0,1,1,0,0,0,0,0,0,0,51.75,0.0,0.0,0.0,365.0,0.0,0.0,0.0,0.0,0.0,0.0,2,0,0.0,0.0,0.0,50.65,50.275,-6.31,0.0,0,2,0,0,0,1,0,0
1,1,1,1,71.0,1,0,1,1,1,0,0,0,1,86.7,6.0,70.0,1.0,149.0,0.0,0.0,0.0,0.0,0.0,0.0,2,0,0.0,0.0,0.0,66.4,87.0330985915493,-4.84,6.0,3,0,1,1,0,0,0,0
1,0,1,1,30.0,1,1,1,1,0,0,1,0,1,94.4,0.0,0.0,0.0,365.0,0.0,0.0,0.0,0.0,0.0,0.0,2,0,0.0,0.0,0.0,49.3,94.62333333333332,2.86,0.0,3,1,0,1,0,0,1,0
1,0,1,0,1.0,1,0,1,0,1,0,0,0,0,55.7,10.0,290.0,1.0,78.0,1.0,19.6,19.6,1.0,0.0,1.0,3,0,0.0,0.0,0.0,83.87,55.7,-2.36,10.0,2,2,0,0,0,0,0,1
0,0,0,0,55.0,1,1,1,0,1,0,0,0,1,84.25,0.0,0.0,0.0,365.0,1.0,2.3,2.3,0.0,1.0,0.0,3,1,0.33,4.31,12.93,77.54,83.45181818181818,-7.29,0.0,2,1,1,1,0,1,0,0
1,0,0,0,59.0,1,0,0,0,1,1,1,0,1,64.65,0.0,0.0,0.0,365.0,1.0,2.2,2.2,1.0,0.0,1.0,2,2,1.0,9.04,12.56,64.77,63.31271186440678,6.59,0.0,3,2,0,0,0,0,1,0
0,0,0,0,1.0,1,0,0,0,0,0,0,0,1,70.15,6.0,177.0,1.0,63.0,0.0,0.0,0.0,0.0,0.0,0.0,3,0,0.0,0.0,0.0,95.59,70.15,-21.39,6.0,0,2,0,1,0,0,0,1
0,0,1,0,7.0,1,0,0,0,0,0,0,0,1,69.2,0.0,0.0,0.0,365.0,0.0,0.0,0.0,0.0,0.0,0.0,2,0,0.0,0.0,0.0,47.55,68.22142857142858,-22.34,0.0,0,2,0,1,0,0,0,0
1,0,1,1,45.0,1,0,1,0,0,1,0,0,0,54.65,4.0,237.0,1.0,309.0,1.0,3.3,3.3,1.0,0.0,1.0,1,0,0.0,0.0,0.0,101.71,56.748888888888885,-3.41,4.0,2,0,2,0,0,0,0,0
0,0,1,1,54.0,1,1,0,0,0,0,0,0,1,24.75,4.0,161.0,1.0,43.0,0.0,0.0,0.0,0.0,0.0,0.0,3,0,0.0,0.0,0.0,67.86,24.85462962962963,3.68,4.0,0,0,1,0,1,0,0,0
1,0,1,1,51.0,1,1,0,0,0,0,0,0,1,23.95,0.0,0.0,0.0,365.0,0.0,0.0,0.0,0.0,0.0,0.0,2,0,0.0,0.0,0.0,72.53,23.849999999999998,2.88,0.0,0,0,1,0,1,0,0,1
0,1,1,0,72.0,1,1,0,1,1,0,1,1,0,105.0,0.0,0.0,0.0,365.0,0.0,0.0,0.0,0.0,0.0,0.0,1,1,1.0,3.07,3.07,59.26,105.25069444444445,13.46,0.0,4,1,1,1,0,1,0,0
1,0,1,0,44.0,1,0,1,1,0,1,0,0,1,59.85,10.0,116.5,2.0,197.0,0.0,0.0,0.0,0.0,0.0,0.0,3,0,0.0,0.0,0.0,71.03,59.18068181818182,1.79,5.0,3,0,1,0,0,0,0,0
1,0,0,0,2.0,1,0,0,0,0,0,0,0,0,20.05,11.0,125.0,2.0,217.0,0.0,0.0,0.0,0.0,0.0,0.0,3,1,0.33,4.55,13.66,61.25,21.35,-1.02,5.5,0,3,0,0,1,0,0,1
0,0,0,0,66.0,1,1,0,0,1,0,1,0,1,92.15,0.0,0.0,0.0,365.0,0.0,0.0,0.0,0.0,0.0,0.0,1,0,0.0,0.0,0.0,104.53,91.77121212121212,0.61,0.0,2,0,1,1,0,0,0,0
1,0,1,1,68.0,0,0,1,1,0,0,1,0,0,44.8,5.0,23.0,1.0,180.0,0.0,0.0,0.0,0.0,0.0,0.0,3,1,0.33,6.45,19.36,67.03,43.87720588235294,-13.26,5.0,3,1,1,0,0,0,0,1
0,0,0,0,31.0,1,0,0,0,0,0,0,0,0,20.9,0.0,0.0,0.0,365.0,0.0,0.0,0.0,0.0,0.0,0.0,1,0,0.0,0.0,0.0,25.33,22.23709677419355,-0.17,0.0,0,0,2,0,1,1,0,0
0,1,0,0,12.0,1,1,0,0,0,0,1,1,1,95.4,0.0,0.0,0.0,365.0,1.0,20.0,20.0,0.0,0.0,0.0,2,1,0.5,2.86,5.73,61.2,168.75833333333333,3.86,0.0,2,2,0,1,0,0,0,0
1,0,0,1,21.0,1,1,1,0,0,0,0,0,0,80.35,0.0,0.0,0.0,365.0,0.0,0.0,0.0,0.0,0.0,0.0,1,0,0.0,0.0,0.0,39.14,83.2,-11.19,0.0,1,1,0,1,0,0,1,0
0,0,1,1,55.0,1,1,1,0,1,1,1,1,1,85.1,0.0,0.0,0.0,365.0,0.0,0.0,0.0,0.0,0.0,0.0,2,0,0.0,0.0,0.0,27.94,84.69,27.04,0.0,5,0,2,0,0,0,0,0
1,0,0,0,9.0,0,0,0,0,0,0,1,0,1,34.7,0.0,0.0,0.0,365.0,0.0,0.0,0.0,0.0,0.0,0.0,2,0,0.0,0.0,0.0,69.67,32.900000000000006,-23.36,0.0,1,2,0,0,0,1,0,0
1,1,1,0,71.0,1,1,1,1,1,1,1,1,1,115.05,4.0,137.0,1.0,365.0,0.0,0.0,0.0,0.0,0.0,0.0,1,1,1.0,13.39,13.39,74.51,112.90985915492958,23.51,4.0,6,1,2,1,0,0,0,0
0,0,0,0,1.0,1,0,0,0,0,0,0,1,1,81.1,0.0,0.0,0.0,365.0,0.0,0.0,0.0,0.0,0.0,0.0,3,1,0.33,8.01,24.04,52.01,81.1,-10.44,0.0,1,3,0,1,0,0,1,0
1,0,1,1,22.0,1,0,0,0,0,0,0,0,0,19.95,2.0,247.0,1.0,146.0,0.0,0.0,0.0,0.0,0.0,0.0,3,0,0.0,0.0,0.0,76.32,19.704545454545453,-1.12,2.0,0,0,1,0,1,0,0,1
0,0,1,1,1.0,1,0,0,0,0,0,0,0,0,20.55,0.0,0.0,0.0,365.0,0.0,0.0,0.0,0.0,0.0,0.0,2,0,0.0,0.0,0.0,90.71,20.55,-0.52,0.0,0,2,0,0,1,0,0,1
0,0,0,0,61.0,1,1,0,0,1,1,1,1,1,106.6,0.0,0.0,0.0,365.0,1.0,11.5,11.5,0.0,1.0,0.0,3,0,0.0,0.0,0.0,98.49,105.38360655737705,15.06,0.0,4,0,2,1,0,0,1,0
0,0,1,0,67.0,1,1,0,1,1,1,1,1,0,86.15,8.0,211.0,2.0,155.0,0.0,0.0,0.0,0.0,0.0,0.0,2,0,0.0,0.0,0.0,89.16,87.81865671641792,28.09,4.0,5,0,2,0,0,0,0,0
0,1,0,0,14.0,1,0,1,1,0,0,0,0,0,78.85,0.0,0.0,0.0,365.0,0.0,0.0,0.0,0.0,0.0,0.0,3,0,0.0,0.0,0.0,55.48,74.55714285714285,-12.69,0.0,2,1,0,1,0,0,1,0
1,0,1,0,59.0,1,1,1,1,1,1,1,0,1,106.75,4.0,234.0,1.0,293.0,0.0,0.0,0.0,0.0,0.0,0.0,2,0,0.0,0.0,0.0,68.28,105.98135593220339,15.21,4.0,5,1,0,1,0,0,1,0
1,1,1,0,21.0,1,0,0,0,1,0,1,0,0,86.55,0.0,0.0,0.0,365.0,0.0,0.0,0.0,0.0,0.0,0.0,2,0,0.0,0.0,0.0,86.32,88.44047619047619,-4.99,0.0,2,1,0,1,0,0,0,0
1,0,0,0,4.0,0,0,1,1,0,1,0,0,0,42.4,6.0,151.0,1.0,200.0,0.0,0.0,0.0,0.0,0.0,0.0,3,0,0.0,0.0,0.0,28.52,36.6,-15.66,6.0,3,2,0,0,0,0,0,1
0,0,0,0,3.0,1,0,0,0,0,0,1,1,1,89.45,0.0,0.0,0.0,365.0,0.0,0.0,0.0,0.0,0.0,0.0,2,0,0.0,0.0,0.0,95.16,80.14999999999999,-2.09,0.0,2,2,0,1,0,0,1,0
1,0,1,0,70.0,1,1,0,0,0,0,0,0,0,24.25,0.0,0.0,0.0,365.0,1.0,4.8,4.8,1.0,0.0,1.0,2,0,0.0,0.0,0.0,67.32,24.630714285714287,3.18,0.0,0,0,2,0,1,0,0,0
0,0,0,0,3.0,1,0,0,1,0,1,1,1,1,91.75,10.0,192.0,2.0,204.0,0.0,0.0,0.0,0.0,0.0,0.0,2,1,0.5,8.21,16.42,89.6,105.10000000000001,0.21,5.0,4,3,0,1,0,0,1,0
1,1,0,0,21.0,1,0,0,0,0,0,0,0,0,20.5,0.0,0.0,0.0,365.0,1.0,67.3,67.3,0.0,0.0,0.0,2,1,0.5,5.78,11.56,71.5,20.454761904761906,-0.57,0.0,0,1,1,0,1,0,0,0
1,0,0,0,20.0,1,0,0,0,0,0,0,0,1,19.6,0.0,0.0,0.0,365.0,0.0,0.0,0.0,0.0,0.0,0.0,1,0,0.0,0.0,0.0,33.37,17.807499999999997,-1.47,0.0,0,1,0,0,1,1,0,0
1,0,1,1,22.0,1,0,0,0,0,0,0,0,0,20.25,0.0,0.0,0.0,365.0,0.0,0.0,0.0,0.0,0.0,0.0,1,0,0.0,0.0,0.0,76.69,22.193181818181817,-0.82,0.0,0,0,1,0,1,0,0,0
1,0,0,0,1.0,1,0,0,0,0,0,0,1,1,55.7,0.0,0.0,0.0,365.0,0.0,0.0,0.0,0.0,0.0,0.0,3,1,0.33,6.18,18.54,77.11,55.7,-2.36,0.0,1,3,0,0,0,0,0,1
0,0,0,0,63.0,1,0,0,0,0,0,0,0,1,20.6,10.0,275.0,1.0,105.0,1.0,18.4,18.4,0.0,1.0,0.0,2,1,0.5,5.61,11.22,45.16,20.614285714285714,-0.47,10.0,0,1,2,0,1,0,0,1
0,0,1,1,70.0,1,0,0,0,0,0,0,0,0,19.8,4.0,14.0,1.0,130.0,0.0,0.0,0.0,0.0,0.0,0.0,2,0,0.0,0.0,0.0,35.48,19.696428571428573,-1.27,4.0,0,0,2,0,1,0,0,0
1,0,0,0,12.0,1,0,0,1,1,0,0,0,1,79.8,0.0,0.0,0.0,365.0,1.0,25.5,25.5,1.0,0.0,1.0,3,2,0.67,17.37,43.41,79.5,81.12083333333334,-11.74,0.0,2,2,0,1,0,0,1,0
0,0,0,0,5.0,1,0,0,0,0,0,1,0,0,80.2,0.0,0.0,0.0,365.0,0.0,0.0,0.0,0.0,0.0,0.0,2,0,0.0,0.0,0.0,71.03,76.85,-11.34,0.0,1,2,0,1,0,0,1,0
0,0,1,1,72.0,1,1,1,1,1,1,1,1,1,116.4,0.0,0.0,0.0,365.0,0.0,0.0,0.0,0.0,0.0,0.0,3,1,0.33,1.64,4.91,58.82,118.65625,24.86,0.0,6,1,2,1,0,1,0,0
0,0,0,0,13.0,0,0,0,1,0,0,0,0,1,31.65,0.0,0.0,0.0,365.0,0.0,0.0,0.0,0.0,0.0,0.0,2,1,0.5,10.45,20.9,58.46,29.996153846153845,-26.41,0.0,1,2,0,0,0,0,1,0
1,0,1,0,61.0,1,0,0,1,1,1,0,1,0,94.15,15.0,97.5,2.0,44.0,1.0,13.0,13.0,0.0,0.0,0.0,2,1,0.5,4.02,8.04,47.39,93.96475409836066,2.61,7.5,4,2,0,1,0,1,0,0
1,0,0,0,1.0,1,0,0,0,0,0,0,0,0,20.65,0.0,0.0,0.0,365.0,0.0,0.0,0.0,0.0,0.0,0.0,3,0,0.0,0.0,0.0,96.52,20.65,-0.42,0.0,0,2,0,0,1,0,1,0
0,1,1,0,56.0,1,1,0,0,0,1,0,0,1,76.85,0.0,0.0,0.0,365.0,0.0,0.0,0.0,0.0,0.0,0.0,1,0,0.0,0.0,0.0,88.93,76.35267857142857,-14.69,0.0,1,1,0,1,0,0,0,0
0,0,0,0,4.0,1,0,0,0,0,0,0,0,0,20.15,0.0,0.0,0.0,365.0,0.0,0.0,0.0,0.0,0.0,0.0,2,0,0.0,0.0,0.0,86.46,21.125,-0.92,0.0,0,2,0,0,1,0,0,1
1,0,0,0,35.0,1,1,1,0,0,0,0,0,0,55.25,0.0,0.0,0.0,365.0,0.0,0.0,0.0,0.0,0.0,0.0,1,0,0.0,0.0,0.0,33.65,54.97428571428571,-2.81,0.0,1,0,2,0,0,0,0,1
0,0,1,0,18.0,0,0,0,0,1,0,1,0,1,39.05,18.0,37.66666666666666,3.0,78.0,1.0,4.8,4.8,1.0,0.0,1.0,2,1,0.5,4.96,9.91,62.66,37.21388888888889,-19.01,6.0,2,2,0,0,0,0,1,0
1,0,1,0,72.0,1,1,0,1,1,0,1,1,0,82.15,12.0,37.5,2.0,201.0,0.0,0.0,0.0,0.0,0.0,0.0,1,0,0.0,0.0,0.0,30.33,80.3375,24.09,6.0,4,0,2,0,0,0,0,0
0,1,0,0,49.0,1,1,1,1,1,1,0,1,0,103.0,0.0,0.0,0.0,365.0,0.0,0.0,0.0,0.0,0.0,0.0,3,0,0.0,0.0,0.0,74.95,105.43265306122449,11.46,0.0,5,0,1,1,0,0,0,0
0,0,1,0,44.0,1,1,1,1,1,1,0,0,1,95.1,4.0,115.0,1.0,141.0,0.0,0.0,0.0,0.0,0.0,0.0,2,0,0.0,0.0,0.0,70.51,92.28522727272728,3.56,4.0,4,1,0,1,0,1,0,0
0,1,1,0,3.0,1,0,0,0,0,1,1,0,1,83.9,0.0,0.0,0.0,365.0,0.0,0.0,0.0,0.0,0.0,0.0,1,0,0.0,0.0,0.0,97.3,89.13333333333333,-7.64,0.0,2,2,0,1,0,0,0,1
0,0,1,1,37.0,1,1,0,1,1,0,0,1,1,95.15,0.0,0.0,0.0,365.0,0.0,0.0,0.0,0.0,0.0,0.0,2,0,0.0,0.0,0.0,44.2,95.48243243243243,3.61,0.0,3,1,0,1,0,0,1,0
1,0,1,0,61.0,1,1,0,1,1,0,1,1,1,79.8,0.0,0.0,0.0,365.0,0.0,0.0,0.0,0.0,0.0,0.0,2,0,0.0,0.0,0.0,45.58,80.57049180327868,21.74,0.0,4,0,1,0,0,0,1,0
1,0,1,0,70.0,1,1,1,0,1,1,0,1,1,74.8,0.0,0.0,0.0,365.0,0.0,0.0,0.0,0.0,0.0,0.0,1,0,0.0,0.0,0.0,78.52,75.94,16.74,0.0,4,0,2,0,0,1,0,0
0,1,0,0,1.0,1,0,0,0,0,0,0,0,1,69.85,0.0,0.0,0.0,365.0,0.0,0.0,0.0,0.0,0.0,0.0,3,0,0.0,0.0,0.0,58.65,69.85,-21.69,0.0,0,2,0,1,0,0,1,0
0,0,0,0,12.0,1,0,0,0,0,0,0,0,0,20.45,0.0,0.0,0.0,365.0,0.0,0.0,0.0,0.0,0.0,0.0,3,0,0.0,0.0,0.0,65.42,64.63333333333334,-0.62,0.0,0,1,0,0,1,0,1,0
1,0,1,1,70.0,1,1,1,1,1,1,0,1,0,78.35,9.0,157.5,2.0,94.0,0.0,0.0,0.0,0.0,0.0,0.0,2,1,0.5,12.92,25.84,76.44,77.79928571428572,20.29,4.5,5,1,1,0,0,0,0,0
0,0,0,0,1.0,1,0,0,0,0,0,1,0,1,53.55,0.0,0.0,0.0,365.0,0.0,0.0,0.0,0.0,0.0,0.0,1,0,0.0,0.0,0.0,100.86,53.55,-4.51,0.0,1,2,0,0,0,0,0,1
1,0,0,0,51.0,1,0,0,0,0,0,0,0,0,19.1,0.0,0.0,0.0,365.0,0.0,0.0,0.0,0.0,0.0,0.0,3,1,0.33,4.87,14.62,64.36,19.76078431372549,-1.97,0.0,0,1,1,0,1,0,1,0
0,0,1,1,42.0,1,0,0,0,0,0,0,0,0,20.0,8.0,118.0,1.0,311.0,0.0,0.0,0.0,0.0,0.0,0.0,1,0,0.0,0.0,0.0,103.54,19.84642857142857,-1.07,8.0,0,0,2,0,1,0,0,1
0,0,1,1,70.0,1,1,1,1,1,1,0,0,0,93.9,0.0,0.0,0.0,365.0,0.0,0.0,0.0,0.0,0.0,0.0,2,1,0.5,2.81,5.62,46.53,93.98642857142858,2.36,0.0,4,1,2,1,0,0,0,0
1,0,0,0,48.0,1,0,0,0,0,0,0,0,0,19.95,0.0,0.0,0.0,365.0,0.0,0.0,0.0,0.0,0.0,0.0,3,0,0.0,0.0,0.0,51.43,20.927083333333332,-1.12,0.0,0,0,1,0,1,0,0,0
1,0,1,1,68.0,1,1,1,1,1,1,1,1,1,113.15,7.0,34.0,1.0,244.0,0.0,0.0,0.0,0.0,0.0,0.0,3,1,0.33,1.27,3.8,56.5,115.52941176470588,21.61,7.0,6,1,2,1,0,0,1,0
0,0,0,0,48.0,1,1,0,0,0,0,0,0,0,24.0,0.0,0.0,0.0,365.0,0.0,0.0,0.0,0.0,0.0,0.0,3,0,0.0,0.0,0.0,93.7,24.646874999999998,2.93,0.0,0,0,2,0,1,1,0,0
0,1,1,0,26.0,1,0,0,1,0,0,0,1,0,84.95,0.0,0.0,0.0,365.0,0.0,0.0,0.0,0.0,0.0,0.0,1,0,0.0,0.0,0.0,83.98,83.45192307692308,-6.59,0.0,2,1,0,1,0,0,1,0
1,0,1,0,11.0,1,1,0,1,0,0,0,0,1,80.5,2.0,173.0,1.0,106.0,0.0,0.0,0.0,0.0,0.0,0.0,3,1,0.33,2.96,8.88,70.76,81.53636363636363,-11.04,2.0,1,3,0,1,0,0,0,0
1,0,0,0,1.0,1,0,0,0,0,0,0,0,1,19.3,9.0,44.0,1.0,15.0,0.0,0.0,0.0,0.0,0.0,0.0,1,0,0.0,0.0,0.0,72.86,19.3,-1.77,9.0,0,2,0,0,1,0,0,1
0,0,0,0,27.0,1,0,0,0,0,0,0,0,0,19.15,0.0,0.0,0.0,365.0,1.0,16.6,16.6,1.0,0.0,1.0,3,2,0.67,4.24,9.03,60.0,18.56851851851852,-1.92,0.0,0,1,1,0,1,0,0,1
0,1,0,0,46.0,1,0,0,1,1,0,1,0,1,91.3,8.0,186.0,1.0,179.0,0.0,0.0,0.0,0.0,0.0,0.0,2,1,0.5,11.52,23.03,54.42,89.70326086956523,-0.24,8.0,3,1,1,1,0,0,0,0
1,0,0,0,1.0,1,0,0,0,1,0,0,0,1,49.65,0.0,0.0,0.0,365.0,0.0,0.0,0.0,0.0,0.0,0.0,1,0,0.0,0.0,0.0,110.65,49.65,-8.41,0.0,1,2,0,0,0,0,0,1
0,0,0,0,46.0,1,0,0,0,1,1,0,0,0,54.35,0.0,0.0,0.0,365.0,0.0,0.0,0.0,0.0,0.0,0.0,3,0,0.0,0.0,0.0,54.45,53.481521739130436,-3.71,0.0,2,0,2,0,0,1,0,0
1,0,1,1,25.0,1,0,0,0,0,0,0,0,1,19.15,4.0,263.0,1.0,26.0,0.0,0.0,0.0,0.0,0.0,0.0,1,0,0.0,0.0,0.0,31.66,19.104,-1.92,4.0,0,1,0,0,1,0,0,1
1,0,0,0,4.0,1,0,0,0,0,0,1,1,1,88.45,3.0,30.0,1.0,329.0,0.0,0.0,0.0,0.0,0.0,0.0,1,0,0.0,0.0,0.0,101.26,92.6625,-3.09,3.0,2,2,0,1,0,0,1,0
1,0,0,0,13.0,1,0,0,0,0,0,0,0,0,19.75,10.0,274.0,1.0,151.0,0.0,0.0,0.0,0.0,0.0,0.0,1,0,0.0,0.0,0.0,38.0,20.442307692307693,-1.32,10.0,0,0,2,0,1,0,0,1
1,0,1,0,31.0,1,0,1,1,1,1,0,1,1,75.5,0.0,0.0,0.0,365.0,0.0,0.0,0.0,0.0,0.0,0.0,3,0,0.0,0.0,0.0,62.62,78.20806451612903,17.44,0.0,5,0,1,0,0,1,0,0
0,0,1,1,23.0,1,1,0,0,0,0,1,0,1,83.75,0.0,0.0,0.0,365.0,0.0,0.0,0.0,0.0,0.0,0.0,3,1,0.33,7.32,21.96,85.13,80.43260869565218,-7.79,0.0,1,2,0,1,0,0,1,0
0,0,0,0,2.0,1,0,0,0,0,0,0,0,0,19.4,0.0,0.0,0.0,365.0,0.0,0.0,0.0,0.0,0.0,0.0,3,0,0.0,0.0,0.0,53.39,30.525,-1.67,0.0,0,2,0,0,1,0,0,1
0,0,0,0,65.0,1,1,0,0,0,0,0,0,0,26.5,3.0,259.0,1.0,256.0,1.0,3.8,3.8,0.0,1.0,0.0,1,0,0.0,0.0,0.0,40.05,26.13153846153846,5.43,3.0,0,0,2,0,1,0,0,0
1,1,0,0,22.0,1,1,0,0,0,1,1,0,1,90.5,5.0,123.0,1.0,246.0,0.0,0.0,0.0,0.0,0.0,0.0,3,1,0.33,5.41,16.23,72.09,86.84545454545454,-1.04,5.0,2,2,0,1,0,0,0,0
0,0,1,1,55.0,1,0,0,0,0,0,0,0,0,19.15,0.0,0.0,0.0,365.0,0.0,0.0,0.0,0.0,0.0,0.0,1,0,0.0,0.0,0.0,112.05,18.14727272727273,-1.92,0.0,0,0,1,0,1,1,0,0
1,0,1,0,9.0,1,0,0,1,1,1,1,0,1,94.85,9.0,214.0,2.0,68.0,0.0,0.0,0.0,0.0,0.0,0.0,2,1,0.5,16.2,32.39,85.59,98.95555555555556,3.31,4.5,4,3,0,1,0,0,0,1
1,0,1,1,7.0,1,0,0,0,0,0,0,0,1,69.95,3.0,151.0,1.0,349.0,0.0,0.0,0.0,0.0,0.0,0.0,3,0,0.0,0.0,0.0,71.0,75.64285714285714,-21.59,3.0,0,2,0,1,0,0,0,0
0,0,1,1,35.0,0,0,0,0,0,1,1,0,0,40.9,0.0,0.0,0.0,365.0,1.0,45.6,45.6,1.0,0.0,1.0,2,0,0.0,0.0,0.0,61.95,39.53142857142857,-17.16,0.0,2,0,1,0,0,0,0,1
1,0,0,0,6.0,1,0,1,0,1,1,1,1,1,80.25,0.0,0.0,0.0,365.0,0.0,0.0,0.0,0.0,0.0,0.0,2,1,0.5,3.76,7.53,75.14,82.23333333333333,22.19,0.0,5,2,2,0,0,0,0,1
0,0,0,0,1.0,1,0,1,0,0,0,0,0,1,48.6,0.0,0.0,0.0,365.0,1.0,84.5,84.5,0.0,0.0,0.0,2,0,0.0,0.0,0.0,61.22,48.6,-9.46,0.0,1,2,0,0,0,1,0,0
1,0,0,0,17.0,1,0,0,0,0,0,0,0,1,70.8,0.0,0.0,0.0,365.0,0.0,0.0,0.0,0.0,0.0,0.0,3,0,0.0,0.0,0.0,90.09,71.0,-20.74,0.0,0,1,0,1,0,0,1,0
1,0,1,1,10.0,1,0,0,0,1,0,1,0,0,60.2,0.0,0.0,0.0,365.0,0.0,0.0,0.0,0.0,0.0,0.0,3,0,0.0,0.0,0.0,57.11,56.35,2.14,0.0,2,2,0,0,0,0,0,1
1,0,0,1,15.0,1,0,0,0,1,1,0,0,0,55.2,0.0,0.0,0.0,365.0,1.0,21.9,21.9,1.0,0.0,1.0,2,0,0.0,0.0,0.0,66.31,57.63666666666666,-2.86,0.0,2,0,1,0,0,1,0,0
0,1,0,0,40.0,0,0,1,1,0,0,1,1,1,55.8,0.0,0.0,0.0,365.0,0.0,0.0,0.0,0.0,0.0,0.0,2,0,0.0,0.0,0.0,47.96,52.73375,-2.26,0.0,4,1,0,0,0,0,1,0
0,0,1,1,13.0,1,0,1,0,0,1,0,0,0,54.15,0.0,0.0,0.0,365.0,0.0,0.0,0.0,0.0,0.0,0.0,3,0,0.0,0.0,0.0,72.67,53.926923076923075,-3.91,0.0,2,0,1,0,0,0,0,0
1,0,1,0,29.0,1,1,0,1,0,0,0,0,1,80.15,2.0,61.0,1.0,82.0,0.0,0.0,0.0,0.0,0.0,0.0,3,1,0.33,4.92,14.76,75.84,78.11206896551724,-11.39,2.0,1,2,0,1,0,0,0,0
0,0,0,0,3.0,1,1,0,0,0,0,0,0,1,75.5,0.0,0.0,0.0,365.0,0.0,0.0,0.0,0.0,0.0,0.0,3,1,0.33,4.36,13.07,52.41,73.53333333333333,-16.04,0.0,0,3,0,1,0,0,1,0
0,1,1,0,58.0,1,1,0,0,0,1,1,1,1,100.4,0.0,0.0,0.0,365.0,1.0,7.4,7.4,1.0,0.0,1.0,3,1,0.33,0.9,2.7,24.19,99.13448275862069,8.86,0.0,3,2,0,1,0,0,0,0
0,0,0,0,44.0,1,0,1,1,0,1,0,0,1,62.55,5.0,18.0,1.0,344.0,0.0,0.0,0.0,0.0,0.0,0.0,2,0,0.0,0.0,0.0,97.94,63.55568181818182,4.49,5.0,3,0,1,0,0,1,0,0
0,0,1,1,72.0,1,1,1,1,1,1,0,0,1,70.45,3.0,57.0,1.0,228.0,1.0,44.1,44.1,1.0,0.0,1.0,3,1,0.33,7.9,23.7,97.22,71.74583333333334,12.39,3.0,4,1,2,0,0,0,0,0
1,0,1,1,68.0,1,1,1,1,0,0,0,0,1,85.5,0.0,0.0,0.0,365.0,1.0,1.0,1.0,0.0,1.0,0.0,3,1,0.33,7.74,23.22,79.83,83.77352941176471,-6.04,0.0,2,1,1,1,0,0,0,0
1,0,0,0,1.0,1,0,0,0,0,0,0,0,1,20.2,0.0,0.0,0.0,365.0,1.0,26.5,26.5,1.0,0.0,1.0,1,0,0.0,0.0,0.0,46.64,20.2,-0.87,0.0,0,2,0,0,1,0,0,0
0,0,1,1,38.0,1,0,1,1,0,0,0,0,0,54.5,8.0,122.0,1.0,212.0,0.0,0.0,0.0,0.0,0.0,0.0,2,0,0.0,0.0,0.0,99.22,54.63289473684211,-3.56,8.0,2,1,0,0,0,0,1,0
1,0,0,0,2.0,1,0,0,0,0,0,0,0,0,20.75,0.0,0.0,0.0,365.0,0.0,0.0,0.0,0.0,0.0,0.0,3,1,0.33,5.18,15.53,68.05,22.1,-0.32,0.0,0,3,0,0,1,0,0,1
1,0,0,0,11.0,1,0,0,0,0,0,0,0,0,20.35,0.0,0.0,0.0,365.0,0.0,0.0,0.0,0.0,0.0,0.0,3,0,0.0,0.0,0.0,94.33,19.568181818181817,-0.72,0.0,0,2,0,0,1,0,0,1
0,1,1,0,20.0,1,0,0,0,0,0,1,1,1,91.75,0.0,0.0,0.0,365.0,0.0,0.0,0.0,0.0,0.0,0.0,3,0,0.0,0.0,0.0,62.66,92.975,0.21,0.0,2,0,1,1,0,0,0,0
1,0,1,0,72.0,1,1,0,1,1,0,1,1,1,91.75,0.0,0.0,0.0,365.0,0.0,0.0,0.0,0.0,0.0,0.0,3,2,0.67,10.22,18.81,57.54,103.7513888888889,0.21,0.0,4,1,2,1,0,0,0,0
0,0,1,0,3.0,1,1,0,0,0,0,0,0,1,74.75,0.0,0.0,0.0,365.0,0.0,0.0,0.0,0.0,0.0,0.0,1,1,1.0,29.05,29.05,100.26,76.5,-16.79,0.0,0,3,0,1,0,1,0,0
1,0,0,0,23.0,1,1,0,0,1,1,1,1,1,104.05,0.0,0.0,0.0,365.0,0.0,0.0,0.0,0.0,0.0,0.0,3,1,0.33,3.24,9.73,44.39,107.39565217391304,12.51,0.0,4,2,0,1,0,0,0,1
1,0,0,0,40.0,1,0,0,0,0,1,0,0,1,51.1,0.0,0.0,0.0,365.0,0.0,0.0,0.0,0.0,0.0,0.0,3,0,0.0,0.0,0.0,92.91,52.322500000000005,-6.96,0.0,1,1,0,0,0,0,1,0
1,1,1,0,62.0,1,1,0,1,0,0,0,1,1,89.8,0.0,0.0,0.0,365.0,1.0,7.8,7.8,0.0,0.0,0.0,2,0,0.0,0.0,0.0,54.68,90.7991935483871,-1.74,0.0,2,1,0,1,0,0,0,0
0,0,0,1,22.0,1,0,0,0,0,0,0,0,1,20.55,0.0,0.0,0.0,365.0,0.0,0.0,0.0,0.0,0.0,0.0,1,0,0.0,0.0,0.0,99.9,21.356818181818184,-0.52,0.0,0,1,0,0,1,0,1,0
0,0,0,0,11.0,1,0,1,0,1,0,0,1,0,64.05,0.0,0.0,0.0,365.0,1.0,136.5,136.5,1.0,0.0,1.0,3,0,0.0,0.0,0.0,64.06,66.72272727272728,5.99,0.0,3,2,0,0,0,0,0,0
1,1,1,0,7.0,1,1,0,0,0,0,0,0,1,74.85,0.0,0.0,0.0,365.0,1.0,58.3,58.3,1.0,0.0,1.0,3,0,0.0,0.0,0.0,91.66,69.32142857142857,-16.69,0.0,0,2,0,1,0,0,1,0
0,0,0,0,13.0,1,1,1,1,0,0,1,0,1,96.65,4.0,204.0,1.0,240.0,0.0,0.0,0.0,0.0,0.0,0.0,3,0,0.0,0.0,0.0,79.1,95.73076923076923,5.11,4.0,3,1,0,1,0,0,1,0
1,1,0,0,1.0,1,0,0,0,0,0,0,0,0,20.05,0.0,0.0,0.0,365.0,0.0,0.0,0.0,0.0,0.0,0.0,1,0,0.0,0.0,0.0,20.63,20.05,-1.02,0.0,0,2,0,0,1,0,0,1
0,0,0,0,39.0,1,1,0,1,1,0,1,1,1,103.45,0.0,0.0,0.0,365.0,0.0,0.0,0.0,0.0,0.0,0.0,3,0,0.0,0.0,0.0,51.5,102.42179487179487,11.91,0.0,4,1,0,1,0,0,1,0
1,0,1,0,3.0,0,0,0,0,0,0,0,0,0,25.0,0.0,0.0,0.0,365.0,1.0,20.6,20.6,1.0,0.0,1.0,1,0,0.0,0.0,0.0,100.18,26.083333333333332,-33.06,0.0,0,2,0,0,0,0,0,1
1,0,0,0,58.0,1,0,0,0,0,0,0,0,0,20.3,0.0,0.0,0.0,365.0,0.0,0.0,0.0,0.0,0.0,0.0,2,1,0.5,4.43,8.87,35.47,19.50862068965517,-0.77,0.0,0,1,2,0,1,1,0,0
1,0,0,1,6.0,1,1,0,0,0,0,0,0,0,26.35,2.0,173.0,1.0,65.0,0.0,0.0,0.0,0.0,0.0,0.0,1,0,0.0,0.0,0.0,42.64,30.675,5.28,2.0,0,2,0,0,1,0,0,1
0,0,1,1,1.0,1,0,0,0,0,0,0,0,1,19.9,0.0,0.0,0.0,365.0,0.0,0.0,0.0,0.0,0.0,0.0,1,0,0.0,0.0,0.0,80.59,19.9,-1.17,0.0,0,2,0,0,1,0,1,0
0,0,1,0,22.0,1,0,0,1,1,0,0,0,1,54.7,1.0,94.0,1.0,105.0,0.0,0.0,0.0,0.0,0.0,0.0,1,0,0.0,0.0,0.0,31.04,53.57954545454545,-3.36,1.0,2,1,0,0,0,0,0,1
1,0,1,0,14.0,0,0,0,0,0,0,1,1,0,46.35,0.0,0.0,0.0,365.0,1.0,7.6,7.6,0.0,1.0,0.0,2,0,0.0,0.0,0.0,62.85,47.69285714285714,-11.71,0.0,2,1,0,0,0,0,1,0
1,0,1,1,64.0,1,1,0,0,1,0,0,1,0,90.25,1.0,90.0,1.0,211.0,0.0,0.0,0.0,0.0,0.0,0.0,3,1,0.33,1.81,5.43,55.68,87.95546875,-1.29,1.0,2,1,1,1,0,1,0,0
1,0,0,0,1.0,1,0,0,0,0,0,0,0,0,19.95,5.0,170.0,1.0,2.0,0.0,0.0,0.0,0.0,0.0,0.0,1,0,0.0,0.0,0.0,59.66,19.95,-1.12,5.0,0,2,0,0,1,0,1,0
1,0,0,0,6.0,1,0,0,0,0,0,0,0,0,20.65,5.0,93.0,1.0,46.0,0.0,0.0,0.0,0.0,0.0,0.0,1,0,0.0,0.0,0.0,119.65,18.216666666666665,-0.42,5.0,0,2,0,0,1,0,0,1
1,0,0,0,1.0,1,0,0,0,0,0,0,1,0,79.6,0.0,0.0,0.0,365.0,1.0,31.4,31.4,1.0,0.0,1.0,1,0,0.0,0.0,0.0,33.28,79.6,-11.94,0.0,1,2,0,1,0,0,1,0
1,0,0,1,39.0,1,1,0,0,0,0,0,0,0,25.45,0.0,0.0,0.0,365.0,0.0,0.0,0.0,0.0,0.0,0.0,3,0,0.0,0.0,0.0,36.94,24.575641025641026,4.38,0.0,0,0,1,0,1,0,0,0
0,0,0,0,44.0,1,0,0,0,0,0,0,0,0,19.5,0.0,0.0,0.0,365.0,0.0,0.0,0.0,0.0,0.0,0.0,3,0,0.0,0.0,0.0,59.32,9.1625,-1.57,0.0,0,0,1,0,1,0,0,1
1,0,0,0,1.0,1,0,0,0,0,1,0,0,1,75.9,8.0,140.0,1.0,25.0,0.0,0.0,0.0,0.0,0.0,0.0,2,0,0.0,0.0,0.0,65.64,75.9,-15.64,8.0,1,2,0,1,0,0,1,0
1,0,1,0,1.0,1,0,0,0,1,0,0,0,0,76.2,5.0,75.0,1.0,149.0,0.0,0.0,0.0,0.0,0.0,0.0,2,0,0.0,0.0,0.0,76.92,76.2,-15.34,5.0,1,2,0,1,0,0,1,0
1,0,1,0,64.0,1,1,1,0,0,0,1,0,1,66.15,0.0,0.0,0.0,365.0,0.0,0.0,0.0,0.0,0.0,0.0,1,0,0.0,0.0,0.0,45.85,68.6328125,8.09,0.0,2,0,1,0,0,1,0,0
1,0,0,1,1.0,1,0,0,0,0,0,0,0,0,19.25,6.0,296.0,1.0,233.0,0.0,0.0,0.0,0.0,0.0,0.0,2,0,0.0,0.0,0.0,60.82,19.25,-1.82,6.0,0,2,0,0,1,0,0,1
0,0,1,0,46.0,1,0,0,1,0,0,1,1,1,69.1,0.0,0.0,0.0,365.0,0.0,0.0,0.0,0.0,0.0,0.0,3,0,0.0,0.0,0.0,54.65,68.8695652173913,11.04,0.0,3,1,0,0,0,1,0,0
0,1,1,1,28.0,0,0,0,1,0,0,0,1,1,39.1,0.0,0.0,0.0,365.0,0.0,0.0,0.0,0.0,0.0,0.0,1,0,0.0,0.0,0.0,47.83,39.16428571428571,-18.96,0.0,2,0,1,0,0,0,1,0
0,0,1,0,33.0,1,0,0,0,0,0,0,0,0,20.05,0.0,0.0,0.0,365.0,0.0,0.0,0.0,0.0,0.0,0.0,3,0,0.0,0.0,0.0,71.66,20.28636363636364,-1.02,0.0,0,1,0,0,1,0,0,1
1,0,1,1,39.0,1,0,1,1,1,0,0,0,0,56.15,0.0,0.0,0.0,365.0,0.0,0.0,0.0,0.0,0.0,0.0,3,0,0.0,0.0,0.0,87.87,60.09871794871795,-1.91,0.0,3,0,1,0,0,0,1,0
0,0,1,0,42.0,1,1,0,0,1,1,0,0,1,84.3,0.0,0.0,0.0,365.0,0.0,0.0,0.0,0.0,0.0,0.0,3,0,0.0,0.0,0.0,52.84,85.43809523809524,-7.24,0.0,2,1,0,1,0,0,1,0
0,0,0,0,1.0,1,0,0,1,0,0,0,0,1,48.6,0.0,0.0,0.0,365.0,0.0,0.0,0.0,0.0,0.0,0.0,1,0,0.0,0.0,0.0,58.84,48.6,-9.46,0.0,1,2,0,0,0,0,1,0
0,0,0,0,12.0,1,0,0,0,0,0,1,0,1,79.0,1.0,132.0,1.0,341.0,0.0,0.0,0.0,0.0,0.0,0.0,2,1,0.5,15.44,30.89,96.61,43.57916666666667,-12.54,1.0,1,2,0,1,0,0,1,0
1,1,1,0,70.0,1,0,1,1,1,0,1,1,0,105.35,0.0,0.0,0.0,365.0,0.0,0.0,0.0,0.0,0.0,0.0,3,0,0.0,0.0,0.0,78.89,107.31285714285714,13.81,0.0,5,0,2,1,0,1,0,0
1,0,0,0,65.0,1,1,0,0,0,0,0,0,1,25.1,0.0,0.0,0.0,365.0,0.0,0.0,0.0,0.0,0.0,0.0,3,0,0.0,0.0,0.0,84.26,26.53846153846154,4.03,0.0,0,0,2,0,1,0,0,0
1,0,0,0,1.0,1,0,1,0,0,0,0,0,0,49.75,9.0,236.0,2.0,11.0,0.0,0.0,0.0,0.0,0.0,0.0,2,1,0.5,10.91,21.82,45.34,49.75,-8.31,4.5,1,3,0,0,0,0,1,0
1,0,1,0,18.0,1,1,0,0,0,0,1,1,1,94.75,0.0,0.0,0.0,365.0,0.0,0.0,0.0,0.0,0.0,0.0,3,1,0.33,1.54,4.61,72.14,93.99444444444445,3.21,0.0,2,2,0,1,0,0,1,0
1,0,1,0,24.0,1,1,0,0,0,0,1,1,1,93.0,0.0,0.0,0.0,365.0,0.0,0.0,0.0,0.0,0.0,0.0,2,0,0.0,0.0,0.0,66.34,93.66875,1.46,0.0,2,1,0,1,0,0,1,0
1,0,0,0,63.0,1,1,1,0,1,1,0,1,1,71.9,0.0,0.0,0.0,365.0,0.0,0.0,0.0,0.0,0.0,0.0,1,0,0.0,0.0,0.0,104.66,71.0984126984127,13.84,0.0,4,0,2,0,0,0,0,0
0,0,0,1,44.0,1,1,0,1,0,0,1,1,1,77.55,6.0,90.0,1.0,288.0,0.0,0.0,0.0,0.0,0.0,0.0,2,1,0.5,7.07,14.14,52.22,78.88863636363637,19.49,6.0,3,1,1,0,0,0,0,1
1,0,0,0,4.0,1,0,0,0,0,0,0,0,1,19.85,0.0,0.0,0.0,365.0,0.0,0.0,0.0,0.0,0.0,0.0,1,0,0.0,0.0,0.0,106.91,15.75,-1.22,0.0,0,2,0,0,1,0,1,0
0,0,0,0,1.0,1,0,0,0,0,0,0,0,1,70.25,0.0,0.0,0.0,365.0,0.0,0.0,0.0,0.0,0.0,0.0,2,0,0.0,0.0,0.0,78.08,70.25,-21.29,0.0,0,2,0,1,0,0,1,0
0,0,1,1,37.0,1,1,0,0,0,0,1,1,1,95.25,12.0,203.5,2.0,179.0,0.0,0.0,0.0,0.0,0.0,0.0,3,0,0.0,0.0,0.0,66.77,89.57162162162163,3.71,6.0,2,1,0,1,0,0,1,0
0,1,0,0,10.0,1,0,0,0,1,0,0,1,1,84.6,0.0,0.0,0.0,365.0,1.0,4.4,4.4,1.0,0.0,1.0,3,1,0.33,12.93,38.78,92.09,86.55499999999999,-6.94,0.0,2,3,0,1,0,1,0,0
1,0,0,0,34.0,0,0,0,0,0,0,0,0,1,25.05,0.0,0.0,0.0,365.0,0.0,0.0,0.0,0.0,0.0,0.0,3,0,0.0,0.0,0.0,53.97,25.079411764705885,-33.01,0.0,0,1,0,0,0,0,0,0
1,0,1,0,35.0,0,0,1,0,1,0,1,1,0,53.15,0.0,0.0,0.0,365.0,0.0,0.0,0.0,0.0,0.0,0.0,2,0,0.0,0.0,0.0,61.68,55.16857142857143,-4.91,0.0,4,0,1,0,0,1,0,0
0,0,1,0,4.0,1,0,0,0,0,0,0,0,0,20.15,8.0,286.0,1.0,106.0,0.0,0.0,0.0,0.0,0.0,0.0,3,0,0.0,0.0,0.0,59.66,22.85,-0.92,8.0,0,2,0,0,1,0,1,0
0,1,1,0,39.0,1,1,0,0,0,1,1,1,1,101.25,14.0,128.66666666666666,3.0,28.0,0.0,0.0,0.0,0.0,0.0,0.0,1,0,0.0,0.0,0.0,75.34,101.26025641025642,9.71,4.667,3,1,0,1,0,0,1,0
1,1,1,0,43.0,1,0,0,1,1,0,1,1,1,100.55,2.0,162.0,1.0,116.0,0.0,0.0,0.0,0.0,0.0,0.0,3,0,0.0,0.0,0.0,88.3,100.09302325581395,9.01,2.0,4,0,1,1,0,0,0,0
0,0,1,1,17.0,1,1,0,0,0,0,0,0,0,24.1,0.0,0.0,0.0,365.0,0.0,0.0,0.0,0.0,0.0,0.0,2,0,0.0,0.0,0.0,63.79,24.11176470588235,3.03,0.0,0,1,0,0,1,0,0,1
0,0,1,0,61.0,1,1,0,0,0,0,0,0,0,25.3,0.0,0.0,0.0,365.0,0.0,0.0,0.0,0.0,0.0,0.0,1,0,0.0,0.0,0.0,112.95,25.49016393442623,4.23,0.0,0,0,2,0,1,0,0,0
0,0,1,0,49.0,1,1,1,1,1,0,0,1,0,71.8,0.0,0.0,0.0,365.0,0.0,0.0,0.0,0.0,0.0,0.0,3,1,0.33,1.41,4.23,79.52,70.85816326530613,13.74,0.0,4,1,1,0,0,0,1,0
1,0,0,0,4.0,1,0,0,0,0,0,0,0,0,19.7,4.0,132.0,1.0,280.0,0.0,0.0,0.0,0.0,0.0,0.0,1,0,0.0,0.0,0.0,81.73,29.45,-1.37,4.0,0,1,1,0,1,0,0,1
0,0,1,1,64.0,0,0,0,1,1,1,0,1,0,49.85,0.0,0.0,0.0,365.0,1.0,7.8,7.8,1.0,0.0,1.0,2,0,0.0,0.0,0.0,87.36,50.16171875,-8.21,0.0,4,0,2,0,0,0,1,0
1,0,0,0,3.0,1,0,0,0,0,0,0,0,1,69.6,0.0,0.0,0.0,365.0,0.0,0.0,0.0,0.0,0.0,0.0,1,0,0.0,0.0,0.0,111.23,69.13333333333334,-21.94,0.0,0,2,0,1,0,0,0,1
1,0,1,1,1.0,1,0,0,0,0,0,0,0,0,19.75,3.0,95.0,1.0,281.0,0.0,0.0,0.0,0.0,0.0,0.0,3,0,0.0,0.0,0.0,31.51,19.75,-1.32,3.0,0,2,0,0,1,0,1,0
1,0,1,0,40.0,1,0,0,1,1,0,0,0,0,80.8,10.0,114.0,1.0,297.0,0.0,0.0,0.0,0.0,0.0,0.0,2,0,0.0,0.0,0.0,54.56,78.31875,-10.74,10.0,2,0,1,1,0,0,1,0
0,0,0,1,1.0,1,0,1,1,0,1,0,0,1,60.0,0.0,0.0,0.0,365.0,0.0,0.0,0.0,0.0,0.0,0.0,3,0,0.0,0.0,0.0,83.9,60.0,1.94,0.0,3,2,0,0,0,0,1,0
1,0,0,0,8.0,1,1,0,0,0,0,0,1,1,86.55,0.0,0.0,0.0,365.0,0.0,0.0,0.0,0.0,0.0,0.0,1,0,0.0,0.0,0.0,49.43,81.20625,-4.99,0.0,1,2,0,1,0,0,1,0
0,1,1,0,1.0,1,0,0,0,0,0,0,0,1,20.85,0.0,0.0,0.0,365.0,1.0,12.0,12.0,0.0,0.0,0.0,1,0,0.0,0.0,0.0,92.56,20.85,-0.22,0.0,0,2,0,0,1,0,0,1
0,1,1,0,34.0,1,0,0,0,1,1,1,0,0,64.2,0.0,0.0,0.0,365.0,1.0,19.4,19.4,1.0,0.0,1.0,2,0,0.0,0.0,0.0,51.78,61.95,6.14,0.0,3,0,1,0,0,0,0,0
0,0,1,0,12.0,0,0,0,0,0,0,0,1,0,35.0,0.0,0.0,0.0,365.0,0.0,0.0,0.0,0.0,0.0,0.0,3,1,0.33,12.52,37.55,73.49,2.9166666666666665,-23.06,0.0,1,2,0,0,0,0,1,0
0,0,0,0,39.0,0,0,0,0,1,0,1,1,1,50.75,7.0,21.0,1.0,271.0,0.0,0.0,0.0,0.0,0.0,0.0,3,0,0.0,0.0,0.0,76.2,51.57435897435898,-7.31,7.0,3,1,0,0,0,0,1,0
0,1,1,0,58.0,1,0,1,1,0,1,1,1,1,105.5,4.0,67.0,1.0,263.0,0.0,0.0,0.0,0.0,0.0,0.0,2,0,0.0,0.0,0.0,108.17,106.99137931034483,13.96,4.0,5,0,1,1,0,1,0,0
1,0,1,1,45.0,1,0,0,0,0,0,0,0,0,19.2,0.0,0.0,0.0,365.0,0.0,0.0,0.0,0.0,0.0,0.0,1,0,0.0,0.0,0.0,117.86,20.082222222222224,-1.87,0.0,0,0,2,0,1,0,1,0
1,1,0,0,6.0,1,0,1,0,0,0,1,0,1,85.15,9.0,212.0,1.0,289.0,1.0,39.9,39.9,0.0,1.0,0.0,1,0,0.0,0.0,0.0,36.38,83.93333333333334,-6.39,9.0,2,2,0,1,0,0,0,0
1,0,0,0,43.0,1,0,1,1,1,1,0,0,1,90.65,3.0,201.0,1.0,221.0,0.0,0.0,0.0,0.0,0.0,0.0,1,0,0.0,0.0,0.0,82.05,90.28604651162792,-0.89,3.0,4,0,1,1,0,1,0,0
1,0,1,1,41.0,1,0,0,0,0,0,0,0,1,20.0,0.0,0.0,0.0,365.0,0.0,0.0,0.0,0.0,0.0,0.0,3,1,0.33,2.03,6.09,73.22,21.458536585365852,-1.07,0.0,0,1,2,0,1,0,0,1
1,0,0,0,5.0,1,0,0,1,0,0,0,0,1,74.65,0.0,0.0,0.0,365.0,0.0,0.0,0.0,0.0,0.0,0.0,3,1,0.33,3.89,11.66,47.7,76.72999999999999,-16.89,0.0,1,3,0,1,0,0,1,0
1,0,0,0,72.0,0,0,1,0,1,1,1,1,1,61.2,13.0,196.66666666666663,3.0,56.0,0.0,0.0,0.0,0.0,0.0,0.0,1,0,0.0,0.0,0.0,94.05,60.97569444444444,3.14,4.333,5,0,2,0,0,1,0,0
1,0,0,0,4.0,1,0,0,0,0,0,0,0,0,19.95,7.0,20.0,1.0,183.0,0.0,0.0,0.0,0.0,0.0,0.0,1,0,0.0,0.0,0.0,99.07,17.05,-1.12,7.0,0,1,1,0,1,0,0,1
1,0,1,1,9.0,1,0,0,1,0,1,0,0,0,54.8,1.0,163.0,1.0,257.0,0.0,0.0,0.0,0.0,0.0,0.0,1,0,0.0,0.0,0.0,30.16,50.31111111111111,-3.26,1.0,2,2,0,0,0,0,0,1
1,1,1,0,72.0,1,1,0,0,1,0,1,1,1,73.45,5.0,233.0,2.0,185.0,0.0,0.0,0.0,0.0,0.0,0.0,3,0,0.0,0.0,0.0,77.85,74.01388888888889,15.39,2.5,3,0,2,0,0,1,0,0
0,0,1,0,33.0,1,0,0,0,0,1,0,0,1,51.45,7.0,222.0,1.0,162.0,0.0,0.0,0.0,0.0,0.0,0.0,1,0,0.0,0.0,0.0,29.03,53.300000000000004,-6.61,7.0,1,0,1,0,0,0,0,1
0,0,1,0,72.0,1,1,1,0,0,0,0,0,0,80.45,4.0,53.0,1.0,137.0,0.0,0.0,0.0,0.0,0.0,0.0,3,0,0.0,0.0,0.0,68.23,79.6888888888889,-11.09,4.0,1,0,2,1,0,0,0,0
1,0,1,0,22.0,1,0,1,0,0,1,0,0,1,54.2,18.0,243.0,3.0,16.0,0.0,0.0,0.0,0.0,0.0,0.0,1,0,0.0,0.0,0.0,89.21,52.39545454545455,-3.86,6.0,2,1,0,0,0,0,1,0
0,0,1,0,70.0,1,1,0,1,1,1,1,1,1,109.5,0.0,0.0,0.0,365.0,0.0,0.0,0.0,0.0,0.0,0.0,3,1,0.33,18.36,55.07,84.71,109.63642857142857,17.96,0.0,5,1,1,1,0,0,1,0
1,0,1,1,12.0,1,1,0,1,1,0,1,1,0,104.4,0.0,0.0,0.0,365.0,0.0,0.0,0.0,0.0,0.0,0.0,2,0,0.0,0.0,0.0,53.84,179.82916666666665,12.86,0.0,4,1,0,1,0,0,1,0
1,0,0,0,15.0,1,0,0,0,1,0,1,0,0,85.3,0.0,0.0,0.0,365.0,0.0,0.0,0.0,0.0,0.0,0.0,1,0,0.0,0.0,0.0,86.09,81.32333333333332,-6.24,0.0,2,1,0,1,0,0,1,0
1,1,1,0,29.0,1,1,0,0,0,1,0,0,1,79.3,0.0,0.0,0.0,365.0,0.0,0.0,0.0,0.0,0.0,0.0,3,2,0.67,18.36,47.49,57.82,83.26034482758621,-12.24,0.0,1,2,0,1,0,0,1,0
0,0,1,1,15.0,1,0,0,1,1,1,1,1,0,76.5,7.0,235.0,1.0,8.0,0.0,0.0,0.0,0.0,0.0,0.0,2,1,0.5,7.82,15.64,35.47,77.03999999999999,18.44,7.0,5,2,0,0,0,0,0,0
1,1,1,1,71.0,1,1,1,1,0,0,1,1,1,105.1,0.0,0.0,0.0,365.0,1.0,22.2,22.2,1.0,0.0,1.0,1,1,1.0,5.29,5.29,74.09,106.3112676056338,13.56,0.0,4,2,0,1,0,1,0,0
1,1,0,0,72.0,1,1,0,0,0,0,0,0,0,25.4,0.0,0.0,0.0,365.0,0.0,0.0,0.0,0.0,0.0,0.0,1,0,0.0,0.0,0.0,35.0,25.12986111111111,4.33,0.0,0,0,2,0,1,0,0,0
0,0,1,0,19.0,1,1,0,0,0,0,1,0,1,86.85,7.0,273.0,1.0,306.0,0.0,0.0,0.0,0.0,0.0,0.0,1,0,0.0,0.0,0.0,57.1,82.33684210526316,-4.69,7.0,1,1,0,1,0,0,1,0
1,0,0,0,1.0,1,0,0,0,0,0,0,0,0,19.65,0.0,0.0,0.0,365.0,0.0,0.0,0.0,0.0,0.0,0.0,2,0,0.0,0.0,0.0,33.09,19.65,-1.42,0.0,0,2,0,0,1,0,0,1
0,0,0,0,1.0,1,0,0,1,0,0,0,0,1,75.7,7.0,34.0,1.0,117.0,0.0,0.0,0.0,0.0,0.0,0.0,1,0,0.0,0.0,0.0,42.26,75.7,-15.84,7.0,1,2,0,1,0,0,1,0
0,0,0,0,2.0,1,0,0,0,0,0,0,0,0,45.55,5.0,256.0,1.0,286.0,1.0,19.6,19.6,1.0,0.0,1.0,2,0,0.0,0.0,0.0,80.58,42.2,-12.51,5.0,0,2,0,0,0,0,1,0
0,1,1,1,11.0,1,1,0,0,1,0,0,0,1,78.1,10.0,155.0,2.0,308.0,0.0,0.0,0.0,0.0,0.0,0.0,1,0,0.0,0.0,0.0,78.43,78.62272727272727,-13.44,5.0,1,2,0,1,0,1,0,0
0,0,0,0,12.0,1,0,0,0,0,0,0,0,0,19.3,0.0,0.0,0.0,365.0,0.0,0.0,0.0,0.0,0.0,0.0,2,0,0.0,0.0,0.0,64.11,19.0625,-1.77,0.0,0,0,1,0,1,0,0,1
0,0,1,0,70.0,1,1,0,1,1,1,1,1,1,110.5,11.0,41.5,2.0,91.0,0.0,0.0,0.0,0.0,0.0,0.0,2,0,0.0,0.0,0.0,28.36,110.74357142857143,18.96,5.5,5,0,2,1,0,0,1,0
0,1,1,0,20.0,1,1,0,0,1,0,1,0,0,90.8,0.0,0.0,0.0,365.0,0.0,0.0,0.0,0.0,0.0,0.0,3,1,0.33,2.04,6.11,64.2,97.55,-0.74,0.0,2,2,0,1,0,0,1,0
0,0,0,0,23.0,1,0,0,0,0,0,0,0,1,20.3,0.0,0.0,0.0,365.0,0.0,0.0,0.0,0.0,0.0,0.0,1,0,0.0,0.0,0.0,93.63,20.460869565217394,-0.77,0.0,0,1,0,0,1,0,0,0
1,1,0,0,49.0,1,1,1,1,1,1,0,1,0,81.35,4.0,150.0,1.0,281.0,0.0,0.0,0.0,0.0,0.0,0.0,1,0,0.0,0.0,0.0,67.19,82.87551020408164,23.29,4.0,5,0,2,0,0,1,0,0
0,0,1,1,4.0,1,1,0,1,0,0,1,1,1,97.95,13.0,224.5,2.0,101.0,1.0,60.1,60.1,0.0,0.0,0.0,1,0,0.0,0.0,0.0,111.24,96.125,6.41,6.5,3,2,0,1,0,0,1,0
1,0,0,0,32.0,1,1,1,1,0,1,1,1,1,108.15,0.0,0.0,0.0,365.0,0.0,0.0,0.0,0.0,0.0,0.0,3,0,0.0,0.0,0.0,46.21,107.278125,16.61,0.0,5,1,0,1,0,1,0,0
1,0,0,1,2.0,1,0,0,0,0,0,0,1,1,55.3,0.0,0.0,0.0,365.0,0.0,0.0,0.0,0.0,0.0,0.0,2,2,1.0,23.28,29.78,50.08,54.325,-2.76,0.0,1,3,0,0,0,0,1,0
1,1,1,0,69.0,0,0,1,1,0,0,1,1,0,56.55,11.0,145.0,2.0,301.0,0.0,0.0,0.0,0.0,0.0,0.0,3,0,0.0,0.0,0.0,88.67,57.28478260869565,-1.51,5.5,4,0,2,0,0,1,0,0
1,0,0,0,6.0,1,0,0,0,0,0,1,0,1,80.5,15.0,145.33333333333334,3.0,59.0,0.0,0.0,0.0,0.0,0.0,0.0,1,0,0.0,0.0,0.0,87.15,77.175,-11.04,5.0,1,2,0,1,0,1,0,0
0,0,1,1,24.0,1,0,0,0,0,0,0,0,1,19.7,4.0,212.0,1.0,255.0,0.0,0.0,0.0,0.0,0.0,0.0,3,1,0.33,15.78,47.35,108.41,20.585416666666667,-1.37,4.0,0,1,2,0,1,0,0,1
0,0,0,0,32.0,1,1,0,1,1,0,1,1,1,104.05,0.0,0.0,0.0,365.0,0.0,0.0,0.0,0.0,0.0,0.0,1,0,0.0,0.0,0.0,56.9,106.7765625,12.51,0.0,4,0,1,1,0,1,0,0
0,0,0,0,27.0,1,0,1,1,0,0,0,0,0,52.85,6.0,88.0,1.0,240.0,0.0,0.0,0.0,0.0,0.0,0.0,3,1,0.33,11.56,34.68,87.23,55.50555555555556,-5.21,6.0,2,1,2,0,0,0,0,0
0,1,1,0,27.0,1,1,1,0,0,1,1,1,1,104.3,0.0,0.0,0.0,365.0,0.0,0.0,0.0,0.0,0.0,0.0,3,0,0.0,0.0,0.0,67.03,106.21296296296296,12.76,0.0,4,1,0,1,0,0,0,0
1,0,0,0,58.0,1,1,0,0,0,1,0,0,0,80.65,0.0,0.0,0.0,365.0,0.0,0.0,0.0,0.0,0.0,0.0,2,0,0.0,0.0,0.0,85.96,82.88534482758621,-10.89,0.0,1,1,0,1,0,0,0,0
1,0,0,0,1.0,1,0,0,0,0,0,0,0,1,71.35,0.0,0.0,0.0,365.0,0.0,0.0,0.0,0.0,0.0,0.0,2,1,0.5,3.27,6.54,66.48,71.35,-20.19,0.0,0,3,0,1,0,0,0,1
0,0,1,1,18.0,1,1,0,0,0,0,0,0,1,24.65,0.0,0.0,0.0,365.0,0.0,0.0,0.0,0.0,0.0,0.0,3,1,0.33,7.85,23.56,57.91,26.186111111111114,3.58,0.0,0,1,2,0,1,1,0,0
0,0,1,1,47.0,1,0,0,0,0,0,0,0,1,21.3,15.0,236.5,2.0,234.0,0.0,0.0,0.0,0.0,0.0,0.0,2,0,0.0,0.0,0.0,92.4,22.16595744680851,0.23,7.5,0,0,2,0,1,0,0,0
0,0,1,1,70.0,1,1,0,1,1,1,1,1,1,110.2,0.0,0.0,0.0,365.0,1.0,53.7,53.7,1.0,0.0,1.0,3,2,0.67,16.77,38.39,67.26,109.85428571428572,18.66,0.0,5,1,2,1,0,0,1,0
0,0,0,0,13.0,1,1,0,1,1,1,0,0,0,89.4,0.0,0.0,0.0,365.0,0.0,0.0,0.0,0.0,0.0,0.0,2,2,1.0,28.88,29.67,98.97,87.10384615384615,-2.14,0.0,3,2,0,1,0,0,1,0
0,0,1,1,36.0,1,0,1,0,0,0,0,0,0,51.05,5.0,112.0,2.0,13.0,0.0,0.0,0.0,0.0,0.0,0.0,3,0,0.0,0.0,0.0,61.12,50.416666666666664,-7.01,2.5,1,1,0,0,0,1,0,0
1,0,0,0,67.0,1,0,0,0,0,0,0,0,1,19.8,0.0,0.0,0.0,365.0,0.0,0.0,0.0,0.0,0.0,0.0,1,1,1.0,51.72,51.72,114.22,19.571641791044776,-1.27,0.0,0,1,2,0,1,0,0,1
0,0,0,0,10.0,1,0,0,0,0,0,0,0,1,19.9,12.0,62.0,1.0,287.0,0.0,0.0,0.0,0.0,0.0,0.0,2,0,0.0,0.0,0.0,78.0,19.945,-1.17,12.0,0,2,0,0,1,0,0,1
1,1,0,0,19.0,1,0,1,0,0,0,0,1,1,87.3,0.0,0.0,0.0,365.0,0.0,0.0,0.0,0.0,0.0,0.0,3,1,0.33,2.85,8.56,58.02,86.17368421052632,-4.24,0.0,2,2,0,1,0,0,1,0
0,0,1,1,71.0,1,0,0,0,0,0,0,0,0,19.85,0.0,0.0,0.0,365.0,0.0,0.0,0.0,0.0,0.0,0.0,2,0,0.0,0.0,0.0,55.01,18.680985915492958,-1.22,0.0,0,0,2,0,1,0,0,0
1,0,1,1,72.0,1,1,1,1,1,1,1,1,1,89.4,3.0,51.0,1.0,36.0,0.0,0.0,0.0,0.0,0.0,0.0,3,0,0.0,0.0,0.0,41.42,88.56319444444445,31.34,3.0,6,0,2,0,0,0,0,1
0,0,1,1,64.0,1,0,0,0,0,0,0,0,0,20.0,4.0,83.0,1.0,337.0,0.0,0.0,0.0,0.0,0.0,0.0,3,0,0.0,0.0,0.0,57.43,14.6234375,-1.07,4.0,0,0,2,0,1,0,0,1
1,0,0,0,12.0,1,0,0,0,0,0,0,0,0,20.05,12.0,275.0,2.0,109.0,1.0,76.1,76.1,0.0,1.0,0.0,1,0,0.0,0.0,0.0,29.02,1.6708333333333334,-1.02,6.0,0,1,0,0,1,0,0,1
1,0,1,1,18.0,1,0,1,0,1,1,1,1,0,83.25,3.0,107.0,1.0,251.0,0.0,0.0,0.0,0.0,0.0,0.0,3,0,0.0,0.0,0.0,90.18,89.50833333333334,25.19,3.0,5,1,0,0,0,0,1,0
1,0,0,0,1.0,1,0,0,0,0,0,0,0,0,20.6,7.0,147.0,1.0,170.0,1.0,36.6,36.6,1.0,0.0,1.0,3,1,0.33,2.93,8.79,83.33,20.6,-0.47,7.0,0,3,0,0,1,0,0,1
1,1,1,0,67.0,1,1,0,1,0,1,1,1,0,102.9,0.0,0.0,0.0,365.0,1.0,5.6,5.6,1.0,0.0,1.0,3,1,0.33,12.92,38.75,102.1,104.32388059701492,11.36,0.0,4,1,2,1,0,0,0,0
1,0,1,1,69.0,0,0,1,0,1,1,0,0,0,39.1,0.0,0.0,0.0,365.0,0.0,0.0,0.0,0.0,0.0,0.0,3,0,0.0,0.0,0.0,62.17,40.28260869565217,-18.96,0.0,3,0,2,0,0,0,0,1
1,0,0,0,19.0,1,1,0,1,0,0,1,1,1,99.95,0.0,0.0,0.0,365.0,0.0,0.0,0.0,0.0,0.0,0.0,3,0,0.0,0.0,0.0,76.09,101.67105263157895,8.41,0.0,3,1,0,1,0,0,1,0
1,1,1,0,72.0,1,1,1,1,1,1,1,1,1,114.5,0.0,0.0,0.0,365.0,0.0,0.0,0.0,0.0,0.0,0.0,2,0,0.0,0.0,0.0,91.18,115.7215277777778,22.96,0.0,6,0,2,1,0,0,0,1
0,1,0,0,38.0,1,0,0,0,0,0,0,0,0,20.2,0.0,0.0,0.0,365.0,0.0,0.0,0.0,0.0,0.0,0.0,2,0,0.0,0.0,0.0,56.8,19.36578947368421,-0.87,0.0,0,0,2,0,1,0,0,1
1,1,1,0,40.0,1,0,0,0,0,0,0,1,0,55.8,7.0,44.0,1.0,107.0,0.0,0.0,0.0,0.0,0.0,0.0,2,0,0.0,0.0,0.0,71.68,57.0825,-2.26,7.0,1,0,1,0,0,0,1,0
0,0,1,1,61.0,1,1,0,0,0,0,0,0,1,24.2,4.0,247.0,1.0,48.0,0.0,0.0,0.0,0.0,0.0,0.0,3,1,0.33,1.78,5.34,76.28,23.691803278688525,3.13,4.0,0,1,2,0,1,0,0,1
0,0,0,0,10.0,1,1,0,1,0,0,0,0,1,81.0,0.0,0.0,0.0,365.0,0.0,0.0,0.0,0.0,0.0,0.0,2,0,0.0,0.0,0.0,74.97,81.80499999999999,-10.54,0.0,1,2,0,1,0,1,0,0
1,0,1,0,32.0,1,1,1,0,0,1,1,0,1,72.8,6.0,20.0,1.0,259.0,0.0,0.0,0.0,0.0,0.0,0.0,2,0,0.0,0.0,0.0,84.08,72.9078125,14.74,6.0,3,0,1,0,0,1,0,0
0,0,0,0,21.0,1,1,0,1,0,0,1,1,1,99.85,0.0,0.0,0.0,365.0,0.0,0.0,0.0,0.0,0.0,0.0,2,0,0.0,0.0,0.0,72.49,94.88333333333333,8.31,0.0,3,1,0,1,0,1,0,0
0,1,0,0,44.0,1,1,0,0,1,0,1,1,1,99.5,0.0,0.0,0.0,365.0,1.0,7.6,7.6,0.0,1.0,0.0,2,1,0.5,20.28,40.57,89.78,133.86363636363637,7.96,0.0,3,1,1,1,0,0,1,0
0,1,1,0,13.0,1,0,0,0,0,0,0,0,1,70.15,0.0,0.0,0.0,365.0,0.0,0.0,0.0,0.0,0.0,0.0,1,0,0.0,0.0,0.0,70.69,70.51923076923077,-21.39,0.0,0,1,0,1,0,0,1,0
0,0,0,0,47.0,1,0,0,0,0,0,0,0,0,20.25,0.0,0.0,0.0,365.0,1.0,12.2,12.2,0.0,1.0,0.0,3,0,0.0,0.0,0.0,52.22,21.91063829787234,-0.82,0.0,0,0,2,0,1,1,0,0
1,0,1,1,69.0,1,1,0,0,0,0,0,0,1,26.0,0.0,0.0,0.0,365.0,1.0,11.9,11.9,0.0,0.0,0.0,1,0,0.0,0.0,0.0,83.5,26.03695652173913,4.93,0.0,0,0,2,0,1,0,0,0
1,0,0,0,12.0,1,0,0,0,0,0,0,0,1,19.9,0.0,0.0,0.0,365.0,0.0,0.0,0.0,0.0,0.0,0.0,1,0,0.0,0.0,0.0,51.76,2.8083333333333336,-1.17,0.0,0,1,0,0,1,1,0,0
0,0,1,1,22.0,1,0,0,0,0,0,0,0,0,19.05,0.0,0.0,0.0,365.0,0.0,0.0,0.0,0.0,0.0,0.0,2,1,0.5,2.72,5.43,34.97,20.638636363636365,-2.02,0.0,0,2,0,0,1,0,0,0
1,1,1,0,15.0,1,1,1,0,1,0,1,0,1,96.5,3.0,59.0,1.0,183.0,0.0,0.0,0.0,0.0,0.0,0.0,2,0,0.0,0.0,0.0,79.13,92.81666666666666,4.96,3.0,3,1,0,1,0,0,1,0
0,0,0,0,53.0,1,0,0,0,0,0,0,0,0,19.85,7.0,207.0,1.0,214.0,1.0,8.3,8.3,0.0,1.0,0.0,1,1,1.0,9.31,9.31,65.86,19.80377358490566,-1.22,7.0,0,1,2,0,1,1,0,0
0,1,1,0,28.0,1,1,0,0,0,0,0,0,0,25.7,0.0,0.0,0.0,365.0,0.0,0.0,0.0,0.0,0.0,0.0,1,0,0.0,0.0,0.0,73.66,26.235714285714288,4.63,0.0,0,1,0,0,1,0,0,1
1,0,0,0,22.0,1,0,0,0,0,0,0,0,0,20.3,3.0,54.0,1.0,342.0,0.0,0.0,0.0,0.0,0.0,0.0,1,0,0.0,0.0,0.0,72.81,21.595454545454547,-0.77,3.0,0,0,1,0,1,0,0,1
0,0,0,0,1.0,1,0,0,0,0,0,0,0,1,70.15,4.0,193.0,1.0,257.0,0.0,0.0,0.0,0.0,0.0,0.0,1,0,0.0,0.0,0.0,41.87,70.15,-21.39,4.0,0,2,0,1,0,0,0,1
1,1,1,0,16.0,1,0,0,0,1,1,0,1,1,91.55,0.0,0.0,0.0,365.0,0.0,0.0,0.0,0.0,0.0,0.0,3,1,0.33,3.49,10.47,74.22,96.253125,0.01,0.0,3,2,0,1,0,0,1,0
0,0,1,1,48.0,0,0,1,1,0,1,0,0,0,39.4,6.0,203.0,1.0,147.0,0.0,0.0,0.0,0.0,0.0,0.0,2,0,0.0,0.0,0.0,45.4,41.221875000000004,-18.66,6.0,3,0,2,0,0,0,0,1
1,1,1,0,30.0,1,1,1,1,1,1,1,0,1,105.7,0.0,0.0,0.0,365.0,0.0,0.0,0.0,0.0,0.0,0.0,2,0,0.0,0.0,0.0,67.84,106.06,14.16,0.0,5,1,0,1,0,0,0,0
0,0,0,0,3.0,1,0,0,0,0,0,0,0,1,70.25,8.0,133.0,2.0,40.0,0.0,0.0,0.0,0.0,0.0,0.0,2,0,0.0,0.0,0.0,30.76,76.56666666666666,-21.29,4.0,0,2,0,1,0,0,1,0
1,1,0,0,57.0,1,1,1,0,0,1,0,1,0,93.75,7.0,34.0,1.0,285.0,0.0,0.0,0.0,0.0,0.0,0.0,2,0,0.0,0.0,0.0,63.48,98.69385964912281,2.21,7.0,3,0,2,1,0,0,1,0
0,1,1,0,68.0,1,1,1,1,0,0,0,1,1,96.55,6.0,216.0,1.0,336.0,0.0,0.0,0.0,0.0,0.0,0.0,1,0,0.0,0.0,0.0,62.47,96.79264705882352,5.01,6.0,3,0,1,1,0,1,0,0
0,0,1,0,23.0,1,0,0,0,0,1,1,0,0,60.0,0.0,0.0,0.0,365.0,1.0,11.1,11.1,0.0,1.0,0.0,2,1,0.5,3.46,6.92,69.11,58.571739130434786,1.94,0.0,2,1,1,0,0,0,0,0
0,0,1,0,65.0,1,0,0,0,0,1,1,0,1,59.8,8.0,208.5,2.0,184.0,0.0,0.0,0.0,0.0,0.0,0.0,3,0,0.0,0.0,0.0,64.92,58.58769230769231,1.74,4.0,2,0,2,0,0,1,0,0
1,0,1,0,44.0,1,0,0,0,0,0,1,1,1,90.65,4.0,26.0,1.0,68.0,0.0,0.0,0.0,0.0,0.0,0.0,2,0,0.0,0.0,0.0,66.76,90.32159090909092,-0.89,4.0,2,0,1,1,0,0,0,0
0,0,1,1,71.0,1,1,1,1,1,0,1,1,1,109.0,5.0,100.0,1.0,63.0,0.0,0.0,0.0,0.0,0.0,0.0,3,2,0.67,27.03,52.16,97.74,107.91267605633803,17.46,5.0,5,1,2,1,0,0,0,0
0,0,1,0,37.0,1,1,1,0,1,1,0,0,0,68.1,0.0,0.0,0.0,365.0,0.0,0.0,0.0,0.0,0.0,0.0,1,0,0.0,0.0,0.0,94.36,67.00675675675676,10.04,0.0,3,0,1,0,0,1,0,0
0,0,0,0,12.0,1,0,0,0,0,0,0,0,0,20.4,0.0,0.0,0.0,365.0,0.0,0.0,0.0,0.0,0.0,0.0,3,0,0.0,0.0,0.0,43.59,22.21666666666667,-0.67,0.0,0,1,0,0,1,0,0,1
1,0,1,1,69.0,1,1,0,1,1,1,1,1,1,81.95,0.0,0.0,0.0,365.0,1.0,5.5,5.5,0.0,1.0,0.0,2,0,0.0,0.0,0.0,54.27,81.17971014492753,23.89,0.0,5,0,2,0,0,0,0,0
0,0,0,0,35.0,1,0,1,1,1,0,0,0,0,60.55,3.0,128.0,1.0,58.0,0.0,0.0,0.0,0.0,0.0,0.0,3,0,0.0,0.0,0.0,78.98,56.645714285714284,2.49,3.0,3,1,0,0,0,0,1,0
1,0,0,0,5.0,1,0,0,1,0,1,0,1,1,65.6,5.0,174.0,1.0,128.0,0.0,0.0,0.0,0.0,0.0,0.0,2,0,0.0,0.0,0.0,61.46,67.97999999999999,7.54,5.0,3,2,0,0,0,0,0,0
1,0,1,1,58.0,1,1,0,0,0,0,1,0,0,82.5,4.0,153.0,1.0,40.0,0.0,0.0,0.0,0.0,0.0,0.0,2,0,0.0,0.0,0.0,53.68,83.24224137931034,-9.04,4.0,1,0,2,1,0,0,0,0
1,0,1,0,72.0,1,1,1,1,1,1,0,1,1,82.3,0.0,0.0,0.0,365.0,0.0,0.0,0.0,0.0,0.0,0.0,3,1,0.33,5.72,17.17,72.85,83.06319444444445,24.24,0.0,5,1,2,0,0,0,0,0
1,0,1,0,72.0,1,1,1,1,1,1,0,0,0,68.15,0.0,0.0,0.0,365.0,0.0,0.0,0.0,0.0,0.0,0.0,2,1,0.5,2.85,5.7,62.79,66.7875,10.09,0.0,4,1,2,0,0,0,0,1
0,0,0,0,1.0,1,0,0,0,0,0,0,0,0,20.3,0.0,0.0,0.0,365.0,0.0,0.0,0.0,0.0,0.0,0.0,2,0,0.0,0.0,0.0,101.0,20.3,-0.77,0.0,0,2,0,0,1,1,0,0
0,0,0,0,39.0,1,0,1,0,1,1,1,0,1,95.55,6.0,184.5,2.0,102.0,0.0,0.0,0.0,0.0,0.0,0.0,1,0,0.0,0.0,0.0,61.48,94.68846153846154,4.01,3.0,4,0,1,1,0,0,1,0
1,0,1,1,53.0,1,0,0,0,0,0,0,0,0,20.2,0.0,0.0,0.0,365.0,0.0,0.0,0.0,0.0,0.0,0.0,2,0,0.0,0.0,0.0,65.16,20.15377358490566,-0.87,0.0,0,0,1,0,1,1,0,0
0,0,0,0,27.0,1,0,0,0,1,1,0,1,1,89.2,1.0,98.0,1.0,43.0,0.0,0.0,0.0,0.0,0.0,0.0,1,0,0.0,0.0,0.0,27.05,88.28148148148148,-2.34,1.0,3,1,0,1,0,0,1,0
0,1,0,0,1.0,1,0,0,0,0,0,0,0,1,69.65,0.0,0.0,0.0,365.0,0.0,0.0,0.0,0.0,0.0,0.0,3,0,0.0,0.0,0.0,55.41,69.65,-21.89,0.0,0,2,0,1,0,0,1,0
0,1,0,0,1.0,1,0,0,0,0,0,1,1,1,89.3,6.0,54.0,1.0,207.0,1.0,15.5,15.5,0.0,1.0,0.0,2,0,0.0,0.0,0.0,70.31,89.3,-2.24,6.0,2,2,0,1,0,0,1,0
0,0,1,0,18.0,1,0,1,0,0,0,0,0,0,74.8,0.0,0.0,0.0,365.0,0.0,0.0,0.0,0.0,0.0,0.0,2,0,0.0,0.0,0.0,58.66,79.89166666666667,-16.74,0.0,1,1,0,1,0,0,1,0
1,0,1,1,46.0,1,0,0,0,0,0,0,0,1,20.2,0.0,0.0,0.0,365.0,0.0,0.0,0.0,0.0,0.0,0.0,3,1,0.33,14.21,42.62,96.47,19.944565217391304,-0.87,0.0,0,1,2,0,1,0,0,1
0,0,1,0,72.0,1,1,1,0,1,1,1,1,1,84.4,6.0,281.0,1.0,151.0,1.0,31.8,31.8,0.0,0.0,0.0,1,0,0.0,0.0,0.0,100.66,84.67291666666667,26.34,6.0,5,0,2,0,0,1,0,0
0,0,0,0,36.0,1,0,0,0,1,1,0,1,1,87.55,0.0,0.0,0.0,365.0,0.0,0.0,0.0,0.0,0.0,0.0,1,0,0.0,0.0,0.0,42.69,85.50277777777778,-3.99,0.0,3,1,0,1,0,0,1,0
0,0,1,0,4.0,0,0,0,0,0,0,0,0,1,25.15,3.0,248.0,1.0,115.0,0.0,0.0,0.0,0.0,0.0,0.0,2,1,0.5,7.65,15.3,86.44,24.9875,-32.91,3.0,0,3,0,0,0,0,1,0
0,0,0,0,25.0,1,0,0,0,0,0,0,0,0,20.15,10.0,188.5,2.0,26.0,0.0,0.0,0.0,0.0,0.0,0.0,1,0,0.0,0.0,0.0,57.27,19.008,-0.92,5.0,0,0,2,0,1,1,0,0
0,0,1,1,40.0,0,0,0,1,0,0,1,1,1,50.85,10.0,105.5,2.0,47.0,0.0,0.0,0.0,0.0,0.0,0.0,3,0,0.0,0.0,0.0,76.64,50.91375,-7.21,5.0,3,1,0,0,0,0,1,0
1,0,1,0,63.0,1,1,0,1,1,0,1,1,1,102.4,0.0,0.0,0.0,365.0,0.0,0.0,0.0,0.0,0.0,0.0,1,0,0.0,0.0,0.0,23.14,102.28650793650795,10.86,0.0,4,1,0,1,0,0,1,0
0,1,0,0,15.0,1,0,1,0,1,1,0,1,1,96.3,0.0,0.0,0.0,365.0,0.0,0.0,0.0,0.0,0.0,0.0,2,0,0.0,0.0,0.0,94.46,95.11666666666666,4.76,0.0,4,1,0,1,0,0,0,1
1,0,0,0,14.0,1,1,0,1,0,0,0,0,1,55.5,0.0,0.0,0.0,365.0,0.0,0.0,0.0,0.0,0.0,0.0,2,1,0.5,3.58,7.15,68.45,54.824999999999996,-2.56,0.0,1,2,0,0,0,1,0,0
1,1,1,0,72.0,1,1,0,1,1,1,1,1,1,109.75,0.0,0.0,0.0,365.0,0.0,0.0,0.0,0.0,0.0,0.0,1,0,0.0,0.0,0.0,53.66,110.17361111111111,18.21,0.0,5,0,2,1,0,0,0,0
1,0,0,0,39.0,1,1,1,1,0,0,1,1,1,106.4,0.0,0.0,0.0,365.0,1.0,67.8,67.8,0.0,0.0,0.0,3,2,0.67,8.19,16.65,57.47,103.60641025641026,14.86,0.0,4,2,0,1,0,0,1,0
0,0,1,1,47.0,0,0,1,1,1,0,1,1,1,60.0,0.0,0.0,0.0,365.0,0.0,0.0,0.0,0.0,0.0,0.0,3,1,0.33,7.63,22.9,91.88,58.90744680851064,1.94,0.0,5,1,2,0,0,1,0,0
1,0,1,0,19.0,1,1,1,1,0,1,0,0,1,88.8,0.0,0.0,0.0,365.0,0.0,0.0,0.0,0.0,0.0,0.0,1,0,0.0,0.0,0.0,113.67,88.01842105263158,-2.74,0.0,3,1,0,1,0,1,0,0
0,0,0,0,5.0,1,1,0,0,0,0,1,0,1,85.2,12.0,209.5,2.0,311.0,0.0,0.0,0.0,0.0,0.0,0.0,1,0,0.0,0.0,0.0,88.16,94.96000000000001,-6.34,6.0,1,2,0,1,0,0,1,0
0,0,0,0,13.0,0,0,0,0,0,0,0,1,1,35.1,0.0,0.0,0.0,365.0,0.0,0.0,0.0,0.0,0.0,0.0,1,0,0.0,0.0,0.0,43.08,34.315384615384616,-22.96,0.0,1,1,0,0,0,0,1,0
0,0,0,0,17.0,1,1,0,0,1,0,0,0,0,80.05,0.0,0.0,0.0,365.0,0.0,0.0,0.0,0.0,0.0,0.0,2,0,0.0,0.0,0.0,98.48,79.15588235294118,-11.49,0.0,1,1,0,1,0,0,0,0
1,1,1,0,34.0,1,1,0,0,0,0,0,0,1,75.55,0.0,0.0,0.0,365.0,0.0,0.0,0.0,0.0,0.0,0.0,1,0,0.0,0.0,0.0,55.61,71.33529411764707,-15.99,0.0,0,1,0,1,0,0,1,0
0,0,0,0,42.0,1,0,0,1,0,0,0,0,1,49.55,6.0,293.0,1.0,153.0,0.0,0.0,0.0,0.0,0.0,0.0,2,0,0.0,0.0,0.0,75.44,49.474999999999994,-8.51,6.0,1,1,0,0,0,0,1,0
1,0,1,0,5.0,1,1,0,1,0,0,0,0,1,91.75,0.0,0.0,0.0,365.0,0.0,0.0,0.0,0.0,0.0,0.0,3,1,0.33,7.24,21.73,55.5,83.26,0.21,0.0,1,3,0,1,0,0,1,0
0,0,1,1,71.0,1,1,0,0,0,0,0,0,0,23.9,0.0,0.0,0.0,365.0,0.0,0.0,0.0,0.0,0.0,0.0,3,1,0.33,1.7,5.1,50.81,23.429577464788732,2.83,0.0,0,1,2,0,1,1,0,0
1,1,1,0,19.0,1,0,1,0,1,0,1,0,0,66.4,0.0,0.0,0.0,365.0,0.0,0.0,0.0,0.0,0.0,0.0,1,0,0.0,0.0,0.0,108.69,67.68684210526315,8.34,0.0,3,1,0,0,0,0,0,0
0,0,0,1,2.0,1,0,0,0,0,0,0,0,1,19.6,0.0,0.0,0.0,365.0,0.0,0.0,0.0,0.0,0.0,0.0,2,0,0.0,0.0,0.0,66.03,17.925,-1.47,0.0,0,2,0,0,1,0,1,0
1,0,0,0,57.0,1,0,0,0,0,0,0,0,0,20.15,0.0,0.0,0.0,365.0,0.0,0.0,0.0,0.0,0.0,0.0,1,0,0.0,0.0,0.0,31.76,19.19912280701754,-0.92,0.0,0,0,2,0,1,1,0,0
1,0,1,0,72.0,1,1,0,1,1,1,1,1,1,108.4,6.0,81.0,1.0,176.0,0.0,0.0,0.0,0.0,0.0,0.0,1,0,0.0,0.0,0.0,59.16,107.21527777777777,16.86,6.0,5,0,2,1,0,0,1,0
0,0,0,0,6.0,1,0,0,1,0,0,0,1,1,85.95,0.0,0.0,0.0,365.0,1.0,19.1,19.1,1.0,0.0,1.0,2,0,0.0,0.0,0.0,101.24,85.76666666666667,-5.59,0.0,2,2,0,1,0,0,0,1
0,0,1,1,12.0,1,1,0,0,0,0,0,1,1,85.45,0.0,0.0,0.0,365.0,1.0,43.5,43.5,0.0,1.0,0.0,1,1,1.0,16.74,16.74,118.48,120.96666666666665,-6.09,0.0,1,2,0,1,0,0,1,0
1,0,1,0,61.0,1,1,0,1,1,0,1,1,0,80.9,6.0,65.0,1.0,32.0,0.0,0.0,0.0,0.0,0.0,0.0,3,1,0.33,2.35,7.05,54.74,80.86065573770492,22.84,6.0,4,1,2,0,0,0,0,0
1,0,1,1,1.0,1,0,0,0,0,0,0,0,1,71.0,8.0,282.0,1.0,156.0,0.0,0.0,0.0,0.0,0.0,0.0,3,0,0.0,0.0,0.0,66.98,71.0,-20.54,8.0,0,2,0,1,0,0,1,0
1,0,1,1,48.0,1,1,1,1,1,1,1,1,0,111.8,0.0,0.0,0.0,365.0,0.0,0.0,0.0,0.0,0.0,0.0,2,0,0.0,0.0,0.0,41.35,113.409375,20.26,0.0,6,0,2,1,0,1,0,0
1,0,0,0,16.0,1,0,0,0,0,0,0,0,1,20.6,0.0,0.0,0.0,365.0,0.0,0.0,0.0,0.0,0.0,0.0,1,0,0.0,0.0,0.0,90.5,20.640625,-0.47,0.0,0,1,0,0,1,1,0,0
1,1,0,0,9.0,1,1,0,0,0,0,0,1,1,85.05,4.0,297.0,1.0,321.0,1.0,13.5,13.5,0.0,1.0,0.0,3,1,0.33,7.96,23.88,60.63,82.94444444444444,-6.49,4.0,1,3,0,1,0,0,1,0
0,0,0,0,3.0,1,0,0,0,0,0,0,0,0,44.6,9.0,157.5,2.0,41.0,0.0,0.0,0.0,0.0,0.0,0.0,1,0,0.0,0.0,0.0,105.57,40.9,-13.46,4.5,0,2,0,0,0,0,1,0
1,0,0,1,1.0,1,0,0,0,0,0,0,0,1,44.4,6.0,32.0,1.0,277.0,1.0,71.0,71.0,1.0,0.0,1.0,3,0,0.0,0.0,0.0,74.21,44.4,-13.66,6.0,0,2,0,0,0,0,1,0
1,0,0,0,65.0,1,1,0,1,1,0,1,1,0,105.1,8.0,104.0,1.0,189.0,0.0,0.0,0.0,0.0,0.0,0.0,3,1,0.33,2.15,6.46,73.03,102.02846153846154,13.56,8.0,4,1,2,1,0,1,0,0
0,0,1,1,64.0,1,1,1,1,1,1,1,1,1,115.15,20.0,158.66666666666666,3.0,149.0,0.0,0.0,0.0,0.0,0.0,0.0,2,0,0.0,0.0,0.0,95.15,128.90625,23.61,6.667,6,0,2,1,0,1,0,0
1,0,1,0,60.0,1,0,1,0,0,0,1,0,1,59.8,3.0,63.0,1.0,182.0,0.0,0.0,0.0,0.0,0.0,0.0,3,0,0.0,0.0,0.0,88.15,59.3525,1.74,3.0,2,0,1,0,0,0,0,1
0,0,1,0,69.0,1,1,0,0,0,0,0,0,1,26.3,0.0,0.0,0.0,365.0,0.0,0.0,0.0,0.0,0.0,0.0,2,1,0.5,3.24,6.49,70.34,25.558695652173913,5.23,0.0,0,1,1,0,1,0,1,0
0,1,0,0,35.0,1,0,0,0,0,0,0,0,0,70.55,0.0,0.0,0.0,365.0,0.0,0.0,0.0,0.0,0.0,0.0,1,0,0.0,0.0,0.0,68.31,69.11428571428571,-20.99,0.0,0,1,0,1,0,0,1,0
0,0,0,0,12.0,1,0,0,0,0,0,0,0,1,20.05,5.0,260.0,1.0,136.0,0.0,0.0,0.0,0.0,0.0,0.0,1,0,0.0,0.0,0.0,54.98,39.18333333333333,-1.02,5.0,0,1,0,0,1,0,0,1
1,0,1,1,66.0,1,1,0,1,1,0,1,1,0,79.85,0.0,0.0,0.0,365.0,1.0,11.1,11.1,0.0,1.0,0.0,2,1,0.5,1.74,3.49,80.43,79.31742424242424,21.79,0.0,4,1,2,0,0,0,0,0
1,1,1,0,1.0,1,0,0,0,0,0,0,0,1,70.3,0.0,0.0,0.0,365.0,0.0,0.0,0.0,0.0,0.0,0.0,1,0,0.0,0.0,0.0,113.26,70.3,-21.24,0.0,0,2,0,1,0,0,1,0
0,0,1,0,1.0,1,0,0,0,0,0,1,0,1,79.35,3.0,32.0,1.0,269.0,0.0,0.0,0.0,0.0,0.0,0.0,3,0,0.0,0.0,0.0,55.68,79.35,-12.19,3.0,1,2,0,1,0,0,0,0
1,0,1,1,34.0,1,1,0,0,1,0,0,1,1,90.05,0.0,0.0,0.0,365.0,0.0,0.0,0.0,0.0,0.0,0.0,3,1,0.33,1.16,3.47,47.93,91.08823529411765,-1.49,0.0,2,2,0,1,0,1,0,0
0,0,1,1,72.0,1,1,0,0,0,0,0,0,0,24.45,0.0,0.0,0.0,365.0,0.0,0.0,0.0,0.0,0.0,0.0,2,1,0.5,27.7,55.4,71.97,23.737499999999997,3.38,0.0,0,1,2,0,1,0,0,0
1,0,1,1,31.0,0,0,1,0,1,1,1,1,0,59.95,2.0,14.0,1.0,112.0,1.0,29.1,29.1,1.0,0.0,1.0,2,0,0.0,0.0,0.0,86.55,59.63870967741936,1.89,2.0,5,0,1,0,0,0,1,0
1,0,0,1,30.0,1,1,0,0,0,0,0,0,0,25.35,9.0,237.0,2.0,139.0,1.0,12.5,12.5,0.0,0.0,0.0,2,0,0.0,0.0,0.0,94.9,24.11,4.28,4.5,0,0,1,0,1,0,0,0
0,0,0,0,9.0,1,0,0,0,0,0,1,1,1,90.8,8.0,82.5,2.0,213.0,0.0,0.0,0.0,0.0,0.0,0.0,1,0,0.0,0.0,0.0,61.42,89.97222222222223,-0.74,4.0,2,2,0,1,0,0,0,0
1,0,1,1,20.0,1,0,0,0,0,0,0,0,1,70.45,0.0,0.0,0.0,365.0,0.0,0.0,0.0,0.0,0.0,0.0,1,0,0.0,0.0,0.0,92.56,73.5475,-21.09,0.0,0,1,0,1,0,0,1,0
1,1,1,0,19.0,0,0,0,1,1,0,0,0,1,34.3,0.0,0.0,0.0,365.0,0.0,0.0,0.0,0.0,0.0,0.0,3,1,0.33,0.93,2.8,57.47,30.376315789473683,-23.76,0.0,2,2,0,0,0,1,0,0
0,0,1,0,65.0,1,1,1,0,1,0,1,1,1,105.05,1.0,210.0,1.0,29.0,0.0,0.0,0.0,0.0,0.0,0.0,3,1,0.33,2.1,6.29,46.29,106.38384615384615,13.51,1.0,4,2,0,1,0,0,1,0
0,0,1,1,30.0,1,0,0,0,0,0,0,0,0,19.3,11.0,190.5,2.0,318.0,0.0,0.0,0.0,0.0,0.0,0.0,1,0,0.0,0.0,0.0,109.35,20.096666666666668,-1.77,5.5,0,0,2,0,1,0,0,1
1,0,0,0,6.0,1,0,0,0,0,0,0,0,0,20.15,0.0,0.0,0.0,365.0,0.0,0.0,0.0,0.0,0.0,0.0,3,0,0.0,0.0,0.0,69.11,20.733333333333334,-0.92,0.0,0,1,1,0,1,0,0,1
0,0,0,0,2.0,0,0,0,1,0,0,1,1,0,51.4,0.0,0.0,0.0,365.0,2.0,25.85,36.2,1.0,1.0,0.5,1,0,0.0,0.0,0.0,60.37,48.4,-6.66,0.0,3,2,0,0,0,0,1,0
1,0,1,1,53.0,1,1,1,0,0,1,0,1,0,71.85,0.0,0.0,0.0,365.0,0.0,0.0,0.0,0.0,0.0,0.0,1,0,0.0,0.0,0.0,73.68,72.22452830188679,13.79,0.0,3,1,0,0,0,0,1,0
1,1,1,0,7.0,1,1,0,0,0,0,0,0,1,75.4,0.0,0.0,0.0,365.0,0.0,0.0,0.0,0.0,0.0,0.0,1,0,0.0,0.0,0.0,74.18,76.14999999999999,-16.14,0.0,0,2,0,1,0,0,1,0
0,0,1,1,61.0,1,0,1,0,0,0,0,0,1,49.7,0.0,0.0,0.0,365.0,0.0,0.0,0.0,0.0,0.0,0.0,3,0,0.0,0.0,0.0,48.89,48.54754098360656,-8.36,0.0,1,0,1,0,0,0,0,0
1,1,0,0,70.0,0,0,0,0,0,0,1,1,1,45.25,0.0,0.0,0.0,365.0,0.0,0.0,0.0,0.0,0.0,0.0,2,0,0.0,0.0,0.0,70.3,46.635,-12.81,0.0,2,0,1,0,0,0,1,0
0,0,0,0,13.0,1,1,1,0,1,0,1,1,1,78.75,11.0,149.5,2.0,275.0,0.0,0.0,0.0,0.0,0.0,0.0,2,0,0.0,0.0,0.0,104.45,76.56538461538462,20.69,5.5,4,1,0,0,0,0,1,0
1,1,1,0,35.0,1,1,0,0,1,0,0,0,1,81.6,0.0,0.0,0.0,365.0,0.0,0.0,0.0,0.0,0.0,0.0,3,0,0.0,0.0,0.0,65.33,80.43571428571428,-9.94,0.0,1,0,1,1,0,0,0,0
0,0,1,0,2.0,1,0,0,0,0,0,0,0,1,70.4,0.0,0.0,0.0,365.0,0.0,0.0,0.0,0.0,0.0,0.0,3,0,0.0,0.0,0.0,81.94,77.4,-21.14,0.0,0,2,0,1,0,1,0,0
0,0,0,0,3.0,1,1,0,0,0,0,0,0,1,75.8,0.0,0.0,0.0,365.0,0.0,0.0,0.0,0.0,0.0,0.0,1,0,0.0,0.0,0.0,93.58,82.10000000000001,-15.74,0.0,0,2,0,1,0,0,1,0
0,0,0,0,3.0,1,1,0,0,0,0,0,0,0,76.1,0.0,0.0,0.0,365.0,0.0,0.0,0.0,0.0,0.0,0.0,3,1,0.33,2.47,7.4,35.99,85.86666666666667,-15.44,0.0,0,3,0,1,0,0,1,0
0,0,0,0,62.0,1,1,0,0,0,0,1,1,1,94.0,3.0,40.0,1.0,57.0,0.0,0.0,0.0,0.0,0.0,0.0,1,0,0.0,0.0,0.0,44.33,92.85806451612903,2.46,3.0,2,0,1,1,0,0,0,0
1,0,1,1,72.0,1,1,1,1,1,1,0,1,0,103.95,11.0,80.0,1.0,297.0,1.0,3.5,3.5,1.0,0.0,1.0,2,0,0.0,0.0,0.0,59.86,104.4125,12.41,11.0,5,0,2,1,0,1,0,0
1,0,1,0,63.0,1,0,0,0,0,0,0,0,1,19.95,0.0,0.0,0.0,365.0,0.0,0.0,0.0,0.0,0.0,0.0,2,1,0.5,12.4,24.8,75.74,19.599999999999998,-1.12,0.0,0,1,2,0,1,0,0,0
1,1,0,0,20.0,1,0,0,0,0,0,0,0,0,71.3,0.0,0.0,0.0,365.0,1.0,3.3,3.3,1.0,0.0,1.0,3,0,0.0,0.0,0.0,88.8,69.46000000000001,-20.24,0.0,0,1,0,1,0,1,0,0
0,1,0,0,35.0,1,1,1,1,1,1,1,1,1,110.8,0.0,0.0,0.0,365.0,0.0,0.0,0.0,0.0,0.0,0.0,1,0,0.0,0.0,0.0,24.49,109.60857142857144,19.26,0.0,6,0,1,1,0,0,0,0
1,1,1,0,21.0,1,0,0,0,0,0,0,0,1,69.1,0.0,0.0,0.0,365.0,0.0,0.0,0.0,0.0,0.0,0.0,1,0,0.0,0.0,0.0,98.81,70.22619047619048,-22.44,0.0,0,1,0,1,0,0,1,0
1,0,1,0,62.0,1,1,1,1,0,0,0,1,0,96.1,0.0,0.0,0.0,365.0,0.0,0.0,0.0,0.0,0.0,0.0,2,0,0.0,0.0,0.0,60.52,96.79758064516129,4.56,0.0,3,0,1,1,0,0,1,0
0,0,0,0,15.0,1,1,0,0,0,0,0,0,1,48.8,0.0,0.0,0.0,365.0,0.0,0.0,0.0,0.0,0.0,0.0,3,1,0.33,9.39,28.18,70.16,48.00666666666667,-9.26,0.0,0,2,0,0,0,0,0,1
0,0,0,0,55.0,1,0,1,0,0,0,0,0,1,50.55,0.0,0.0,0.0,365.0,0.0,0.0,0.0,0.0,0.0,0.0,1,1,1.0,14.46,14.46,42.18,51.50454545454546,-7.51,0.0,1,2,0,0,0,1,0,0
0,0,0,0,11.0,1,0,0,0,0,0,0,0,1,44.65,12.0,154.5,2.0,162.0,0.0,0.0,0.0,0.0,0.0,0.0,2,0,0.0,0.0,0.0,77.88,42.93181818181818,-13.41,6.0,0,2,0,0,0,0,0,1
0,0,1,1,17.0,1,1,0,0,1,0,1,0,0,88.25,4.0,243.0,1.0,53.0,0.0,0.0,0.0,0.0,0.0,0.0,1,0,0.0,0.0,0.0,104.06,85.92058823529412,-3.29,4.0,2,1,0,1,0,0,1,0
0,0,0,0,61.0,1,0,0,0,0,0,0,0,0,19.45,0.0,0.0,0.0,365.0,1.0,13.3,13.3,1.0,0.0,1.0,2,0,0.0,0.0,0.0,102.15,21.907377049180326,-1.62,0.0,0,0,1,0,1,0,0,0
0,0,1,0,71.0,1,1,1,1,1,1,1,1,0,89.3,0.0,0.0,0.0,365.0,0.0,0.0,0.0,0.0,0.0,0.0,2,0,0.0,0.0,0.0,40.9,89.98098591549295,31.24,0.0,6,0,2,0,0,1,0,0
0,0,0,0,2.0,1,0,0,0,0,0,0,0,0,70.0,0.0,0.0,0.0,365.0,0.0,0.0,0.0,0.0,0.0,0.0,2,1,0.5,8.7,17.39,54.18,76.525,-21.54,0.0,0,3,0,1,0,0,0,0
1,0,0,0,35.0,1,0,0,0,0,0,0,0,0,19.25,0.0,0.0,0.0,365.0,0.0,0.0,0.0,0.0,0.0,0.0,2,0,0.0,0.0,0.0,59.89,19.36857142857143,-1.82,0.0,0,0,2,0,1,0,0,1
0,0,0,0,17.0,1,0,0,0,0,0,0,0,0,91.75,0.0,0.0,0.0,365.0,0.0,0.0,0.0,0.0,0.0,0.0,2,0,0.0,0.0,0.0,60.62,68.56470588235294,0.21,0.0,0,1,0,1,0,0,0,0
0,0,0,0,21.0,1,1,0,0,0,0,1,1,1,97.35,4.0,217.0,1.0,227.0,0.0,0.0,0.0,0.0,0.0,0.0,1,0,0.0,0.0,0.0,63.15,100.92857142857143,5.81,4.0,2,1,0,1,0,0,1,0
0,0,1,0,47.0,1,0,0,0,0,0,0,0,0,19.65,0.0,0.0,0.0,365.0,0.0,0.0,0.0,0.0,0.0,0.0,2,1,0.5,2.98,5.95,58.14,19.607446808510637,-1.42,0.0,0,1,2,0,1,0,0,0
0,0,1,0,3.0,1,0,0,0,0,0,0,0,0,20.85,8.0,137.0,1.0,99.0,0.0,0.0,0.0,0.0,0.0,0.0,2,0,0.0,0.0,0.0,58.88,24.0,-0.22,8.0,0,2,0,0,1,0,0,1
1,0,0,0,3.0,1,0,0,0,0,0,0,0,1,19.65,3.0,110.0,1.0,217.0,0.0,0.0,0.0,0.0,0.0,0.0,2,0,0.0,0.0,0.0,61.02,22.78333333333333,-1.42,3.0,0,2,0,0,1,0,0,1
1,1,1,0,44.0,1,0,0,0,0,0,0,0,1,19.35,15.0,175.5,2.0,79.0,0.0,0.0,0.0,0.0,0.0,0.0,3,0,0.0,0.0,0.0,72.32,19.255681818181817,-1.72,7.5,0,0,2,0,1,1,0,0
0,0,0,0,1.0,1,0,0,0,0,0,0,0,1,44.0,7.0,232.0,1.0,135.0,0.0,0.0,0.0,0.0,0.0,0.0,2,0,0.0,0.0,0.0,59.54,44.0,-14.06,7.0,0,2,0,0,0,0,0,1
0,0,1,1,44.0,1,1,0,1,1,0,0,1,0,91.75,0.0,0.0,0.0,365.0,0.0,0.0,0.0,0.0,0.0,0.0,3,1,0.33,2.85,8.54,49.18,97.62159090909091,0.21,0.0,3,1,1,1,0,0,1,0
1,0,1,1,5.0,1,1,0,0,0,0,0,0,1,25.9,5.0,61.0,1.0,204.0,0.0,0.0,0.0,0.0,0.0,0.0,1,0,0.0,0.0,0.0,99.69,27.0,4.83,5.0,0,2,0,0,1,0,0,0
1,0,0,0,24.0,1,1,1,0,0,0,0,0,1,55.65,0.0,0.0,0.0,365.0,2.0,21.85,23.0,0.0,0.0,0.0,2,1,0.5,2.74,5.48,75.87,58.356249999999996,-2.41,0.0,1,2,0,0,0,0,0,0
0,0,0,1,1.0,1,0,0,0,0,0,0,0,1,69.65,3.0,73.0,1.0,132.0,0.0,0.0,0.0,0.0,0.0,0.0,3,0,0.0,0.0,0.0,63.84,69.65,-21.89,3.0,0,2,0,1,0,0,1,0
0,0,0,0,18.0,1,0,1,0,0,0,0,0,1,75.4,0.0,0.0,0.0,365.0,0.0,0.0,0.0,0.0,0.0,0.0,1,0,0.0,0.0,0.0,111.7,76.6888888888889,-16.14,0.0,1,1,0,1,0,0,1,0
0,0,0,0,10.0,1,1,0,0,1,0,1,1,1,100.6,0.0,0.0,0.0,365.0,0.0,0.0,0.0,0.0,0.0,0.0,1,0,0.0,0.0,0.0,37.39,106.02000000000001,9.06,0.0,3,2,0,1,0,0,1,0
0,0,1,0,65.0,1,0,1,1,1,0,0,1,0,71.0,0.0,0.0,0.0,365.0,0.0,0.0,0.0,0.0,0.0,0.0,2,0,0.0,0.0,0.0,94.48,67.48,12.94,0.0,4,0,2,0,0,0,0,0
0,1,0,0,1.0,1,0,0,1,0,0,0,1,1,86.0,0.0,0.0,0.0,365.0,0.0,0.0,0.0,0.0,0.0,0.0,1,0,0.0,0.0,0.0,65.84,86.0,-5.54,0.0,2,2,0,1,0,0,1,0
0,0,0,0,53.0,1,1,1,0,1,0,1,1,1,106.95,8.0,51.0,2.0,197.0,0.0,0.0,0.0,0.0,0.0,0.0,2,2,1.0,20.1,31.81,48.53,109.16037735849056,15.41,4.0,4,1,1,1,0,1,0,0
1,0,0,0,3.0,1,0,0,0,0,0,0,0,0,21.2,10.0,253.0,1.0,263.0,0.0,0.0,0.0,0.0,0.0,0.0,1,0,0.0,0.0,0.0,115.82,17.349999999999998,0.13,10.0,0,1,1,0,1,0,0,1
1,0,1,0,33.0,1,0,1,1,0,1,0,0,1,61.05,0.0,0.0,0.0,365.0,0.0,0.0,0.0,0.0,0.0,0.0,1,0,0.0,0.0,0.0,118.98,61.163636363636364,2.99,0.0,3,0,2,0,0,0,0,1
1,0,0,0,3.0,0,0,0,1,0,0,0,0,1,29.6,0.0,0.0,0.0,365.0,0.0,0.0,0.0,0.0,0.0,0.0,3,0,0.0,0.0,0.0,65.56,26.483333333333334,-28.46,0.0,1,2,0,0,0,0,1,0
0,0,0,0,34.0,1,0,1,0,1,1,1,1,1,79.95,0.0,0.0,0.0,365.0,0.0,0.0,0.0,0.0,0.0,0.0,3,0,0.0,0.0,0.0,101.61,80.21470588235294,21.89,0.0,5,0,1,0,0,0,0,0
0,0,1,1,14.0,1,0,0,0,0,0,0,0,1,19.7,0.0,0.0,0.0,365.0,0.0,0.0,0.0,0.0,0.0,0.0,1,0,0.0,0.0,0.0,45.69,18.832142857142856,-1.37,0.0,0,0,2,0,1,0,0,1
0,0,0,0,13.0,1,0,0,0,0,0,0,0,1,20.3,0.0,0.0,0.0,365.0,0.0,0.0,0.0,0.0,0.0,0.0,2,1,0.5,7.44,14.88,65.59,21.184615384615384,-0.77,0.0,0,2,0,0,1,0,0,1
1,1,1,0,46.0,0,0,0,1,1,1,1,1,1,59.9,8.0,118.0,1.0,310.0,0.0,0.0,0.0,0.0,0.0,0.0,3,0,0.0,0.0,0.0,71.98,61.231521739130436,1.84,8.0,5,0,1,0,0,0,0,0
1,0,1,1,23.0,1,1,0,0,0,0,0,0,0,24.35,0.0,0.0,0.0,365.0,0.0,0.0,0.0,0.0,0.0,0.0,1,1,1.0,12.27,12.27,45.43,23.41304347826087,3.28,0.0,0,1,1,0,1,0,0,1
0,0,1,1,47.0,1,0,0,0,0,0,0,0,0,19.75,0.0,0.0,0.0,365.0,0.0,0.0,0.0,0.0,0.0,0.0,2,0,0.0,0.0,0.0,29.3,20.18936170212766,-1.32,0.0,0,0,2,0,1,0,0,1
1,0,0,1,17.0,1,0,1,0,0,0,0,0,1,50.3,4.0,281.0,1.0,313.0,0.0,0.0,0.0,0.0,0.0,0.0,2,0,0.0,0.0,0.0,96.23,49.811764705882354,-7.76,4.0,1,1,0,0,0,0,0,1
0,0,1,1,49.0,1,1,0,0,0,0,1,1,1,95.6,0.0,0.0,0.0,365.0,0.0,0.0,0.0,0.0,0.0,0.0,1,1,1.0,37.06,37.06,75.22,97.62244897959184,4.06,0.0,2,2,0,1,0,0,1,0
1,1,1,0,59.0,0,0,0,1,0,0,1,1,1,50.25,5.0,135.0,2.0,77.0,0.0,0.0,0.0,0.0,0.0,0.0,3,1,0.33,3.6,10.8,55.45,50.80423728813559,-7.81,2.5,3,2,0,0,0,0,1,0
0,0,0,0,69.0,1,1,1,0,1,1,1,1,1,85.35,8.0,162.0,1.0,122.0,0.0,0.0,0.0,0.0,0.0,0.0,3,0,0.0,0.0,0.0,90.45,85.4695652173913,27.29,8.0,5,0,2,0,0,1,0,0
1,0,0,0,11.0,0,0,0,0,1,0,1,0,1,41.6,0.0,0.0,0.0,365.0,0.0,0.0,0.0,0.0,0.0,0.0,3,0,0.0,0.0,0.0,90.84,42.78181818181818,-16.46,0.0,2,1,1,0,0,0,1,0
1,0,0,0,10.0,1,0,1,0,0,0,0,0,1,51.65,14.0,184.0,1.0,321.0,0.0,0.0,0.0,0.0,0.0,0.0,1,0,0.0,0.0,0.0,38.77,52.45,-6.41,14.0,1,2,0,0,0,0,0,1
1,0,1,1,12.0,1,1,0,0,0,0,0,0,1,24.0,0.0,0.0,0.0,365.0,0.0,0.0,0.0,0.0,0.0,0.0,2,0,0.0,0.0,0.0,67.96,22.47083333333333,2.93,0.0,0,0,2,0,1,0,0,0
1,0,0,0,45.0,1,1,0,1,0,0,1,1,1,100.85,0.0,0.0,0.0,365.0,0.0,0.0,0.0,0.0,0.0,0.0,2,0,0.0,0.0,0.0,68.98,105.33333333333333,9.31,0.0,3,1,0,1,0,1,0,0
0,0,1,1,39.0,1,0,0,0,1,0,1,0,1,59.85,0.0,0.0,0.0,365.0,0.0,0.0,0.0,0.0,0.0,0.0,1,0,0.0,0.0,0.0,73.55,60.03846153846154,1.79,0.0,2,1,0,0,0,0,0,1
1,1,1,0,71.0,1,1,0,0,0,0,0,0,0,25.45,0.0,0.0,0.0,365.0,0.0,0.0,0.0,0.0,0.0,0.0,1,0,0.0,0.0,0.0,70.07,25.206338028169014,4.38,0.0,0,0,2,0,1,1,0,0
1,0,1,1,71.0,1,1,0,0,0,0,0,0,0,23.9,0.0,0.0,0.0,365.0,0.0,0.0,0.0,0.0,0.0,0.0,3,0,0.0,0.0,0.0,93.87,22.907042253521126,2.83,0.0,0,0,2,0,1,1,0,0
0,0,1,1,33.0,1,1,0,0,0,0,0,0,0,24.15,5.0,181.0,1.0,27.0,0.0,0.0,0.0,0.0,0.0,0.0,3,1,0.33,2.06,6.18,74.16,24.25151515151515,3.08,5.0,0,1,1,0,1,1,0,0
1,1,0,0,67.0,1,1,0,0,0,0,0,0,1,75.7,0.0,0.0,0.0,365.0,1.0,11.8,11.8,1.0,0.0,1.0,2,0,0.0,0.0,0.0,36.96,75.53507462686568,-15.84,0.0,0,1,0,1,0,0,0,1
1,0,1,1,37.0,0,0,1,1,1,0,0,0,0,40.2,0.0,0.0,0.0,365.0,0.0,0.0,0.0,0.0,0.0,0.0,1,1,1.0,30.83,30.83,85.37,39.15675675675676,-17.86,0.0,3,2,0,0,0,0,0,0
1,0,1,1,49.0,1,1,0,0,0,0,1,0,0,84.5,2.0,186.0,1.0,322.0,0.0,0.0,0.0,0.0,0.0,0.0,1,1,1.0,24.66,24.66,87.68,86.83367346938776,-7.04,2.0,1,2,0,1,0,0,1,0
0,0,1,0,9.0,1,0,0,1,0,0,0,0,0,50.85,0.0,0.0,0.0,365.0,0.0,0.0,0.0,0.0,0.0,0.0,2,0,0.0,0.0,0.0,93.06,51.84444444444445,-7.21,0.0,1,2,0,0,0,0,0,1
1,0,1,0,52.0,1,1,1,0,1,1,0,0,1,91.6,2.0,145.0,1.0,50.0,0.0,0.0,0.0,0.0,0.0,0.0,3,2,0.67,13.2,34.33,74.55,88.99615384615385,0.06,2.0,3,1,2,1,0,1,0,0
0,0,0,0,70.0,1,1,0,1,0,0,1,1,0,98.9,0.0,0.0,0.0,365.0,0.0,0.0,0.0,0.0,0.0,0.0,3,0,0.0,0.0,0.0,54.54,97.69428571428573,7.36,0.0,3,0,1,1,0,0,1,0
1,0,0,0,1.0,1,0,0,1,0,0,0,1,1,85.0,12.0,194.5,2.0,47.0,0.0,0.0,0.0,0.0,0.0,0.0,3,1,0.33,0.73,2.2,71.48,85.0,-6.54,6.0,2,3,0,1,0,0,1,0
0,1,0,0,14.0,1,1,0,1,0,0,0,0,1,78.95,0.0,0.0,0.0,365.0,1.0,38.1,38.1,1.0,0.0,1.0,1,0,0.0,0.0,0.0,108.58,78.70357142857142,-12.59,0.0,1,1,0,1,0,0,1,0
1,0,0,0,1.0,1,0,0,0,0,0,0,0,1,44.3,0.0,0.0,0.0,365.0,0.0,0.0,0.0,0.0,0.0,0.0,2,1,0.5,22.8,45.6,87.16,44.3,-13.76,0.0,0,3,0,0,0,0,0,1
1,0,0,0,1.0,1,0,0,0,0,0,0,0,0,20.2,0.0,0.0,0.0,365.0,0.0,0.0,0.0,0.0,0.0,0.0,3,1,0.33,14.63,43.9,61.46,20.2,-0.87,0.0,0,3,0,0,1,0,0,1
0,0,0,0,52.0,1,1,0,1,0,0,0,0,1,80.2,11.0,176.66666666666666,3.0,275.0,0.0,0.0,0.0,0.0,0.0,0.0,3,1,0.33,2.27,6.81,84.24,82.64615384615385,-11.34,3.667,1,1,1,1,0,0,0,1
1,0,0,0,6.0,1,0,0,0,1,0,1,0,0,60.9,4.0,290.0,1.0,137.0,1.0,9.3,9.3,1.0,0.0,1.0,3,0,0.0,0.0,0.0,30.33,69.01666666666667,2.84,4.0,2,2,0,0,0,0,0,1
1,0,1,0,7.0,0,0,1,1,0,0,0,0,0,34.2,0.0,0.0,0.0,365.0,0.0,0.0,0.0,0.0,0.0,0.0,3,1,0.33,1.29,3.86,55.61,36.65714285714286,-23.86,0.0,2,3,0,0,0,0,0,1
0,1,0,0,47.0,1,1,0,1,1,0,0,0,1,85.2,1.0,26.0,1.0,202.0,1.0,10.7,10.7,1.0,0.0,1.0,2,1,0.5,3.3,6.61,45.28,84.45425531914893,-6.34,1.0,2,2,0,1,0,0,0,0
0,0,0,0,26.0,1,0,1,0,1,1,0,0,1,87.15,0.0,0.0,0.0,365.0,0.0,0.0,0.0,0.0,0.0,0.0,1,0,0.0,0.0,0.0,77.38,87.46538461538461,-4.39,0.0,3,0,1,1,0,1,0,0
1,0,1,1,25.0,1,0,1,0,0,1,0,0,0,54.3,0.0,0.0,0.0,365.0,0.0,0.0,0.0,0.0,0.0,0.0,3,0,0.0,0.0,0.0,78.16,51.872,-3.76,0.0,2,1,0,0,0,0,1,0
1,0,0,0,69.0,1,0,0,0,0,0,0,0,1,19.1,0.0,0.0,0.0,365.0,0.0,0.0,0.0,0.0,0.0,0.0,2,0,0.0,0.0,0.0,97.03,18.389130434782608,-1.97,0.0,0,0,2,0,1,0,0,1
0,0,0,0,72.0,1,1,1,1,1,1,1,1,1,112.75,0.0,0.0,0.0,365.0,0.0,0.0,0.0,0.0,0.0,0.0,1,0,0.0,0.0,0.0,83.91,113.78611111111111,21.21,0.0,6,0,2,1,0,1,0,0
1,0,0,0,4.0,1,0,0,0,0,0,0,0,1,19.95,0.0,0.0,0.0,365.0,0.0,0.0,0.0,0.0,0.0,0.0,3,0,0.0,0.0,0.0,85.16,14.8125,-1.12,0.0,0,2,0,0,1,0,0,1
1,0,1,1,59.0,1,0,0,0,0,0,0,0,0,19.5,0.0,0.0,0.0,365.0,0.0,0.0,0.0,0.0,0.0,0.0,2,0,0.0,0.0,0.0,65.23,19.45508474576271,-1.57,0.0,0,0,2,0,1,0,0,1
1,0,0,0,67.0,1,0,1,0,1,0,0,1,0,65.55,0.0,0.0,0.0,365.0,0.0,0.0,0.0,0.0,0.0,0.0,1,0,0.0,0.0,0.0,95.66,65.09776119402986,7.49,0.0,3,0,2,0,0,0,0,0
0,1,0,0,26.0,1,0,0,0,0,0,0,1,1,78.8,0.0,0.0,0.0,365.0,0.0,0.0,0.0,0.0,0.0,0.0,2,1,0.5,4.32,8.63,33.82,77.1576923076923,-12.74,0.0,1,2,0,1,0,0,1,0
0,0,0,0,27.0,1,0,0,1,1,1,1,1,0,78.2,8.0,35.0,1.0,267.0,1.0,33.9,33.9,1.0,0.0,1.0,2,1,0.5,17.58,35.15,82.91,76.99814814814815,20.14,8.0,5,1,1,0,0,0,0,1
1,0,1,1,72.0,1,1,1,0,1,0,1,1,0,105.25,0.0,0.0,0.0,365.0,0.0,0.0,0.0,0.0,0.0,0.0,1,1,1.0,20.99,20.99,52.65,105.69097222222223,13.71,0.0,4,1,2,1,0,0,0,0
0,0,0,0,6.0,1,0,0,0,1,1,0,1,1,89.25,2.0,125.0,1.0,337.0,0.0,0.0,0.0,0.0,0.0,0.0,3,0,0.0,0.0,0.0,33.11,81.175,-2.29,2.0,3,2,0,1,0,0,1,0
1,0,1,1,62.0,1,0,0,0,0,0,0,0,0,20.65,0.0,0.0,0.0,365.0,0.0,0.0,0.0,0.0,0.0,0.0,1,1,1.0,7.26,7.26,116.97,19.65241935483871,-0.42,0.0,0,1,2,0,1,1,0,0
1,0,0,0,20.0,1,1,0,1,0,1,1,0,1,68.7,0.0,0.0,0.0,365.0,0.0,0.0,0.0,0.0,0.0,0.0,2,0,0.0,0.0,0.0,92.15,70.81,10.64,0.0,3,0,1,0,0,0,1,0
1,0,0,0,6.0,1,0,1,0,1,1,1,1,0,78.65,5.0,235.0,1.0,240.0,1.0,114.3,114.3,1.0,0.0,1.0,2,1,0.5,2.72,5.45,39.56,80.55,20.59,5.0,5,3,0,0,0,1,0,0
1,0,0,0,51.0,1,1,0,0,0,0,0,0,0,24.75,7.0,72.0,1.0,211.0,0.0,0.0,0.0,0.0,0.0,0.0,3,1,0.33,8.32,24.97,83.99,24.2078431372549,3.68,7.0,0,1,2,0,1,0,0,1
0,0,1,1,61.0,1,0,0,0,0,0,0,0,0,20.15,2.0,282.0,1.0,347.0,0.0,0.0,0.0,0.0,0.0,0.0,2,1,0.5,9.51,19.02,70.88,21.501639344262294,-0.92,2.0,0,1,2,0,1,1,0,0
1,1,1,0,62.0,1,1,1,1,1,0,0,0,1,89.1,0.0,0.0,0.0,365.0,0.0,0.0,0.0,0.0,0.0,0.0,3,0,0.0,0.0,0.0,41.68,90.61774193548388,-2.44,0.0,3,1,0,1,0,0,1,0
0,0,0,0,72.0,1,1,1,0,0,1,0,0,1,84.7,0.0,0.0,0.0,365.0,0.0,0.0,0.0,0.0,0.0,0.0,1,0,0.0,0.0,0.0,78.21,85.9048611111111,-6.84,0.0,2,0,2,1,0,0,0,0
1,1,1,0,13.0,1,0,0,1,1,0,1,1,1,98.0,0.0,0.0,0.0,365.0,2.0,11.8,20.1,0.0,1.0,0.0,1,0,0.0,0.0,0.0,115.71,95.21923076923076,6.46,0.0,4,1,0,1,0,0,1,0
1,0,1,0,5.0,1,0,0,0,1,0,1,1,1,94.45,4.0,39.0,1.0,189.0,0.0,0.0,0.0,0.0,0.0,0.0,1,0,0.0,0.0,0.0,92.7,99.62,2.91,4.0,3,2,0,1,0,0,1,0
1,1,0,0,3.0,1,1,0,1,1,0,1,1,1,105.0,0.0,0.0,0.0,365.0,0.0,0.0,0.0,0.0,0.0,0.0,1,1,1.0,21.27,21.27,50.26,98.14999999999999,13.46,0.0,4,3,0,1,0,0,1,0
0,1,1,0,26.0,1,1,0,1,1,0,0,1,1,93.85,6.0,20.0,1.0,296.0,0.0,0.0,0.0,0.0,0.0,0.0,3,0,0.0,0.0,0.0,78.42,91.59807692307693,2.31,6.0,3,1,0,1,0,0,1,0
1,1,0,0,13.0,1,0,0,1,0,0,1,0,1,59.9,0.0,0.0,0.0,365.0,0.0,0.0,0.0,0.0,0.0,0.0,2,0,0.0,0.0,0.0,64.68,60.642307692307696,1.84,0.0,2,1,0,0,0,0,1,0
0,0,1,1,38.0,1,0,0,0,0,0,0,0,1,19.95,0.0,0.0,0.0,365.0,0.0,0.0,0.0,0.0,0.0,0.0,3,1,0.33,15.55,46.64,78.48,19.905263157894737,-1.12,0.0,0,1,2,0,1,0,0,1
0,1,1,0,8.0,1,1,0,0,0,0,0,1,1,84.0,0.0,0.0,0.0,365.0,1.0,24.6,24.6,0.0,1.0,0.0,3,0,0.0,0.0,0.0,88.86,76.675,-7.54,0.0,1,2,0,1,0,0,1,0
1,1,1,1,34.0,1,1,0,1,1,1,1,1,1,108.9,2.0,247.0,1.0,18.0,0.0,0.0,0.0,0.0,0.0,0.0,1,1,1.0,12.58,12.58,90.94,106.62352941176471,17.36,2.0,5,2,0,1,0,0,1,0
1,0,0,0,18.0,0,0,1,0,1,0,0,0,0,33.6,0.0,0.0,0.0,365.0,0.0,0.0,0.0,0.0,0.0,0.0,1,1,1.0,2.37,2.37,25.97,30.575000000000003,-24.46,0.0,2,2,0,0,0,0,0,1
1,0,1,1,56.0,1,0,0,1,1,1,0,0,1,85.85,0.0,0.0,0.0,365.0,1.0,7.5,7.5,1.0,0.0,1.0,2,0,0.0,0.0,0.0,88.9,85.60357142857143,-5.69,0.0,3,0,1,1,0,0,0,1
0,0,0,0,36.0,0,0,0,1,0,1,0,0,1,34.85,0.0,0.0,0.0,365.0,1.0,30.1,30.1,0.0,0.0,0.0,3,0,0.0,0.0,0.0,53.57,35.2,-23.21,0.0,2,1,0,0,0,0,0,0
0,0,1,0,9.0,0,0,0,0,1,0,1,1,1,48.75,0.0,0.0,0.0,365.0,1.0,18.7,18.7,1.0,0.0,1.0,2,0,0.0,0.0,0.0,59.55,49.13333333333333,-9.31,0.0,3,2,0,0,0,0,1,0
1,0,0,0,1.0,1,0,0,0,1,0,1,0,1,84.85,3.0,194.0,1.0,53.0,0.0,0.0,0.0,0.0,0.0,0.0,3,2,0.67,13.38,32.54,52.78,84.85,-6.69,3.0,2,3,0,1,0,0,1,0
1,0,0,0,12.0,1,0,1,0,0,1,0,0,0,56.65,0.0,0.0,0.0,365.0,1.0,0.7,0.7,0.0,0.0,0.0,2,0,0.0,0.0,0.0,62.68,54.57083333333333,-1.41,0.0,2,1,0,0,0,0,0,1
0,1,1,1,57.0,1,0,0,1,1,1,1,0,1,91.75,3.0,271.0,1.0,238.0,0.0,0.0,0.0,0.0,0.0,0.0,3,0,0.0,0.0,0.0,73.61,97.67456140350878,0.21,3.0,4,1,0,1,0,1,0,0
0,0,0,0,42.0,1,0,1,1,1,1,0,1,0,73.9,0.0,0.0,0.0,365.0,1.0,8.2,8.2,0.0,0.0,0.0,2,0,0.0,0.0,0.0,43.41,75.25119047619049,15.84,0.0,5,0,1,0,0,1,0,0
0,0,1,1,33.0,1,1,0,0,0,0,0,0,1,24.5,0.0,0.0,0.0,365.0,0.0,0.0,0.0,0.0,0.0,0.0,3,0,0.0,0.0,0.0,63.15,22.433333333333334,3.43,0.0,0,0,2,0,1,0,0,1
1,0,1,0,70.0,1,0,1,1,0,1,0,0,0,84.6,0.0,0.0,0.0,365.0,0.0,0.0,0.0,0.0,0.0,0.0,3,0,0.0,0.0,0.0,52.13,81.51714285714286,-6.94,0.0,3,0,2,1,0,0,0,0
0,0,0,0,68.0,0,0,0,1,0,1,0,1,0,44.95,0.0,0.0,0.0,365.0,1.0,29.7,29.7,1.0,0.0,1.0,2,2,1.0,18.18,26.07,50.34,45.37279411764706,-13.11,0.0,3,2,0,0,0,0,1,0
1,0,0,1,1.0,0,0,0,0,0,0,0,0,1,24.7,10.0,75.0,1.0,194.0,1.0,35.4,35.4,1.0,0.0,1.0,2,1,0.5,16.18,32.37,77.86,24.7,-33.36,10.0,0,3,0,0,0,0,1,0
0,0,0,0,37.0,1,1,0,0,0,1,1,1,0,100.3,16.0,230.5,2.0,30.0,0.0,0.0,0.0,0.0,0.0,0.0,3,0,0.0,0.0,0.0,82.23,95.71351351351352,8.76,8.0,3,1,0,1,0,1,0,0
0,0,0,1,4.0,1,1,0,0,0,0,0,0,1,25.45,6.0,166.0,1.0,91.0,0.0,0.0,0.0,0.0,0.0,0.0,3,0,0.0,0.0,0.0,44.84,21.05,4.38,6.0,0,2,0,0,1,0,0,1
1,0,0,0,1.0,1,0,1,0,0,0,0,0,1,50.7,0.0,0.0,0.0,365.0,0.0,0.0,0.0,0.0,0.0,0.0,3,0,0.0,0.0,0.0,66.81,50.7,-7.36,0.0,1,2,0,0,0,0,0,1
1,0,0,0,20.0,0,0,1,1,1,1,1,0,1,55.0,0.0,0.0,0.0,365.0,0.0,0.0,0.0,0.0,0.0,0.0,3,2,0.67,17.22,43.16,65.9,58.277499999999996,-3.06,0.0,5,2,0,0,0,1,0,0
1,0,1,1,64.0,1,0,1,1,0,1,1,0,0,68.4,13.0,236.0,1.0,67.0,0.0,0.0,0.0,0.0,0.0,0.0,2,1,0.5,20.43,40.86,81.3,75.86484375,10.34,13.0,4,1,2,0,0,0,0,0
0,0,0,0,31.0,1,1,0,0,1,0,0,1,1,89.9,0.0,0.0,0.0,365.0,1.0,26.1,26.1,1.0,0.0,1.0,3,0,0.0,0.0,0.0,91.71,90.54516129032258,-1.64,0.0,2,1,0,1,0,0,1,0
1,1,1,0,18.0,1,0,0,0,0,0,0,1,0,78.55,6.0,257.0,1.0,241.0,0.0,0.0,0.0,0.0,0.0,0.0,2,0,0.0,0.0,0.0,64.67,79.03611111111111,-12.99,6.0,1,1,0,1,0,0,1,0
1,0,1,0,11.0,1,0,0,0,0,0,1,0,1,55.05,4.0,132.0,1.0,180.0,0.0,0.0,0.0,0.0,0.0,0.0,3,0,0.0,0.0,0.0,87.02,55.28636363636363,-3.01,4.0,1,2,0,0,0,0,0,0
0,0,1,1,33.0,1,0,0,0,0,0,0,0,0,19.8,0.0,0.0,0.0,365.0,0.0,0.0,0.0,0.0,0.0,0.0,2,0,0.0,0.0,0.0,91.71,19.434848484848487,-1.27,0.0,0,0,2,0,1,1,0,0
0,1,0,0,62.0,1,1,0,0,0,0,1,0,0,91.75,4.0,77.0,1.0,344.0,0.0,0.0,0.0,0.0,0.0,0.0,3,0,0.0,0.0,0.0,55.49,79.98629032258064,0.21,4.0,1,0,1,1,0,0,1,0
0,0,0,0,1.0,0,0,0,0,1,1,0,0,0,56.15,13.0,141.0,2.0,207.0,0.0,0.0,0.0,0.0,0.0,0.0,1,0,0.0,0.0,0.0,106.16,35.9,-1.91,6.5,2,2,0,0,0,0,0,1
1,0,1,0,16.0,1,0,1,1,0,0,0,0,0,80.75,0.0,0.0,0.0,365.0,0.0,0.0,0.0,0.0,0.0,0.0,3,0,0.0,0.0,0.0,89.29,82.58125,-10.79,0.0,2,1,0,1,0,0,0,0
1,0,1,1,22.0,1,1,0,0,1,1,1,1,1,78.65,4.0,203.5,2.0,84.0,0.0,0.0,0.0,0.0,0.0,0.0,2,1,0.5,3.56,7.13,60.74,75.625,20.59,2.0,4,1,1,0,0,0,0,1
0,0,1,1,49.0,1,0,1,0,1,1,0,0,0,61.75,0.0,0.0,0.0,365.0,0.0,0.0,0.0,0.0,0.0,0.0,1,0,0.0,0.0,0.0,21.1,61.71734693877551,3.69,0.0,3,1,0,0,0,0,0,0
1,0,1,1,36.0,1,0,1,0,1,0,0,1,1,63.7,0.0,0.0,0.0,365.0,0.0,0.0,0.0,0.0,0.0,0.0,1,0,0.0,0.0,0.0,119.31,60.791666666666664,5.64,0.0,3,0,1,0,0,1,0,0
1,0,1,0,42.0,1,1,0,1,1,1,0,1,1,99.45,0.0,0.0,0.0,365.0,1.0,5.4,5.4,1.0,0.0,1.0,2,0,0.0,0.0,0.0,70.41,98.525,7.91,0.0,4,1,0,1,0,0,1,0
1,1,0,0,4.0,0,0,0,0,0,0,0,0,1,25.2,0.0,0.0,0.0,365.0,0.0,0.0,0.0,0.0,0.0,0.0,1,0,0.0,0.0,0.0,53.6,25.625,-32.86,0.0,0,2,0,0,0,0,0,0
0,0,0,0,12.0,1,1,0,0,0,1,1,1,0,74.05,0.0,0.0,0.0,365.0,0.0,0.0,0.0,0.0,0.0,0.0,2,0,0.0,0.0,0.0,58.6,72.72083333333333,15.99,0.0,3,0,1,0,0,0,0,1
0,0,0,0,31.0,1,0,1,0,1,1,0,0,0,87.6,0.0,0.0,0.0,365.0,0.0,0.0,0.0,0.0,0.0,0.0,3,0,0.0,0.0,0.0,52.21,87.87903225806451,-3.94,0.0,3,1,0,1,0,0,1,0
1,0,1,0,5.0,1,1,1,0,0,0,0,1,1,89.15,7.0,82.5,2.0,52.0,0.0,0.0,0.0,0.0,0.0,0.0,3,0,0.0,0.0,0.0,63.81,82.65,-2.39,3.5,2,2,0,1,0,0,1,0
1,0,1,1,66.0,1,0,0,0,0,0,0,0,0,20.0,0.0,0.0,0.0,365.0,0.0,0.0,0.0,0.0,0.0,0.0,2,0,0.0,0.0,0.0,86.0,20.82121212121212,-1.07,0.0,0,0,2,0,1,1,0,0
0,1,0,0,12.0,1,1,0,0,0,1,0,0,0,55.0,0.0,0.0,0.0,365.0,0.0,0.0,0.0,0.0,0.0,0.0,2,0,0.0,0.0,0.0,30.52,63.09166666666667,-3.06,0.0,1,1,0,0,0,1,0,0
1,0,0,0,64.0,1,1,0,1,1,0,1,1,1,104.4,8.0,96.0,1.0,30.0,0.0,0.0,0.0,0.0,0.0,0.0,3,0,0.0,0.0,0.0,87.08,104.57265625,12.86,8.0,4,0,2,1,0,0,0,0
1,0,1,1,10.0,1,0,0,0,0,0,0,0,1,20.05,0.0,0.0,0.0,365.0,1.0,5.7,5.7,0.0,1.0,0.0,3,1,0.33,12.77,38.3,87.74,21.85,-1.02,0.0,0,3,0,0,1,1,0,0
1,0,1,1,7.0,1,0,0,1,0,1,1,0,1,89.75,0.0,0.0,0.0,365.0,0.0,0.0,0.0,0.0,0.0,0.0,3,0,0.0,0.0,0.0,90.56,86.97142857142856,-1.79,0.0,3,2,0,1,0,0,1,0
1,0,0,0,29.0,0,0,0,1,0,1,0,0,0,34.3,0.0,0.0,0.0,365.0,0.0,0.0,0.0,0.0,0.0,0.0,2,0,0.0,0.0,0.0,65.12,34.64655172413793,-23.76,0.0,2,1,0,0,0,0,1,0
1,0,0,0,57.0,1,0,0,0,0,0,0,0,0,20.65,0.0,0.0,0.0,365.0,0.0,0.0,0.0,0.0,0.0,0.0,3,0,0.0,0.0,0.0,65.33,19.74736842105263,-0.42,0.0,0,0,2,0,1,0,0,0
0,0,0,0,46.0,1,1,1,1,0,0,0,0,0,84.25,0.0,0.0,0.0,365.0,0.0,0.0,0.0,0.0,0.0,0.0,1,0,0.0,0.0,0.0,92.33,83.64347826086956,-7.29,0.0,2,1,0,1,0,0,0,1
1,0,0,0,64.0,1,0,0,0,0,0,0,0,0,19.65,0.0,0.0,0.0,365.0,0.0,0.0,0.0,0.0,0.0,0.0,3,0,0.0,0.0,0.0,56.16,15.28125,-1.42,0.0,0,0,2,0,1,0,0,0
0,0,0,0,17.0,1,0,1,1,0,1,1,1,0,79.85,0.0,0.0,0.0,365.0,0.0,0.0,0.0,0.0,0.0,0.0,3,1,0.33,4.32,12.96,69.38,81.60882352941177,21.79,0.0,5,1,1,0,0,1,0,0
0,0,1,1,38.0,1,0,0,0,0,0,0,0,1,20.2,5.0,21.0,1.0,261.0,0.0,0.0,0.0,0.0,0.0,0.0,2,1,0.5,5.89,11.78,66.13,19.632894736842104,-0.87,5.0,0,1,2,0,1,0,0,1
1,0,0,0,15.0,1,0,0,0,0,0,0,0,0,19.8,0.0,0.0,0.0,365.0,0.0,0.0,0.0,0.0,0.0,0.0,1,0,0.0,0.0,0.0,97.19,20.30666666666667,-1.27,0.0,0,0,1,0,1,0,0,1
0,0,0,0,22.0,0,0,0,1,0,0,1,1,1,50.35,0.0,0.0,0.0,365.0,0.0,0.0,0.0,0.0,0.0,0.0,3,0,0.0,0.0,0.0,63.15,49.94772727272727,-7.71,0.0,3,1,0,0,0,0,1,0
1,0,1,0,14.0,1,1,0,0,0,0,0,1,1,85.15,0.0,0.0,0.0,365.0,0.0,0.0,0.0,0.0,0.0,0.0,2,0,0.0,0.0,0.0,76.6,81.37142857142858,-6.39,0.0,1,1,0,1,0,0,1,0
0,0,1,0,57.0,1,1,0,1,1,1,1,0,0,74.6,0.0,0.0,0.0,365.0,0.0,0.0,0.0,0.0,0.0,0.0,1,0,0.0,0.0,0.0,37.31,76.64824561403509,16.54,0.0,4,0,1,0,0,0,0,0
1,1,0,0,11.0,1,0,0,0,0,0,0,1,1,79.15,0.0,0.0,0.0,365.0,0.0,0.0,0.0,0.0,0.0,0.0,2,0,0.0,0.0,0.0,59.84,75.24545454545455,-12.39,0.0,1,2,0,1,0,1,0,0
0,0,1,1,1.0,1,0,0,0,0,0,0,0,0,20.35,0.0,0.0,0.0,365.0,1.0,0.2,0.2,1.0,0.0,1.0,3,1,0.33,3.24,9.71,65.78,20.35,-0.72,0.0,0,2,2,0,1,0,0,1
1,0,1,1,12.0,1,0,0,0,0,0,0,0,0,21.05,6.0,84.5,2.0,196.0,0.0,0.0,0.0,0.0,0.0,0.0,2,2,1.0,7.72,7.94,57.18,21.837500000000002,-0.02,3.0,0,1,2,0,1,0,0,0
1,1,1,0,3.0,1,1,0,0,0,0,1,1,1,94.6,0.0,0.0,0.0,365.0,0.0,0.0,0.0,0.0,0.0,0.0,2,1,0.5,3.5,7.0,76.8,93.18333333333334,3.06,0.0,2,3,0,1,0,0,1,0
1,0,0,1,36.0,1,0,0,1,0,0,1,1,1,94.7,2.0,293.0,1.0,269.0,0.0,0.0,0.0,0.0,0.0,0.0,1,0,0.0,0.0,0.0,35.64,97.56944444444444,3.16,2.0,3,1,0,1,0,0,1,0
1,0,0,0,16.0,1,0,1,0,0,0,1,1,1,94.25,0.0,0.0,0.0,365.0,1.0,22.2,22.2,1.0,0.0,1.0,2,0,0.0,0.0,0.0,64.01,92.703125,2.71,0.0,3,1,0,1,0,0,1,0
1,0,1,1,65.0,1,1,1,1,1,0,0,1,0,72.45,9.0,82.0,2.0,116.0,0.0,0.0,0.0,0.0,0.0,0.0,1,1,1.0,15.32,15.32,45.57,71.59769230769231,14.39,4.5,4,1,1,0,0,1,0,0
1,0,0,0,2.0,1,0,0,1,0,0,0,0,0,74.95,0.0,0.0,0.0,365.0,0.0,0.0,0.0,0.0,0.0,0.0,2,0,0.0,0.0,0.0,55.89,75.875,-16.59,0.0,1,2,0,1,0,0,1,0
0,0,0,0,42.0,1,1,1,0,1,0,1,1,1,105.2,0.0,0.0,0.0,365.0,0.0,0.0,0.0,0.0,0.0,0.0,3,0,0.0,0.0,0.0,62.54,104.7797619047619,13.66,0.0,4,1,0,1,0,0,1,0
1,0,1,1,72.0,1,0,1,1,1,1,1,1,0,111.95,7.0,96.0,1.0,194.0,0.0,0.0,0.0,0.0,0.0,0.0,2,0,0.0,0.0,0.0,51.14,111.57083333333334,20.41,7.0,6,0,2,1,0,0,0,0
1,0,0,0,62.0,1,0,0,0,0,0,0,0,0,19.85,3.0,199.0,1.0,226.0,0.0,0.0,0.0,0.0,0.0,0.0,2,0,0.0,0.0,0.0,63.62,20.220161290322583,-1.22,3.0,0,0,2,0,1,0,0,0
0,0,0,0,6.0,1,1,0,1,0,0,1,0,1,89.75,4.0,270.0,1.0,139.0,1.0,51.6,51.6,1.0,0.0,1.0,2,2,1.0,13.65,17.9,47.16,92.10833333333333,-1.79,4.0,2,3,0,1,0,0,1,0
1,0,1,0,48.0,1,0,0,0,0,0,0,0,1,20.05,6.0,278.0,1.0,342.0,0.0,0.0,0.0,0.0,0.0,0.0,3,0,0.0,0.0,0.0,73.73,21.583333333333332,-1.02,6.0,0,0,2,0,1,0,0,1
1,0,0,0,35.0,1,1,1,0,1,1,1,1,1,108.95,5.0,79.0,1.0,323.0,1.0,13.5,13.5,1.0,0.0,1.0,2,1,0.5,12.82,25.65,82.08,115.01428571428572,17.41,5.0,5,1,2,1,0,0,1,0
1,0,0,1,52.0,1,0,0,0,0,0,0,0,0,19.65,0.0,0.0,0.0,365.0,0.0,0.0,0.0,0.0,0.0,0.0,3,0,0.0,0.0,0.0,81.81,17.853846153846153,-1.42,0.0,0,0,1,0,1,1,0,0
0,0,0,0,1.0,0,0,0,0,0,0,0,0,1,24.9,0.0,0.0,0.0,365.0,0.0,0.0,0.0,0.0,0.0,0.0,3,0,0.0,0.0,0.0,78.06,24.9,-33.16,0.0,0,2,0,0,0,0,0,1
1,0,1,0,6.0,1,1,0,0,0,0,1,0,1,82.85,0.0,0.0,0.0,365.0,0.0,0.0,0.0,0.0,0.0,0.0,2,0,0.0,0.0,0.0,71.62,76.70833333333333,-8.69,0.0,1,2,0,1,0,0,1,0
0,0,1,0,64.0,1,1,1,1,1,1,1,1,0,93.2,2.0,81.0,1.0,329.0,0.0,0.0,0.0,0.0,0.0,0.0,3,1,0.33,2.62,7.87,93.54,101.65859375,35.14,2.0,6,1,2,0,0,1,0,0
0,0,1,1,67.0,1,0,1,1,1,0,0,0,0,84.8,8.0,64.0,1.0,247.0,0.0,0.0,0.0,0.0,0.0,0.0,1,1,1.0,2.2,2.2,31.35,83.55671641791045,-6.74,8.0,3,1,1,1,0,0,0,0
1,1,0,0,60.0,1,1,1,1,0,0,0,1,1,71.75,0.0,0.0,0.0,365.0,0.0,0.0,0.0,0.0,0.0,0.0,2,0,0.0,0.0,0.0,87.94,72.90916666666666,13.69,0.0,3,0,1,0,0,0,1,0
1,0,1,1,12.0,0,0,0,0,0,1,0,0,1,30.35,0.0,0.0,0.0,365.0,0.0,0.0,0.0,0.0,0.0,0.0,2,0,0.0,0.0,0.0,77.53,56.5625,-27.71,0.0,1,1,0,0,0,0,0,0
1,0,0,1,39.0,0,0,0,0,1,1,1,1,0,54.85,0.0,0.0,0.0,365.0,0.0,0.0,0.0,0.0,0.0,0.0,1,0,0.0,0.0,0.0,114.61,56.197435897435895,-3.21,0.0,4,0,1,0,0,0,0,0
1,0,1,1,15.0,1,0,0,0,0,0,0,0,1,19.5,0.0,0.0,0.0,365.0,1.0,16.7,16.7,0.0,1.0,0.0,3,1,0.33,3.49,10.46,65.6,15.983333333333333,-1.57,0.0,0,1,1,0,1,0,0,1
1,1,1,0,53.0,1,1,0,1,1,0,1,1,1,103.85,4.0,163.0,1.0,221.0,0.0,0.0,0.0,0.0,0.0,0.0,3,0,0.0,0.0,0.0,45.57,103.5,12.31,4.0,4,1,0,1,0,0,1,0
1,0,1,1,64.0,1,1,0,0,0,0,0,0,0,24.2,6.0,247.0,1.0,172.0,0.0,0.0,0.0,0.0,0.0,0.0,2,0,0.0,0.0,0.0,110.28,9.51640625,3.13,6.0,0,0,2,0,1,0,0,1
0,0,1,1,37.0,1,0,0,0,0,0,0,0,0,19.35,0.0,0.0,0.0,365.0,0.0,0.0,0.0,0.0,0.0,0.0,2,1,0.5,9.8,19.59,78.84,18.47972972972973,-1.72,0.0,0,2,0,0,1,0,1,0
0,0,1,1,5.0,1,0,0,1,0,0,0,1,1,83.6,0.0,0.0,0.0,365.0,0.0,0.0,0.0,0.0,0.0,0.0,3,1,0.33,2.94,8.81,48.77,80.84,-7.94,0.0,2,3,0,1,0,0,1,0
0,1,1,0,50.0,1,1,0,0,0,1,1,1,1,100.65,0.0,0.0,0.0,365.0,0.0,0.0,0.0,0.0,0.0,0.0,1,0,0.0,0.0,0.0,66.85,103.795,9.11,0.0,3,0,1,1,0,0,1,0
0,0,0,0,54.0,1,0,0,0,1,0,1,1,1,94.1,0.0,0.0,0.0,365.0,0.0,0.0,0.0,0.0,0.0,0.0,2,0,0.0,0.0,0.0,114.75,93.72037037037036,2.56,0.0,3,0,1,1,0,1,0,0
0,0,0,0,3.0,1,0,1,0,0,0,0,0,1,74.55,0.0,0.0,0.0,365.0,0.0,0.0,0.0,0.0,0.0,0.0,2,0,0.0,0.0,0.0,72.36,77.88333333333334,-16.99,0.0,1,2,0,1,0,0,1,0
1,0,0,0,68.0,1,1,0,1,1,1,1,1,0,108.45,0.0,0.0,0.0,365.0,0.0,0.0,0.0,0.0,0.0,0.0,3,0,0.0,0.0,0.0,56.9,105.53750000000001,16.91,0.0,5,0,1,1,0,0,1,0
1,0,0,0,5.0,1,0,0,0,1,1,0,0,0,56.15,0.0,0.0,0.0,365.0,0.0,0.0,0.0,0.0,0.0,0.0,3,1,0.33,4.6,13.81,60.78,58.29,-1.91,0.0,2,3,0,0,0,0,1,0
1,0,0,0,33.0,1,0,0,0,0,0,0,0,0,20.35,8.0,166.5,2.0,84.0,0.0,0.0,0.0,0.0,0.0,0.0,2,1,0.5,18.24,36.48,91.14,20.901515151515152,-0.72,4.0,0,1,2,0,1,0,0,1
0,0,0,0,41.0,1,1,0,1,1,0,1,1,1,80.55,6.0,145.0,1.0,161.0,0.0,0.0,0.0,0.0,0.0,0.0,2,0,0.0,0.0,0.0,34.56,79.60731707317073,22.49,6.0,4,0,1,0,0,0,1,0
0,0,1,1,34.0,0,0,1,0,1,1,1,1,0,61.25,6.0,224.0,1.0,339.0,0.0,0.0,0.0,0.0,0.0,0.0,1,0,0.0,0.0,0.0,52.54,58.62352941176471,3.19,6.0,5,0,1,0,0,0,0,1
0,0,1,1,13.0,1,0,0,0,0,0,0,0,1,20.45,4.0,93.0,1.0,290.0,0.0,0.0,0.0,0.0,0.0,0.0,3,0,0.0,0.0,0.0,52.06,19.576923076923077,-0.62,4.0,0,1,0,0,1,0,0,1
0,0,0,0,20.0,1,0,0,0,0,0,0,0,1,18.9,0.0,0.0,0.0,365.0,0.0,0.0,0.0,0.0,0.0,0.0,3,0,0.0,0.0,0.0,104.66,17.3825,-2.17,0.0,0,1,0,0,1,1,0,0
0,1,0,0,51.0,1,0,0,0,0,0,0,0,0,19.6,0.0,0.0,0.0,365.0,0.0,0.0,0.0,0.0,0.0,0.0,3,0,0.0,0.0,0.0,57.44,18.978431372549018,-1.47,0.0,0,0,2,0,1,1,0,0
0,0,1,0,3.0,1,1,0,1,0,0,0,1,1,91.5,0.0,0.0,0.0,365.0,1.0,28.8,28.8,0.0,1.0,0.0,2,0,0.0,0.0,0.0,60.14,80.98333333333333,-0.04,0.0,2,2,0,1,0,1,0,0
0,0,0,1,41.0,1,0,0,0,0,0,0,0,0,45.2,4.0,177.0,1.0,28.0,0.0,0.0,0.0,0.0,0.0,0.0,1,0,0.0,0.0,0.0,99.13,44.924390243902444,-12.86,4.0,0,1,0,0,0,0,0,0
0,0,0,0,12.0,1,0,0,0,0,0,0,0,0,19.45,13.0,256.5,2.0,266.0,1.0,8.9,8.9,1.0,0.0,1.0,1,0,0.0,0.0,0.0,85.01,19.341666666666665,-1.62,6.5,0,1,0,0,1,1,0,0
1,0,1,1,35.0,1,1,0,0,0,0,0,0,0,25.45,5.0,5.0,1.0,361.0,1.0,26.4,26.4,0.0,0.0,0.0,3,1,0.33,9.39,28.18,77.56,23.12142857142857,4.38,5.0,0,1,2,0,1,0,0,0
1,0,1,0,12.0,1,0,1,0,0,1,0,0,0,80.85,5.0,51.0,1.0,140.0,0.0,0.0,0.0,0.0,0.0,0.0,2,0,0.0,0.0,0.0,87.9,72.20416666666667,-10.69,5.0,2,1,0,1,0,0,0,0
1,0,0,0,4.0,1,0,1,1,0,1,0,1,1,94.9,0.0,0.0,0.0,365.0,0.0,0.0,0.0,0.0,0.0,0.0,2,0,0.0,0.0,0.0,36.53,90.1375,3.36,0.0,4,2,0,1,0,0,0,1
0,0,0,0,43.0,0,0,0,0,1,0,1,1,1,49.05,0.0,0.0,0.0,365.0,1.0,10.3,10.3,0.0,0.0,0.0,2,0,0.0,0.0,0.0,51.21,48.283720930232555,-9.01,0.0,3,1,0,0,0,0,0,0
0,1,1,1,12.0,0,0,0,0,0,1,0,0,1,29.3,0.0,0.0,0.0,365.0,1.0,13.3,13.3,1.0,0.0,1.0,1,1,1.0,27.1,27.1,100.47,29.65833333333333,-28.76,0.0,1,2,0,0,0,0,0,1
1,1,1,0,68.0,1,1,0,1,1,0,1,1,1,105.3,0.0,0.0,0.0,365.0,0.0,0.0,0.0,0.0,0.0,0.0,2,1,0.5,2.68,5.35,63.61,107.34779411764706,13.76,0.0,4,2,0,1,0,0,1,0
1,1,0,0,25.0,1,1,0,1,0,0,1,0,1,88.95,0.0,127.0,1.0,365.0,0.0,0.0,0.0,0.0,0.0,0.0,1,0,0.0,0.0,0.0,44.79,91.648,-2.59,0.0,2,1,0,1,0,0,1,0
0,0,0,0,7.0,1,0,0,0,0,0,0,0,0,20.25,5.0,221.0,1.0,278.0,0.0,0.0,0.0,0.0,0.0,0.0,2,0,0.0,0.0,0.0,71.91,18.45,-0.82,5.0,0,1,1,0,1,0,0,1
1,1,1,0,44.0,1,1,0,1,1,1,1,1,1,110.85,0.0,0.0,0.0,365.0,0.0,0.0,0.0,0.0,0.0,0.0,3,1,0.33,7.51,22.52,88.84,170.26704545454547,19.31,0.0,5,1,1,1,0,0,1,0
0,0,1,0,53.0,1,0,1,1,1,1,1,1,0,110.5,0.0,0.0,0.0,365.0,0.0,0.0,0.0,0.0,0.0,0.0,1,0,0.0,0.0,0.0,43.78,110.10377358490567,18.96,0.0,6,0,1,1,0,0,1,0
1,1,0,0,63.0,1,1,1,1,1,0,1,1,1,109.4,5.0,224.0,1.0,121.0,0.0,0.0,0.0,0.0,0.0,0.0,2,1,0.5,13.68,27.37,42.2,111.61031746031746,17.86,5.0,5,2,0,1,0,0,0,0
0,0,1,1,70.0,1,1,1,1,1,1,1,1,1,114.2,11.0,213.0,1.0,156.0,0.0,0.0,0.0,0.0,0.0,0.0,1,0,0.0,0.0,0.0,115.72,110.34142857142857,22.66,11.0,6,0,2,1,0,0,0,0
1,1,1,0,27.0,0,0,0,0,0,0,0,1,0,56.15,12.0,79.0,1.0,62.0,1.0,7.2,7.2,1.0,0.0,1.0,2,1,0.5,15.02,30.03,72.15,38.22222222222222,-1.91,12.0,1,2,0,0,0,0,0,0
0,0,0,0,1.0,1,0,0,0,0,0,0,0,0,70.75,8.0,43.0,1.0,55.0,0.0,0.0,0.0,0.0,0.0,0.0,2,0,0.0,0.0,0.0,44.98,70.75,-20.79,8.0,0,2,0,1,0,0,0,1
0,0,0,0,5.0,1,0,0,0,0,0,0,0,0,19.95,0.0,0.0,0.0,365.0,0.0,0.0,0.0,0.0,0.0,0.0,3,0,0.0,0.0,0.0,25.21,21.919999999999998,-1.12,0.0,0,2,0,0,1,0,0,1
0,1,1,0,37.0,1,0,0,0,0,0,0,0,0,19.6,0.0,0.0,0.0,365.0,0.0,0.0,0.0,0.0,0.0,0.0,1,0,0.0,0.0,0.0,101.04,19.67027027027027,-1.47,0.0,0,0,1,0,1,0,0,1
1,0,0,0,3.0,0,0,0,0,1,0,1,0,1,40.15,0.0,0.0,0.0,365.0,1.0,94.2,94.2,0.0,1.0,0.0,3,0,0.0,0.0,0.0,74.38,43.583333333333336,-17.91,0.0,2,2,0,0,0,0,0,1
0,0,0,1,12.0,1,1,0,0,0,0,0,0,1,76.6,10.0,20.0,1.0,361.0,0.0,0.0,0.0,0.0,0.0,0.0,2,0,0.0,0.0,0.0,85.75,74.41666666666667,-14.94,10.0,0,1,0,1,0,0,1,0
0,0,1,1,38.0,1,0,0,0,0,0,0,0,0,19.6,0.0,0.0,0.0,365.0,0.0,0.0,0.0,0.0,0.0,0.0,1,0,0.0,0.0,0.0,46.02,20.08157894736842,-1.47,0.0,0,0,1,0,1,1,0,0
0,0,0,0,9.0,1,0,0,0,1,0,0,1,1,91.75,0.0,0.0,0.0,365.0,1.0,9.0,9.0,0.0,0.0,0.0,2,0,0.0,0.0,0.0,58.66,86.82222222222222,0.21,0.0,2,2,0,1,0,1,0,0
1,0,1,0,13.0,1,1,1,0,0,0,0,1,1,65.85,7.0,200.0,1.0,118.0,1.0,5.7,5.7,0.0,0.0,0.0,3,0,0.0,0.0,0.0,66.76,69.40384615384616,7.79,7.0,2,1,0,0,0,0,1,0
1,1,1,0,29.0,1,1,0,0,0,0,1,1,1,94.45,5.0,293.0,1.0,280.0,0.0,0.0,0.0,0.0,0.0,0.0,2,0,0.0,0.0,0.0,98.4,91.5051724137931,2.91,5.0,2,1,0,1,0,0,1,0
0,0,1,1,47.0,1,0,0,0,0,0,0,0,0,20.05,0.0,0.0,0.0,365.0,0.0,0.0,0.0,0.0,0.0,0.0,3,0,0.0,0.0,0.0,78.86,21.631914893617022,-1.02,0.0,0,0,2,0,1,1,0,0
1,0,1,0,61.0,1,1,1,0,1,1,1,0,0,99.4,0.0,0.0,0.0,365.0,0.0,0.0,0.0,0.0,0.0,0.0,1,0,0.0,0.0,0.0,70.52,97.43688524590164,7.86,0.0,4,1,0,1,0,0,0,0
1,0,0,0,16.0,1,0,0,0,0,0,0,0,0,20.0,0.0,0.0,0.0,365.0,0.0,0.0,0.0,0.0,0.0,0.0,1,1,1.0,41.33,41.33,95.11,17.23125,-1.07,0.0,0,2,0,0,1,0,0,1
0,0,1,1,41.0,1,0,1,1,0,1,1,1,0,78.45,5.0,101.0,1.0,226.0,0.0,0.0,0.0,0.0,0.0,0.0,2,0,0.0,0.0,0.0,54.48,76.25487804878048,20.39,5.0,5,0,2,0,0,0,1,0
0,0,0,1,43.0,1,1,0,0,0,0,0,0,1,25.1,0.0,0.0,0.0,365.0,0.0,0.0,0.0,0.0,0.0,0.0,2,0,0.0,0.0,0.0,92.64,24.887209302325584,4.03,0.0,0,0,2,0,1,0,1,0
0,0,1,1,36.0,1,1,0,1,1,0,1,0,1,97.35,0.0,0.0,0.0,365.0,0.0,0.0,0.0,0.0,0.0,0.0,3,1,0.33,10.35,31.04,100.33,96.05277777777778,5.81,0.0,3,2,0,1,0,0,0,0
0,0,0,0,6.0,1,0,0,0,0,0,0,1,1,55.0,0.0,0.0,0.0,365.0,1.0,32.3,32.3,0.0,1.0,0.0,1,0,0.0,0.0,0.0,116.54,56.73333333333333,-3.06,0.0,1,2,0,0,0,0,1,0
0,0,0,0,58.0,1,1,1,1,1,1,0,0,1,71.1,0.0,0.0,0.0,365.0,0.0,0.0,0.0,0.0,0.0,0.0,2,0,0.0,0.0,0.0,104.7,74.12413793103448,13.04,0.0,4,0,1,0,0,1,0,0
1,0,0,0,12.0,1,0,0,0,0,1,1,0,1,61.55,0.0,0.0,0.0,365.0,0.0,0.0,0.0,0.0,0.0,0.0,1,0,0.0,0.0,0.0,58.86,91.10000000000001,3.49,0.0,2,1,0,0,0,1,0,0
1,0,1,0,11.0,1,0,0,0,0,0,0,0,1,45.9,5.0,62.0,1.0,259.0,0.0,0.0,0.0,0.0,0.0,0.0,3,0,0.0,0.0,0.0,95.81,47.445454545454545,-12.16,5.0,0,2,0,0,0,0,0,0
0,0,0,0,44.0,0,0,1,1,0,1,0,0,1,40.3,0.0,0.0,0.0,365.0,0.0,0.0,0.0,0.0,0.0,0.0,2,0,0.0,0.0,0.0,70.68,37.054545454545455,-17.76,0.0,3,0,1,0,0,0,0,0
0,1,0,0,8.0,1,0,0,1,0,0,1,0,1,87.1,1.0,134.0,1.0,6.0,0.0,0.0,0.0,0.0,0.0,0.0,1,0,0.0,0.0,0.0,28.88,89.2,-4.44,1.0,2,2,0,1,0,0,1,0
0,0,0,1,26.0,1,1,0,0,0,0,0,0,1,49.5,0.0,0.0,0.0,365.0,0.0,0.0,0.0,0.0,0.0,0.0,2,0,0.0,0.0,0.0,51.23,48.67884615384616,-8.56,0.0,0,1,0,0,0,0,0,1
0,1,0,0,53.0,1,0,0,1,0,0,0,0,1,73.8,0.0,0.0,0.0,365.0,1.0,28.4,28.4,1.0,0.0,1.0,1,0,0.0,0.0,0.0,92.71,75.5443396226415,-17.74,0.0,1,1,0,1,0,1,0,0
0,0,1,1,70.0,1,0,0,0,0,0,0,0,1,19.2,10.0,83.0,1.0,192.0,0.0,0.0,0.0,0.0,0.0,0.0,1,1,1.0,10.88,10.88,104.01,20.02,-1.87,10.0,0,1,2,0,1,0,0,1
1,0,0,0,1.0,0,0,0,0,0,0,1,1,1,45.3,0.0,0.0,0.0,365.0,1.0,4.7,4.7,0.0,0.0,0.0,2,1,0.5,4.84,9.67,63.52,45.3,-12.76,0.0,2,3,0,0,0,0,0,1
1,0,0,0,59.0,1,1,0,0,0,0,0,0,0,25.0,0.0,0.0,0.0,365.0,1.0,3.6,3.6,0.0,1.0,0.0,3,0,0.0,0.0,0.0,83.48,25.60169491525424,3.93,0.0,0,0,2,0,1,0,0,1
1,0,0,0,2.0,1,0,0,0,1,0,1,1,0,94.95,7.0,124.0,1.0,75.0,0.0,0.0,0.0,0.0,0.0,0.0,1,0,0.0,0.0,0.0,75.59,89.05,3.41,7.0,3,2,0,1,0,0,1,0
1,0,0,0,7.0,0,0,1,0,1,0,0,0,0,35.3,0.0,0.0,0.0,365.0,0.0,0.0,0.0,0.0,0.0,0.0,2,0,0.0,0.0,0.0,102.96,37.82857142857143,-22.76,0.0,2,1,1,0,0,0,0,1
0,0,0,1,12.0,1,0,0,0,0,0,0,0,1,44.55,0.0,0.0,0.0,365.0,1.0,4.7,4.7,1.0,0.0,1.0,1,0,0.0,0.0,0.0,65.26,40.050000000000004,-13.51,0.0,0,1,0,0,0,0,1,0
1,0,1,1,59.0,1,0,0,1,1,1,1,1,0,76.75,0.0,0.0,0.0,365.0,0.0,0.0,0.0,0.0,0.0,0.0,1,1,1.0,35.89,35.89,107.46,76.98135593220339,18.69,0.0,5,1,1,0,0,1,0,0
1,0,1,1,61.0,1,1,0,0,1,1,1,1,1,81.0,0.0,0.0,0.0,365.0,1.0,17.1,17.1,0.0,1.0,0.0,1,0,0.0,0.0,0.0,85.96,81.57622950819672,22.94,0.0,4,0,2,0,0,0,0,0
1,0,1,1,72.0,1,1,1,0,1,0,1,1,1,105.55,3.0,267.0,1.0,247.0,0.0,0.0,0.0,0.0,0.0,0.0,3,1,0.33,7.47,22.42,65.59,104.75347222222223,14.01,3.0,4,1,2,1,0,0,0,0
0,0,1,1,13.0,1,0,0,0,0,0,0,0,0,20.15,0.0,0.0,0.0,365.0,0.0,0.0,0.0,0.0,0.0,0.0,2,0,0.0,0.0,0.0,109.24,19.326923076923077,-0.92,0.0,0,1,0,0,1,0,0,1
0,0,1,1,64.0,1,1,0,0,0,0,0,0,0,24.9,4.0,49.0,1.0,74.0,0.0,0.0,0.0,0.0,0.0,0.0,2,0,0.0,0.0,0.0,99.32,24.9296875,3.83,4.0,0,0,1,0,1,0,0,1
1,0,1,0,1.0,0,0,0,0,0,0,0,0,1,23.45,4.0,56.0,1.0,314.0,0.0,0.0,0.0,0.0,0.0,0.0,2,0,0.0,0.0,0.0,76.54,23.45,-34.61,4.0,0,2,0,0,0,0,1,0
0,0,0,0,10.0,1,0,0,1,0,1,0,1,0,64.9,0.0,0.0,0.0,365.0,1.0,11.7,11.7,0.0,1.0,0.0,1,0,0.0,0.0,0.0,71.64,68.55499999999999,6.84,0.0,3,1,1,0,0,0,0,1
0,0,1,1,44.0,1,0,1,1,1,0,0,0,0,61.35,0.0,0.0,0.0,365.0,0.0,0.0,0.0,0.0,0.0,0.0,3,0,0.0,0.0,0.0,74.66,88.04772727272727,3.29,0.0,3,0,1,0,0,0,0,0
0,0,1,0,62.0,1,1,1,1,1,1,1,1,0,113.95,6.0,134.0,1.0,244.0,0.0,0.0,0.0,0.0,0.0,0.0,1,1,1.0,48.18,48.18,118.4,111.1516129032258,22.41,6.0,6,1,2,1,0,0,0,1
0,0,1,0,55.0,1,1,1,1,1,1,1,1,1,90.15,0.0,0.0,0.0,365.0,0.0,0.0,0.0,0.0,0.0,0.0,1,1,1.0,33.45,33.45,103.36,89.3990909090909,32.09,0.0,6,1,1,0,0,0,1,0
0,0,1,0,25.0,1,1,0,1,0,0,0,0,0,54.1,0.0,0.0,0.0,365.0,0.0,0.0,0.0,0.0,0.0,0.0,3,0,0.0,0.0,0.0,71.77,54.92,-3.96,0.0,1,1,0,0,0,0,1,0
1,0,0,0,1.0,0,0,1,0,0,0,0,0,0,29.7,3.0,43.0,1.0,140.0,0.0,0.0,0.0,0.0,0.0,0.0,3,0,0.0,0.0,0.0,61.36,29.7,-28.36,3.0,1,2,0,0,0,0,0,1
1,0,0,0,1.0,1,0,1,0,0,0,0,0,1,49.8,0.0,0.0,0.0,365.0,0.0,0.0,0.0,0.0,0.0,0.0,2,1,0.5,6.66,13.32,61.42,49.8,-8.26,0.0,1,3,0,0,0,1,0,0
0,0,1,0,59.0,1,1,0,1,0,0,1,1,0,101.1,0.0,0.0,0.0,365.0,0.0,0.0,0.0,0.0,0.0,0.0,1,1,1.0,13.19,13.19,35.84,102.37118644067796,9.56,0.0,3,2,0,1,0,0,1,0
1,1,1,1,64.0,1,1,0,0,0,0,0,0,1,24.4,0.0,0.0,0.0,365.0,0.0,0.0,0.0,0.0,0.0,0.0,1,0,0.0,0.0,0.0,27.41,24.19765625,3.33,0.0,0,0,2,0,1,0,0,0
1,0,1,0,36.0,1,1,0,0,0,0,1,1,1,95.0,8.0,256.0,1.0,91.0,0.0,0.0,0.0,0.0,0.0,0.0,1,0,0.0,0.0,0.0,107.87,95.5625,3.46,8.0,2,1,0,1,0,0,0,0
0,0,0,0,3.0,1,1,0,0,0,0,0,0,1,50.65,2.0,54.0,1.0,162.0,0.0,0.0,0.0,0.0,0.0,0.0,1,0,0.0,0.0,0.0,77.07,50.43333333333334,-7.41,2.0,0,2,0,0,0,0,0,1
1,0,1,0,61.0,1,1,1,0,1,0,0,1,1,69.9,4.0,279.0,1.0,104.0,1.0,13.2,13.2,1.0,0.0,1.0,1,0,0.0,0.0,0.0,86.1,69.29016393442623,11.84,4.0,3,0,2,0,0,0,0,1
1,0,0,1,26.0,0,0,0,1,0,0,1,0,1,39.95,0.0,0.0,0.0,365.0,1.0,33.9,33.9,0.0,0.0,0.0,3,0,0.0,0.0,0.0,76.85,39.375,-18.11,0.0,2,0,1,0,0,0,0,0
0,0,0,0,1.0,1,0,0,0,0,0,0,1,1,55.4,0.0,0.0,0.0,365.0,0.0,0.0,0.0,0.0,0.0,0.0,2,0,0.0,0.0,0.0,78.34,55.4,-2.66,0.0,1,2,0,0,0,0,1,0
0,1,1,0,1.0,1,1,0,1,0,0,1,0,1,90.6,4.0,161.0,1.0,86.0,0.0,0.0,0.0,0.0,0.0,0.0,3,2,0.67,13.3,24.53,69.04,90.6,-0.94,4.0,2,3,0,1,0,0,1,0
1,0,1,1,68.0,1,0,1,1,1,0,1,1,1,103.25,0.0,0.0,0.0,365.0,0.0,0.0,0.0,0.0,0.0,0.0,2,0,0.0,0.0,0.0,98.81,104.03529411764706,11.71,0.0,5,0,2,1,0,1,0,0
1,1,1,0,2.0,1,1,0,0,0,0,1,0,1,86.85,0.0,0.0,0.0,365.0,0.0,0.0,0.0,0.0,0.0,0.0,1,0,0.0,0.0,0.0,116.81,78.175,-4.69,0.0,1,2,0,1,0,0,0,1
0,0,1,0,72.0,1,1,1,1,1,1,0,0,1,94.25,0.0,0.0,0.0,365.0,0.0,0.0,0.0,0.0,0.0,0.0,2,0,0.0,0.0,0.0,47.24,95.13541666666667,2.71,0.0,4,0,2,1,0,0,0,0
0,0,1,0,71.0,0,0,0,0,1,1,0,1,1,47.05,0.0,0.0,0.0,365.0,1.0,22.5,22.5,1.0,0.0,1.0,3,1,0.33,8.17,24.52,58.24,45.96619718309859,-11.01,0.0,3,1,2,0,0,0,1,0
1,0,0,0,57.0,1,0,0,0,0,0,0,0,0,20.55,0.0,0.0,0.0,365.0,0.0,0.0,0.0,0.0,0.0,0.0,1,0,0.0,0.0,0.0,119.09,21.979824561403507,-0.52,0.0,0,0,2,0,1,1,0,0
1,0,0,0,4.0,1,0,0,0,0,0,0,0,1,19.65,7.0,158.0,1.0,215.0,0.0,0.0,0.0,0.0,0.0,0.0,3,0,0.0,0.0,0.0,69.88,16.8875,-1.42,7.0,0,2,0,0,1,0,0,1
0,1,0,0,1.0,1,0,0,0,0,0,0,0,1,70.2,10.0,152.5,2.0,35.0,0.0,0.0,0.0,0.0,0.0,0.0,2,1,0.5,3.28,6.55,78.93,70.2,-21.34,5.0,0,3,0,1,0,0,1,0
1,0,1,1,72.0,1,1,1,1,1,1,0,1,0,81.0,0.0,0.0,0.0,365.0,0.0,0.0,0.0,0.0,0.0,0.0,3,0,0.0,0.0,0.0,87.08,79.86111111111111,22.94,0.0,5,0,2,0,0,1,0,0
1,0,1,1,21.0,1,1,1,0,0,0,1,1,1,75.9,0.0,0.0,0.0,365.0,0.0,0.0,0.0,0.0,0.0,0.0,3,0,0.0,0.0,0.0,52.12,73.79761904761905,17.84,0.0,3,0,1,0,0,0,0,0
0,0,1,1,71.0,1,1,0,0,0,0,0,0,0,24.7,6.0,112.0,1.0,292.0,0.0,0.0,0.0,0.0,0.0,0.0,2,0,0.0,0.0,0.0,91.26,25.500704225352113,3.63,6.0,0,0,2,0,1,0,0,0
0,1,1,0,29.0,1,1,0,0,1,0,1,1,1,99.05,0.0,0.0,0.0,365.0,0.0,0.0,0.0,0.0,0.0,0.0,3,0,0.0,0.0,0.0,43.88,101.82241379310345,7.51,0.0,3,1,0,1,0,0,0,0
0,1,0,0,69.0,1,1,1,0,1,1,1,1,0,110.25,0.0,0.0,0.0,365.0,0.0,0.0,0.0,0.0,0.0,0.0,3,1,0.33,5.23,15.7,54.79,108.22536231884058,18.71,0.0,5,1,2,1,0,1,0,0
0,0,1,0,64.0,1,1,1,0,1,1,1,1,1,85.0,0.0,0.0,0.0,365.0,0.0,0.0,0.0,0.0,0.0,0.0,1,0,0.0,0.0,0.0,117.75,85.69375,26.94,0.0,5,0,2,0,0,1,0,0
1,0,0,0,16.0,1,0,0,0,0,0,0,0,0,19.75,4.0,176.0,1.0,346.0,1.0,130.9,130.9,0.0,1.0,0.0,2,0,0.0,0.0,0.0,78.26,18.43125,-1.32,4.0,0,1,0,0,1,1,0,0
0,0,0,0,4.0,1,1,0,0,0,0,0,0,0,23.9,3.0,130.0,1.0,174.0,0.0,0.0,0.0,0.0,0.0,0.0,1,0,0.0,0.0,0.0,108.77,24.375,2.83,3.0,0,1,1,0,1,0,1,0
0,0,0,0,52.0,1,1,1,1,0,1,1,1,1,111.25,0.0,0.0,0.0,365.0,0.0,0.0,0.0,0.0,0.0,0.0,1,0,0.0,0.0,0.0,81.66,113.77788461538461,19.71,0.0,5,0,1,1,0,1,0,0
1,0,0,0,2.0,1,0,1,0,1,0,0,0,1,55.1,0.0,0.0,0.0,365.0,0.0,0.0,0.0,0.0,0.0,0.0,1,0,0.0,0.0,0.0,93.29,56.675,-2.96,0.0,2,2,0,0,0,0,0,1
1,0,0,0,1.0,1,0,0,0,0,0,0,0,0,19.95,0.0,0.0,0.0,365.0,0.0,0.0,0.0,0.0,0.0,0.0,2,0,0.0,0.0,0.0,70.76,19.95,-1.12,0.0,0,2,0,0,1,0,0,1
1,0,0,0,18.0,0,0,0,0,0,0,0,0,0,25.15,0.0,0.0,0.0,365.0,1.0,3.2,3.2,1.0,0.0,1.0,2,0,0.0,0.0,0.0,109.56,26.48888888888889,-32.91,0.0,0,1,0,0,0,0,0,1
0,0,0,0,2.0,1,1,0,1,0,0,0,0,0,54.15,3.0,55.0,1.0,74.0,0.0,0.0,0.0,0.0,0.0,0.0,3,2,0.67,18.11,36.24,61.33,50.825,-3.91,3.0,1,3,0,0,0,0,0,1
0,0,1,0,19.0,1,0,0,1,0,0,0,1,1,56.15,0.0,0.0,0.0,365.0,0.0,0.0,0.0,0.0,0.0,0.0,1,0,0.0,0.0,0.0,68.71,59.518421052631574,-1.91,0.0,2,1,0,0,0,0,0,1
0,0,0,0,40.0,1,1,0,0,0,0,0,1,0,83.85,0.0,0.0,0.0,365.0,0.0,0.0,0.0,0.0,0.0,0.0,3,1,0.33,7.6,22.81,67.87,88.30625,-7.69,0.0,1,2,0,1,0,0,0,0
0,1,1,1,44.0,1,1,0,1,1,0,1,1,1,104.9,0.0,0.0,0.0,365.0,0.0,0.0,0.0,0.0,0.0,0.0,3,0,0.0,0.0,0.0,67.04,156.62386363636364,13.36,0.0,4,0,1,1,0,0,1,0
1,0,0,0,21.0,1,1,0,0,0,0,0,0,0,75.3,0.0,0.0,0.0,365.0,0.0,0.0,0.0,0.0,0.0,0.0,2,0,0.0,0.0,0.0,84.52,74.79523809523809,-16.24,0.0,0,1,0,1,0,0,0,1
1,0,0,0,8.0,1,0,0,1,0,1,1,0,1,66.65,7.0,246.0,1.0,115.0,0.0,0.0,0.0,0.0,0.0,0.0,3,0,0.0,0.0,0.0,45.82,65.11875,8.59,7.0,3,2,0,0,0,0,1,0
0,0,1,1,72.0,1,0,1,1,1,1,1,1,1,109.5,5.0,136.0,1.0,359.0,0.0,0.0,0.0,0.0,0.0,0.0,2,0,0.0,0.0,0.0,52.96,109.09583333333333,17.96,5.0,6,0,2,1,0,1,0,0
0,0,0,0,48.0,1,1,0,1,1,1,1,0,1,73.85,2.0,269.0,1.0,336.0,0.0,0.0,0.0,0.0,0.0,0.0,1,0,0.0,0.0,0.0,27.59,74.6125,15.79,2.0,4,0,1,0,0,0,0,0
1,0,0,0,69.0,1,0,0,0,0,0,0,0,1,19.3,0.0,0.0,0.0,365.0,0.0,0.0,0.0,0.0,0.0,0.0,3,0,0.0,0.0,0.0,93.95,20.984057971014494,-1.77,0.0,0,0,2,0,1,0,0,0
1,0,0,0,72.0,1,1,1,1,1,1,1,1,1,118.2,0.0,0.0,0.0,365.0,0.0,0.0,0.0,0.0,0.0,0.0,1,0,0.0,0.0,0.0,43.17,118.71041666666666,26.66,0.0,6,0,2,1,0,0,1,0
0,0,0,0,44.0,1,0,0,1,0,0,0,0,0,51.45,0.0,0.0,0.0,365.0,1.0,12.2,12.2,1.0,0.0,1.0,3,0,0.0,0.0,0.0,71.08,16.542045454545455,-6.61,0.0,1,0,1,0,0,1,0,0
1,0,0,0,6.0,1,0,0,1,0,0,1,0,0,59.45,4.0,79.0,1.0,61.0,0.0,0.0,0.0,0.0,0.0,0.0,2,0,0.0,0.0,0.0,92.8,59.6,1.39,4.0,2,2,0,0,0,0,1,0
0,0,1,1,8.0,1,0,0,0,0,0,0,0,0,19.5,4.0,267.0,1.0,321.0,0.0,0.0,0.0,0.0,0.0,0.0,2,1,0.5,4.41,8.82,71.16,19.91875,-1.57,4.0,0,2,2,0,1,0,0,0
0,0,0,0,17.0,1,0,0,0,0,0,0,0,0,19.55,7.0,18.0,1.0,138.0,0.0,0.0,0.0,0.0,0.0,0.0,1,0,0.0,0.0,0.0,114.31,16.52058823529412,-1.52,7.0,0,0,1,0,1,0,0,1
1,0,0,0,65.0,1,1,1,0,0,1,0,1,0,93.55,1.0,210.0,1.0,251.0,0.0,0.0,0.0,0.0,0.0,0.0,1,0,0.0,0.0,0.0,60.36,93.37307692307692,2.01,1.0,3,0,1,1,0,0,1,0
0,0,1,1,57.0,1,0,1,0,1,1,0,0,1,59.3,0.0,0.0,0.0,365.0,0.0,0.0,0.0,0.0,0.0,0.0,3,0,0.0,0.0,0.0,66.55,57.444736842105264,1.24,0.0,3,0,1,0,0,0,0,1
1,0,1,0,13.0,1,1,0,0,1,0,1,1,1,102.25,7.0,140.0,1.0,357.0,0.0,0.0,0.0,0.0,0.0,0.0,1,0,0.0,0.0,0.0,118.6,104.53846153846153,10.71,7.0,3,1,0,1,0,1,0,0
1,1,0,0,19.0,1,0,0,0,1,0,1,1,1,95.9,6.0,157.0,1.0,62.0,0.0,0.0,0.0,0.0,0.0,0.0,2,0,0.0,0.0,0.0,79.97,93.57368421052632,4.36,6.0,3,1,0,1,0,1,0,0
0,0,1,0,56.0,1,1,1,1,1,0,1,1,0,109.8,6.0,224.0,1.0,245.0,0.0,0.0,0.0,0.0,0.0,0.0,3,0,0.0,0.0,0.0,60.2,109.10089285714285,18.26,6.0,5,0,1,1,0,0,0,0
0,0,1,0,14.0,1,0,0,0,0,0,0,1,1,91.75,0.0,0.0,0.0,365.0,0.0,0.0,0.0,0.0,0.0,0.0,2,1,0.5,8.87,17.74,46.28,80.17142857142858,0.21,0.0,1,2,0,1,0,0,1,0
1,0,1,0,52.0,0,0,1,0,0,0,0,1,1,39.9,0.0,0.0,0.0,365.0,0.0,0.0,0.0,0.0,0.0,0.0,3,0,0.0,0.0,0.0,55.66,38.86346153846154,-18.16,0.0,2,1,0,0,0,0,1,0
0,0,0,0,58.0,1,0,1,1,1,1,0,0,1,64.9,0.0,0.0,0.0,365.0,0.0,0.0,0.0,0.0,0.0,0.0,3,0,0.0,0.0,0.0,84.97,65.43879310344828,6.84,0.0,4,0,2,0,0,1,0,0
0,1,0,0,12.0,1,1,0,1,0,1,1,0,1,95.05,0.0,0.0,0.0,365.0,0.0,0.0,0.0,0.0,0.0,0.0,3,0,0.0,0.0,0.0,55.31,375.37916666666666,3.51,0.0,3,1,0,1,0,0,1,0
0,0,0,0,67.0,0,0,0,0,1,1,1,1,1,53.4,4.0,88.0,1.0,187.0,0.0,0.0,0.0,0.0,0.0,0.0,2,0,0.0,0.0,0.0,52.8,53.420149253731346,-4.66,4.0,4,1,0,0,0,1,0,0
1,0,0,0,2.0,0,0,0,0,0,0,0,0,1,24.9,2.0,194.0,1.0,192.0,0.0,0.0,0.0,0.0,0.0,0.0,1,1,1.0,34.54,34.54,103.32,24.85,-33.16,2.0,0,3,0,0,0,1,0,0
1,1,0,0,6.0,1,0,0,0,0,0,0,0,0,44.7,0.0,0.0,0.0,365.0,0.0,0.0,0.0,0.0,0.0,0.0,1,0,0.0,0.0,0.0,63.63,46.083333333333336,-13.36,0.0,0,2,0,0,0,1,0,0
1,0,1,1,71.0,1,1,1,1,1,1,1,1,1,114.0,4.0,128.0,1.0,20.0,0.0,0.0,0.0,0.0,0.0,0.0,1,0,0.0,0.0,0.0,93.47,115.15352112676055,22.46,4.0,6,0,2,1,0,0,0,0
0,0,1,1,46.0,1,0,0,0,0,0,0,0,0,20.25,8.0,217.5,2.0,135.0,0.0,0.0,0.0,0.0,0.0,0.0,2,1,0.5,2.4,4.8,41.69,19.355434782608697,-0.82,4.0,0,1,2,0,1,0,0,0
0,0,0,0,5.0,1,0,1,0,0,1,0,0,0,53.85,5.0,195.0,1.0,346.0,0.0,0.0,0.0,0.0,0.0,0.0,2,0,0.0,0.0,0.0,31.62,51.96,-4.21,5.0,2,2,0,0,0,1,0,0
1,1,1,0,67.0,1,1,1,1,0,0,0,0,0,83.85,0.0,0.0,0.0,365.0,0.0,0.0,0.0,0.0,0.0,0.0,2,0,0.0,0.0,0.0,63.22,83.41492537313434,-7.69,0.0,2,1,0,1,0,0,0,0
1,0,0,1,3.0,1,0,0,0,0,0,0,0,0,20.2,6.0,185.0,1.0,356.0,1.0,13.1,13.1,1.0,0.0,1.0,2,0,0.0,0.0,0.0,75.08,16.866666666666667,-0.87,6.0,0,2,0,0,1,0,0,0
0,0,0,0,3.0,1,0,0,0,0,0,0,0,0,19.95,0.0,0.0,0.0,365.0,0.0,0.0,0.0,0.0,0.0,0.0,3,0,0.0,0.0,0.0,99.5,19.333333333333332,-1.12,0.0,0,2,0,0,1,0,0,1
1,1,1,0,52.0,1,1,1,0,1,0,1,1,1,104.2,10.0,146.0,1.0,66.0,0.0,0.0,0.0,0.0,0.0,0.0,2,0,0.0,0.0,0.0,57.02,107.08365384615385,12.66,10.0,4,1,0,1,0,0,1,0
0,0,1,0,42.0,1,1,0,0,0,0,0,0,1,50.25,0.0,0.0,0.0,365.0,0.0,0.0,0.0,0.0,0.0,0.0,2,0,0.0,0.0,0.0,82.26,52.46785714285714,-7.81,0.0,0,1,0,0,0,0,1,0
1,0,1,1,50.0,1,0,0,0,0,0,0,0,1,20.35,0.0,0.0,0.0,365.0,0.0,0.0,0.0,0.0,0.0,0.0,2,0,0.0,0.0,0.0,59.32,18.779,-0.72,0.0,0,0,1,0,1,0,0,1
1,1,1,0,23.0,1,0,1,1,0,0,0,1,1,90.0,0.0,0.0,0.0,365.0,0.0,0.0,0.0,0.0,0.0,0.0,1,0,0.0,0.0,0.0,54.05,88.00434782608696,-1.54,0.0,3,1,0,1,0,0,1,0
0,0,1,1,67.0,0,0,1,1,1,1,1,0,0,54.2,0.0,0.0,0.0,365.0,0.0,0.0,0.0,0.0,0.0,0.0,2,0,0.0,0.0,0.0,61.31,54.08880597014925,-3.86,0.0,5,0,2,0,0,1,0,0
0,0,0,0,25.0,1,0,0,1,1,0,1,1,1,99.5,5.0,288.0,1.0,259.0,1.0,13.5,13.5,1.0,0.0,1.0,1,0,0.0,0.0,0.0,87.99,94.762,7.96,5.0,4,1,0,1,0,0,1,0
0,1,1,0,39.0,1,0,1,1,0,0,1,1,0,99.1,0.0,0.0,0.0,365.0,0.0,0.0,0.0,0.0,0.0,0.0,3,0,0.0,0.0,0.0,80.94,99.43461538461538,7.56,0.0,4,0,1,1,0,0,0,1
0,0,0,0,69.0,1,1,1,1,0,1,0,0,1,66.9,4.0,173.0,1.0,329.0,0.0,0.0,0.0,0.0,0.0,0.0,1,1,1.0,10.03,10.03,63.09,66.3463768115942,8.84,4.0,3,1,2,0,0,0,0,1
0,0,0,0,1.0,0,0,0,0,0,0,0,0,0,25.85,0.0,0.0,0.0,365.0,0.0,0.0,0.0,0.0,0.0,0.0,3,0,0.0,0.0,0.0,63.27,25.85,-32.21,0.0,0,1,1,0,0,0,0,1
1,0,0,0,32.0,1,0,0,0,0,0,1,1,0,91.05,6.0,177.0,1.0,213.0,0.0,0.0,0.0,0.0,0.0,0.0,1,0,0.0,0.0,0.0,56.85,89.734375,-0.49,6.0,2,1,0,1,0,0,1,0
0,0,0,0,12.0,1,0,0,0,0,0,0,0,0,71.0,0.0,0.0,0.0,365.0,0.0,0.0,0.0,0.0,0.0,0.0,3,1,0.33,3.01,9.02,54.24,56.04583333333333,-20.54,0.0,0,2,0,1,0,0,1,0
0,0,0,0,16.0,1,0,0,1,1,0,0,1,1,93.2,6.0,281.0,1.0,285.0,0.0,0.0,0.0,0.0,0.0,0.0,2,0,0.0,0.0,0.0,46.01,98.35625,1.66,6.0,3,1,0,1,0,1,0,0
1,0,1,1,60.0,1,0,0,0,0,0,0,0,1,20.95,0.0,0.0,0.0,365.0,0.0,0.0,0.0,0.0,0.0,0.0,3,0,0.0,0.0,0.0,47.31,21.175833333333333,-0.12,0.0,0,0,2,0,1,0,0,0
0,0,1,1,72.0,1,1,0,1,1,1,1,1,1,109.2,0.0,0.0,0.0,365.0,1.0,18.3,18.3,0.0,0.0,0.0,1,0,0.0,0.0,0.0,107.23,107.10347222222222,17.66,0.0,5,0,2,1,0,0,0,0
1,0,1,0,5.0,1,0,0,0,0,0,0,0,0,19.35,5.0,224.0,1.0,109.0,0.0,0.0,0.0,0.0,0.0,0.0,2,0,0.0,0.0,0.0,80.32,25.21,-1.72,5.0,0,2,0,0,1,0,0,1
0,1,0,0,26.0,1,0,1,0,0,0,1,0,1,85.8,0.0,0.0,0.0,365.0,0.0,0.0,0.0,0.0,0.0,0.0,2,0,0.0,0.0,0.0,83.98,84.37115384615385,-5.74,0.0,2,1,0,1,0,1,0,0
1,0,0,0,3.0,1,0,0,0,0,0,0,0,0,19.85,0.0,0.0,0.0,365.0,1.0,6.5,6.5,1.0,0.0,1.0,1,0,0.0,0.0,0.0,93.97,21.516666666666666,-1.22,0.0,0,2,0,0,1,0,0,1
1,0,0,0,2.0,1,0,0,0,0,0,0,0,1,19.65,0.0,0.0,0.0,365.0,0.0,0.0,0.0,0.0,0.0,0.0,3,2,0.67,23.31,37.03,77.97,15.6,-1.42,0.0,0,3,0,0,1,0,1,0
0,0,0,1,2.0,1,0,0,0,0,0,0,0,0,20.5,0.0,0.0,0.0,365.0,0.0,0.0,0.0,0.0,0.0,0.0,2,0,0.0,0.0,0.0,72.01,19.125,-0.57,0.0,0,1,1,0,1,0,0,0
0,0,0,0,36.0,1,1,1,0,1,1,1,1,1,56.15,0.0,0.0,0.0,365.0,0.0,0.0,0.0,0.0,0.0,0.0,1,0,0.0,0.0,0.0,31.99,93.00277777777778,-1.91,0.0,5,0,1,0,0,1,0,0
1,0,0,0,7.0,1,0,1,0,0,0,0,0,0,74.35,3.0,256.0,1.0,113.0,0.0,0.0,0.0,0.0,0.0,0.0,2,0,0.0,0.0,0.0,34.58,76.22857142857143,-17.19,3.0,1,2,0,1,0,0,0,1
0,1,1,0,60.0,0,0,0,1,0,0,1,1,1,49.45,0.0,0.0,0.0,365.0,0.0,0.0,0.0,0.0,0.0,0.0,2,1,0.5,2.54,5.07,41.66,48.45916666666667,-8.61,0.0,3,1,2,0,0,1,0,0
0,0,1,0,19.0,1,1,0,1,0,0,0,1,1,89.1,0.0,0.0,0.0,365.0,0.0,0.0,0.0,0.0,0.0,0.0,1,0,0.0,0.0,0.0,45.18,85.30526315789473,-2.44,0.0,2,1,0,1,0,0,1,0
1,1,1,0,45.0,1,1,1,0,1,1,0,1,0,75.15,0.0,0.0,0.0,365.0,0.0,0.0,0.0,0.0,0.0,0.0,1,0,0.0,0.0,0.0,74.34,77.3411111111111,17.09,0.0,4,0,2,0,0,1,0,0
1,1,0,0,4.0,1,0,0,0,0,0,0,0,1,70.65,0.0,0.0,0.0,365.0,0.0,0.0,0.0,0.0,0.0,0.0,2,0,0.0,0.0,0.0,45.66,73.4625,-20.89,0.0,0,2,0,1,0,0,1,0
0,0,1,1,31.0,1,1,0,0,1,1,1,1,1,104.2,5.0,269.0,1.0,110.0,0.0,0.0,0.0,0.0,0.0,0.0,2,0,0.0,0.0,0.0,102.19,104.62741935483871,12.66,5.0,4,1,0,1,0,0,1,0
1,0,1,1,47.0,1,0,1,0,1,0,0,1,0,90.05,2.0,270.0,1.0,280.0,0.0,0.0,0.0,0.0,0.0,0.0,3,1,0.33,5.12,15.36,59.99,88.02553191489362,-1.49,2.0,3,2,0,1,0,0,1,0
1,0,0,0,1.0,1,0,0,0,0,0,0,1,1,79.25,0.0,0.0,0.0,365.0,2.0,34.25,61.3,1.0,0.0,0.5,2,0,0.0,0.0,0.0,26.89,79.25,-12.29,0.0,1,2,0,1,0,0,1,0
0,0,0,0,1.0,1,0,0,0,0,0,0,0,1,44.9,0.0,0.0,0.0,365.0,0.0,0.0,0.0,0.0,0.0,0.0,1,0,0.0,0.0,0.0,64.71,44.9,-13.16,0.0,0,2,0,0,0,0,0,0
0,0,0,0,1.0,1,0,0,0,0,0,0,0,0,19.4,0.0,0.0,0.0,365.0,1.0,11.8,11.8,0.0,1.0,0.0,3,0,0.0,0.0,0.0,72.82,19.4,-1.67,0.0,0,2,0,0,1,1,0,0
0,1,1,1,59.0,1,1,0,0,1,0,0,1,1,88.75,0.0,0.0,0.0,365.0,0.0,0.0,0.0,0.0,0.0,0.0,1,0,0.0,0.0,0.0,25.04,90.65508474576271,-2.79,0.0,2,1,0,1,0,1,0,0
1,0,1,0,10.0,1,0,0,0,0,0,0,0,1,70.1,4.0,43.0,1.0,226.0,0.0,0.0,0.0,0.0,0.0,0.0,1,0,0.0,0.0,0.0,104.01,65.965,-21.44,4.0,0,2,0,1,0,0,1,0
1,1,0,0,35.0,1,1,1,0,0,0,0,1,0,91.0,0.0,0.0,0.0,365.0,0.0,0.0,0.0,0.0,0.0,0.0,1,0,0.0,0.0,0.0,104.66,90.87142857142857,-0.54,0.0,2,1,0,1,0,1,0,0
1,0,0,0,4.0,0,0,0,0,1,0,0,0,1,29.65,6.0,190.0,1.0,351.0,0.0,0.0,0.0,0.0,0.0,0.0,3,1,0.33,3.95,11.84,62.85,29.625,-28.41,6.0,1,3,0,0,0,0,1,0
1,0,1,1,32.0,1,0,1,1,0,0,0,1,1,90.8,6.0,298.0,1.0,225.0,0.0,0.0,0.0,0.0,0.0,0.0,2,0,0.0,0.0,0.0,52.24,94.4953125,-0.74,6.0,3,0,1,1,0,0,1,0
1,0,0,0,43.0,1,1,0,1,0,0,0,0,1,77.85,4.0,253.0,1.0,144.0,0.0,0.0,0.0,0.0,0.0,0.0,3,1,0.33,3.85,11.56,71.4,78.27558139534884,-13.69,4.0,1,2,0,1,0,0,1,0
1,0,0,0,4.0,1,0,0,0,0,0,0,1,0,54.3,8.0,50.0,1.0,81.0,0.0,0.0,0.0,0.0,0.0,0.0,2,0,0.0,0.0,0.0,100.62,48.825,-3.76,8.0,1,2,0,0,0,0,1,0
0,1,1,0,64.0,1,0,0,0,0,0,0,0,1,18.95,2.0,205.0,1.0,268.0,0.0,0.0,0.0,0.0,0.0,0.0,2,0,0.0,0.0,0.0,73.76,16.1109375,-2.12,2.0,0,0,2,0,1,0,0,1
0,1,0,0,12.0,1,1,0,0,0,0,1,1,1,95.15,16.0,231.66666666666663,3.0,115.0,0.0,0.0,0.0,0.0,0.0,0.0,3,0,0.0,0.0,0.0,63.24,83.1375,3.61,5.333,2,1,0,1,0,0,0,0
0,1,0,0,64.0,1,1,1,0,0,0,1,1,1,102.4,0.0,0.0,0.0,365.0,1.0,31.4,31.4,1.0,0.0,1.0,3,0,0.0,0.0,0.0,65.08,101.12265625,10.86,0.0,3,0,2,1,0,0,0,0
1,0,1,1,61.0,1,1,0,0,1,0,1,1,1,99.9,0.0,0.0,0.0,365.0,0.0,0.0,0.0,0.0,0.0,0.0,2,0,0.0,0.0,0.0,68.53,102.31721311475411,8.36,0.0,3,0,1,1,0,0,1,0
1,0,1,1,72.0,1,1,1,1,1,1,1,1,0,88.7,0.0,0.0,0.0,365.0,0.0,0.0,0.0,0.0,0.0,0.0,1,0,0.0,0.0,0.0,27.26,90.29652777777778,30.64,0.0,6,0,2,0,0,1,0,0
1,0,1,1,44.0,0,0,0,0,1,1,1,1,1,54.3,0.0,0.0,0.0,365.0,0.0,0.0,0.0,0.0,0.0,0.0,1,1,1.0,12.63,12.63,63.61,52.66136363636363,-3.76,0.0,4,1,1,0,0,0,1,0
1,0,0,0,41.0,1,1,0,0,1,0,0,0,1,55.7,0.0,0.0,0.0,365.0,0.0,0.0,0.0,0.0,0.0,0.0,3,0,0.0,0.0,0.0,104.27,54.57439024390244,-2.36,0.0,1,1,0,0,0,0,0,0
1,0,1,0,44.0,1,1,1,0,1,0,1,1,1,103.95,3.0,189.0,1.0,205.0,0.0,0.0,0.0,0.0,0.0,0.0,1,1,1.0,15.89,15.89,54.19,118.89318181818182,12.41,3.0,4,1,1,1,0,0,1,0
1,0,1,0,47.0,1,1,1,0,1,1,1,1,1,110.85,0.0,0.0,0.0,365.0,0.0,0.0,0.0,0.0,0.0,0.0,3,0,0.0,0.0,0.0,39.51,112.25106382978724,19.31,0.0,5,0,1,1,0,1,0,0
1,0,1,1,8.0,1,0,0,0,0,0,0,0,0,20.15,0.0,0.0,0.0,365.0,0.0,0.0,0.0,0.0,0.0,0.0,3,0,0.0,0.0,0.0,78.56,20.6875,-0.92,0.0,0,1,2,0,1,0,0,1
1,0,0,0,18.0,1,0,0,0,0,0,0,0,0,20.05,0.0,0.0,0.0,365.0,0.0,0.0,0.0,0.0,0.0,0.0,3,0,0.0,0.0,0.0,86.68,19.916666666666668,-1.02,0.0,0,1,0,0,1,0,0,1
1,0,1,1,72.0,1,1,1,1,1,1,1,1,1,91.95,0.0,0.0,0.0,365.0,0.0,0.0,0.0,0.0,0.0,0.0,1,1,1.0,2.49,2.49,23.17,91.8736111111111,33.89,0.0,6,1,2,0,0,1,0,0
1,0,0,0,1.0,1,0,0,0,0,0,0,1,0,80.5,0.0,0.0,0.0,365.0,1.0,5.0,5.0,0.0,0.0,0.0,3,0,0.0,0.0,0.0,76.26,80.5,-11.04,0.0,1,2,0,1,0,0,1,0
0,1,0,0,42.0,1,1,0,0,1,0,0,0,0,55.65,0.0,0.0,0.0,365.0,0.0,0.0,0.0,0.0,0.0,0.0,2,1,0.5,6.34,12.69,56.28,57.660714285714285,-2.41,0.0,1,2,0,0,0,0,1,0
0,1,0,0,18.0,1,0,0,1,0,0,0,0,1,74.7,0.0,0.0,0.0,365.0,0.0,0.0,0.0,0.0,0.0,0.0,3,0,0.0,0.0,0.0,76.58,71.92222222222222,-16.84,0.0,1,1,0,1,0,0,1,0
0,0,0,1,13.0,1,1,0,1,1,0,1,1,1,104.15,9.0,25.0,1.0,262.0,0.0,0.0,0.0,0.0,0.0,0.0,2,1,0.5,4.54,9.09,42.5,99.93076923076923,12.61,9.0,4,1,1,1,0,1,0,0
0,0,1,1,68.0,1,1,0,1,0,1,0,0,1,83.65,0.0,0.0,0.0,365.0,0.0,0.0,0.0,0.0,0.0,0.0,1,0,0.0,0.0,0.0,102.12,84.31470588235294,-7.89,0.0,2,0,1,1,0,0,0,0
1,0,0,0,4.0,1,1,0,0,0,0,0,0,1,72.2,0.0,0.0,0.0,365.0,0.0,0.0,0.0,0.0,0.0,0.0,1,0,0.0,0.0,0.0,116.64,76.3875,-19.34,0.0,0,2,0,1,0,0,0,0
1,0,0,0,69.0,1,1,1,1,1,0,1,1,1,110.05,11.0,78.0,1.0,20.0,0.0,0.0,0.0,0.0,0.0,0.0,3,0,0.0,0.0,0.0,76.23,107.69202898550725,18.51,11.0,5,0,2,1,0,1,0,0
1,0,0,0,17.0,1,0,0,0,0,1,0,0,0,51.5,4.0,199.0,1.0,96.0,0.0,0.0,0.0,0.0,0.0,0.0,1,0,0.0,0.0,0.0,41.18,52.970588235294116,-6.56,4.0,1,1,0,0,0,0,0,1
1,0,1,1,25.0,1,1,0,0,0,0,0,0,0,25.5,4.0,204.0,1.0,359.0,1.0,14.8,14.8,0.0,0.0,0.0,1,0,0.0,0.0,0.0,58.95,25.224,4.43,4.0,0,0,2,0,1,1,0,0
1,1,0,0,43.0,1,0,0,0,0,0,1,1,1,89.55,0.0,0.0,0.0,365.0,0.0,0.0,0.0,0.0,0.0,0.0,1,0,0.0,0.0,0.0,107.24,89.69186046511628,-1.99,0.0,2,1,0,1,0,0,0,1
0,0,1,1,59.0,1,0,0,0,0,0,0,0,0,19.5,10.0,64.0,2.0,26.0,0.0,0.0,0.0,0.0,0.0,0.0,2,0,0.0,0.0,0.0,79.0,20.722881355932206,-1.57,5.0,0,0,2,0,1,1,0,0
0,1,0,0,5.0,1,0,1,1,0,0,0,0,0,80.7,0.0,0.0,0.0,365.0,0.0,0.0,0.0,0.0,0.0,0.0,1,0,0.0,0.0,0.0,41.07,74.96000000000001,-10.84,0.0,2,2,0,1,0,0,1,0
1,0,1,1,21.0,1,1,1,1,0,1,1,0,0,77.5,0.0,0.0,0.0,365.0,0.0,0.0,0.0,0.0,0.0,0.0,1,0,0.0,0.0,0.0,94.15,77.38095238095238,19.44,0.0,4,0,1,0,0,0,0,1
0,0,1,1,69.0,1,1,1,1,1,1,1,0,1,105.1,1.0,148.0,1.0,233.0,0.0,0.0,0.0,0.0,0.0,0.0,1,1,1.0,21.02,21.02,49.55,104.85217391304349,13.56,1.0,5,1,1,1,0,1,0,0
1,0,0,0,13.0,0,0,0,0,0,0,0,0,1,25.15,0.0,0.0,0.0,365.0,0.0,0.0,0.0,0.0,0.0,0.0,1,0,0.0,0.0,0.0,48.09,25.52692307692308,-32.91,0.0,0,1,0,0,0,0,0,0
1,0,1,0,42.0,1,1,0,1,1,0,1,0,1,95.25,0.0,0.0,0.0,365.0,0.0,0.0,0.0,0.0,0.0,0.0,3,1,0.33,7.04,21.12,51.94,94.2702380952381,3.71,0.0,3,2,0,1,0,0,0,0
1,0,1,0,52.0,1,1,0,1,0,1,0,1,1,95.65,0.0,0.0,0.0,365.0,0.0,0.0,0.0,0.0,0.0,0.0,2,1,0.5,17.06,34.11,88.52,97.85384615384615,4.11,0.0,3,2,0,1,0,1,0,0
1,1,0,0,46.0,1,0,1,0,0,0,0,1,0,85.0,0.0,0.0,0.0,365.0,1.0,10.1,10.1,1.0,0.0,1.0,1,0,0.0,0.0,0.0,59.93,86.29130434782608,-6.54,0.0,2,1,0,1,0,0,1,0
1,0,1,0,61.0,1,1,1,1,1,1,0,1,1,80.8,0.0,0.0,0.0,365.0,0.0,0.0,0.0,0.0,0.0,0.0,2,0,0.0,0.0,0.0,58.94,79.68606557377049,22.74,0.0,5,0,2,0,0,0,0,0
1,0,0,0,29.0,0,0,0,0,0,0,0,0,1,24.85,5.0,111.0,2.0,108.0,1.0,23.6,23.6,0.0,0.0,0.0,1,0,0.0,0.0,0.0,68.53,27.17413793103448,-33.21,2.5,0,0,1,0,0,0,0,1
0,0,0,1,25.0,1,0,0,1,0,1,0,0,1,54.75,4.0,191.0,1.0,87.0,0.0,0.0,0.0,0.0,0.0,0.0,2,1,0.5,8.86,17.71,74.36,50.653999999999996,-3.31,4.0,2,1,1,0,0,1,0,0
0,0,1,1,5.0,1,0,0,0,0,1,1,0,1,85.75,0.0,0.0,0.0,365.0,0.0,0.0,0.0,0.0,0.0,0.0,3,1,0.33,12.43,37.3,87.27,94.19,-5.79,0.0,2,3,0,1,0,0,1,0
1,0,0,0,15.0,0,0,0,0,1,0,1,1,0,50.75,5.0,203.0,1.0,285.0,0.0,0.0,0.0,0.0,0.0,0.0,3,1,0.33,9.58,28.74,56.05,45.88,-7.31,5.0,3,1,1,0,0,0,1,0
0,0,1,1,19.0,1,0,0,0,0,0,0,0,0,20.15,5.0,23.0,1.0,17.0,0.0,0.0,0.0,0.0,0.0,0.0,1,0,0.0,0.0,0.0,69.59,20.405263157894737,-0.92,5.0,0,0,2,0,1,0,0,1
1,0,0,0,44.0,1,0,0,0,0,0,0,0,0,20.05,0.0,0.0,0.0,365.0,0.0,0.0,0.0,0.0,0.0,0.0,2,1,0.5,19.36,38.73,59.8,19.210227272727273,-1.02,0.0,0,1,2,0,1,0,0,1
0,1,0,0,6.0,1,1,0,1,0,0,1,1,1,91.75,0.0,0.0,0.0,365.0,0.0,0.0,0.0,0.0,0.0,0.0,1,0,0.0,0.0,0.0,110.84,93.43333333333334,0.21,0.0,3,2,0,1,0,0,1,0
1,0,1,1,58.0,1,1,1,1,1,1,0,0,0,71.6,0.0,0.0,0.0,365.0,1.0,48.3,48.3,1.0,0.0,1.0,2,0,0.0,0.0,0.0,76.94,72.9353448275862,13.54,0.0,4,0,2,0,0,1,0,0
1,0,1,1,62.0,1,0,1,1,0,0,0,0,1,81.45,7.0,269.0,1.0,363.0,0.0,0.0,0.0,0.0,0.0,0.0,1,0,0.0,0.0,0.0,107.45,80.37177419354839,-10.09,7.0,2,0,1,1,0,1,0,0
0,0,1,1,70.0,0,0,0,1,1,1,1,1,1,58.4,0.0,0.0,0.0,365.0,0.0,0.0,0.0,0.0,0.0,0.0,3,1,0.33,6.26,18.79,72.22,58.75928571428571,0.34,0.0,5,1,1,0,0,0,0,0
0,1,0,0,1.0,0,0,0,0,0,0,0,0,1,25.7,0.0,0.0,0.0,365.0,0.0,0.0,0.0,0.0,0.0,0.0,2,0,0.0,0.0,0.0,77.76,25.7,-32.36,0.0,0,2,0,0,0,0,0,1
1,0,1,1,10.0,0,0,1,1,1,1,0,1,0,53.7,8.0,98.0,1.0,145.0,1.0,6.6,6.6,0.0,1.0,0.0,1,0,0.0,0.0,0.0,99.28,52.1,-4.36,8.0,5,1,2,0,0,1,0,0
1,0,0,0,26.0,1,0,0,0,0,0,0,0,1,19.6,0.0,0.0,0.0,365.0,0.0,0.0,0.0,0.0,0.0,0.0,2,1,0.5,14.82,29.64,81.16,18.148076923076925,-1.47,0.0,0,1,1,0,1,0,0,0
1,0,0,0,66.0,1,1,0,1,0,0,0,1,0,89.4,0.0,0.0,0.0,365.0,0.0,0.0,0.0,0.0,0.0,0.0,1,0,0.0,0.0,0.0,62.52,90.5590909090909,-2.14,0.0,2,1,0,1,0,1,0,0
0,0,1,1,7.0,1,0,0,0,0,0,0,0,1,69.0,0.0,0.0,0.0,365.0,0.0,0.0,0.0,0.0,0.0,0.0,3,0,0.0,0.0,0.0,70.59,72.41428571428571,-22.54,0.0,0,2,0,1,0,0,1,0
1,0,1,1,51.0,1,1,0,1,0,1,0,0,0,84.2,0.0,0.0,0.0,365.0,1.0,2.5,2.5,0.0,1.0,0.0,1,1,1.0,18.98,18.98,61.19,84.30882352941177,-7.34,0.0,2,1,1,1,0,0,0,0
1,0,1,1,72.0,1,1,1,1,1,1,1,0,1,106.1,5.0,221.0,1.0,192.0,0.0,0.0,0.0,0.0,0.0,0.0,3,1,0.33,7.5,22.51,83.78,104.84166666666667,14.56,5.0,5,1,2,1,0,1,0,0
1,0,0,0,65.0,1,1,0,0,0,0,0,0,0,25.75,8.0,293.0,1.0,40.0,0.0,0.0,0.0,0.0,0.0,0.0,1,0,0.0,0.0,0.0,43.83,25.45769230769231,4.68,8.0,0,0,2,0,1,0,0,1
1,0,0,0,2.0,1,0,0,0,0,0,0,0,0,46.05,0.0,0.0,0.0,365.0,0.0,0.0,0.0,0.0,0.0,0.0,2,0,0.0,0.0,0.0,60.72,40.175,-12.01,0.0,0,2,0,0,0,0,0,0
1,0,0,1,70.0,1,1,1,1,0,1,0,0,0,64.95,0.0,0.0,0.0,365.0,0.0,0.0,0.0,0.0,0.0,0.0,1,0,0.0,0.0,0.0,54.37,65.02142857142857,6.89,0.0,3,0,1,0,0,0,0,0
1,0,1,0,72.0,1,1,0,1,1,1,1,1,1,85.45,0.0,0.0,0.0,365.0,0.0,0.0,0.0,0.0,0.0,0.0,1,0,0.0,0.0,0.0,101.17,86.49305555555556,27.39,0.0,5,0,2,0,0,1,0,0
0,0,1,1,1.0,1,0,0,0,0,0,0,0,0,20.05,9.0,91.0,2.0,72.0,0.0,0.0,0.0,0.0,0.0,0.0,3,1,0.33,7.43,22.3,62.63,20.05,-1.02,4.5,0,3,0,0,1,0,0,1
0,1,1,0,1.0,1,0,0,1,0,0,0,0,1,76.4,0.0,0.0,0.0,365.0,0.0,0.0,0.0,0.0,0.0,0.0,1,0,0.0,0.0,0.0,108.77,76.4,-15.14,0.0,1,2,0,1,0,0,0,1
0,0,0,0,5.0,1,1,0,0,1,0,1,1,1,100.5,0.0,0.0,0.0,365.0,0.0,0.0,0.0,0.0,0.0,0.0,3,1,0.33,5.03,15.09,80.36,102.8,8.96,0.0,3,3,0,1,0,0,1,0
1,0,0,0,3.0,1,0,0,0,0,0,0,0,0,20.7,5.0,104.0,1.0,197.0,0.0,0.0,0.0,0.0,0.0,0.0,3,1,0.33,4.01,12.04,50.08,19.166666666666668,-0.37,5.0,0,3,0,0,1,0,0,1
1,0,0,0,58.0,1,1,0,0,0,0,0,0,1,25.3,2.0,220.0,1.0,253.0,0.0,0.0,0.0,0.0,0.0,0.0,1,0,0.0,0.0,0.0,101.13,25.419827586206896,4.23,2.0,0,0,2,0,1,1,0,0
1,1,1,1,22.0,0,0,1,0,0,0,0,1,0,40.05,0.0,0.0,0.0,365.0,0.0,0.0,0.0,0.0,0.0,0.0,3,0,0.0,0.0,0.0,41.62,40.00909090909091,-18.01,0.0,2,1,0,0,0,0,0,1
1,1,1,0,33.0,1,1,0,1,0,0,1,1,1,100.6,0.0,0.0,0.0,365.0,0.0,0.0,0.0,0.0,0.0,0.0,2,1,0.5,10.22,20.44,54.44,99.09848484848484,9.06,0.0,3,2,0,1,0,0,0,0
1,0,0,0,1.0,1,0,0,0,0,0,0,0,0,91.75,0.0,0.0,0.0,365.0,0.0,0.0,0.0,0.0,0.0,0.0,1,0,0.0,0.0,0.0,49.57,69.95,0.21,0.0,0,2,0,1,0,0,1,0
1,1,1,0,54.0,1,1,0,0,0,0,0,0,0,74.0,0.0,0.0,0.0,365.0,1.0,15.8,15.8,1.0,0.0,1.0,1,0,0.0,0.0,0.0,63.29,72.57685185185186,-17.54,0.0,0,1,0,1,0,0,0,0
1,0,1,0,72.0,1,1,0,1,0,0,1,1,1,99.4,0.0,0.0,0.0,365.0,1.0,18.0,18.0,1.0,0.0,1.0,2,0,0.0,0.0,0.0,71.24,101.19027777777778,7.86,0.0,3,0,2,1,0,0,1,0
1,0,0,1,1.0,1,1,0,0,0,0,1,1,1,93.3,0.0,0.0,0.0,365.0,0.0,0.0,0.0,0.0,0.0,0.0,2,0,0.0,0.0,0.0,45.78,93.3,1.76,0.0,2,2,0,1,0,0,1,0
1,0,0,0,3.0,1,0,0,0,1,0,0,0,1,49.15,0.0,0.0,0.0,365.0,0.0,0.0,0.0,0.0,0.0,0.0,3,0,0.0,0.0,0.0,99.11,56.35,-8.91,0.0,1,2,0,0,0,0,1,0
0,0,1,1,72.0,1,1,1,1,1,1,0,1,0,107.45,0.0,0.0,0.0,365.0,0.0,0.0,0.0,0.0,0.0,0.0,1,0,0.0,0.0,0.0,23.94,106.36527777777778,15.91,0.0,5,0,2,1,0,1,0,0
0,0,1,1,72.0,1,1,1,1,1,0,1,1,1,83.6,0.0,0.0,0.0,365.0,0.0,0.0,0.0,0.0,0.0,0.0,1,0,0.0,0.0,0.0,112.01,82.76805555555556,25.54,0.0,5,0,2,0,0,1,0,0
1,1,1,0,54.0,1,1,0,0,1,0,1,1,1,91.75,0.0,0.0,0.0,365.0,0.0,0.0,0.0,0.0,0.0,0.0,1,0,0.0,0.0,0.0,53.5,98.06851851851852,0.21,0.0,3,1,0,1,0,1,0,0
0,0,1,0,59.0,1,1,0,1,0,1,1,1,1,80.1,3.0,242.0,1.0,94.0,0.0,0.0,0.0,0.0,0.0,0.0,2,0,0.0,0.0,0.0,74.78,79.5457627118644,22.04,3.0,4,0,1,0,0,0,1,0
1,0,0,0,54.0,1,0,1,1,0,0,1,0,1,65.3,0.0,0.0,0.0,365.0,1.0,22.5,22.5,0.0,1.0,0.0,1,0,0.0,0.0,0.0,76.05,65.0537037037037,7.24,0.0,3,0,2,0,0,0,0,0
1,0,0,0,60.0,1,1,0,0,1,0,1,0,1,89.55,0.0,0.0,0.0,365.0,0.0,0.0,0.0,0.0,0.0,0.0,3,1,0.33,1.64,4.92,62.08,87.18666666666667,-1.99,0.0,2,1,2,1,0,0,1,0
0,0,1,0,64.0,0,0,0,1,1,1,1,1,0,60.8,0.0,0.0,0.0,365.0,0.0,0.0,0.0,0.0,0.0,0.0,1,0,0.0,0.0,0.0,110.67,56.30390625,2.74,0.0,5,0,2,0,0,1,0,0
1,0,0,0,3.0,1,1,0,0,0,0,0,0,0,74.5,0.0,0.0,0.0,365.0,0.0,0.0,0.0,0.0,0.0,0.0,1,0,0.0,0.0,0.0,30.72,72.48333333333333,-17.04,0.0,0,2,0,1,0,0,1,0
0,0,1,0,69.0,1,1,1,0,0,0,1,1,0,99.15,3.0,289.0,1.0,286.0,0.0,0.0,0.0,0.0,0.0,0.0,1,0,0.0,0.0,0.0,32.83,99.64275362318841,7.61,3.0,3,0,2,1,0,0,0,0
0,0,1,1,1.0,1,0,0,0,0,0,0,0,0,19.25,10.0,188.5,2.0,118.0,0.0,0.0,0.0,0.0,0.0,0.0,2,0,0.0,0.0,0.0,48.99,19.25,-1.82,5.0,0,2,0,0,1,0,1,0
1,0,1,1,50.0,0,0,1,0,0,0,1,0,1,39.45,0.0,0.0,0.0,365.0,0.0,0.0,0.0,0.0,0.0,0.0,1,0,0.0,0.0,0.0,91.17,40.427,-18.61,0.0,2,1,0,0,0,1,0,0
0,0,0,0,56.0,0,0,0,0,0,0,1,1,1,44.85,0.0,0.0,0.0,365.0,0.0,0.0,0.0,0.0,0.0,0.0,1,0,0.0,0.0,0.0,26.6,45.802678571428565,-13.21,0.0,2,1,0,0,0,1,0,0
0,0,1,0,60.0,1,0,1,0,0,1,1,1,1,97.2,0.0,0.0,0.0,365.0,1.0,65.5,65.5,1.0,0.0,1.0,3,0,0.0,0.0,0.0,86.28,93.52916666666667,5.66,0.0,4,0,2,1,0,0,1,0
1,1,1,0,69.0,1,1,1,0,1,1,1,1,1,110.55,0.0,0.0,0.0,365.0,0.0,0.0,0.0,0.0,0.0,0.0,3,0,0.0,0.0,0.0,42.33,110.2913043478261,19.01,0.0,5,0,1,1,0,0,0,1
0,0,0,0,1.0,0,0,0,0,0,0,0,1,0,35.05,0.0,0.0,0.0,365.0,0.0,0.0,0.0,0.0,0.0,0.0,1,0,0.0,0.0,0.0,65.36,35.05,-23.01,0.0,1,2,0,0,0,0,0,1
0,1,0,0,1.0,1,0,0,1,0,0,0,0,1,73.0,0.0,261.0,1.0,365.0,0.0,0.0,0.0,0.0,0.0,0.0,2,0,0.0,0.0,0.0,50.18,73.0,-18.54,0.0,1,2,0,1,0,0,1,0
0,0,1,0,3.0,1,0,0,0,0,0,0,0,1,19.9,0.0,0.0,0.0,365.0,0.0,0.0,0.0,0.0,0.0,0.0,3,0,0.0,0.0,0.0,64.68,15.25,-1.17,0.0,0,2,0,0,1,0,0,1
1,0,1,1,60.0,1,0,0,1,0,1,1,1,0,76.95,2.0,287.0,1.0,140.0,0.0,0.0,0.0,0.0,0.0,0.0,1,0,0.0,0.0,0.0,83.11,75.7325,18.89,2.0,4,0,2,0,0,0,0,0
0,0,0,0,13.0,0,0,0,0,1,1,0,0,0,35.4,0.0,0.0,0.0,365.0,0.0,0.0,0.0,0.0,0.0,0.0,1,0,0.0,0.0,0.0,115.28,34.646153846153844,-22.66,0.0,2,0,2,0,0,0,0,1
1,0,1,1,64.0,1,0,0,0,0,0,0,0,0,20.45,2.0,77.0,1.0,8.0,0.0,0.0,0.0,0.0,0.0,0.0,3,0,0.0,0.0,0.0,45.46,20.27109375,-0.62,2.0,0,0,2,0,1,0,0,0
0,0,0,0,45.0,1,1,1,1,0,0,0,1,0,96.75,0.0,0.0,0.0,365.0,1.0,22.3,22.3,1.0,0.0,1.0,1,0,0.0,0.0,0.0,60.53,98.72777777777777,5.21,0.0,3,0,1,1,0,0,0,0
0,0,0,0,25.0,0,0,0,0,1,1,1,1,0,54.2,2.0,12.0,1.0,266.0,0.0,0.0,0.0,0.0,0.0,0.0,1,0,0.0,0.0,0.0,36.12,56.926,-3.86,2.0,4,0,1,0,0,0,1,0
1,0,0,0,44.0,1,0,0,0,1,1,1,1,0,100.1,0.0,0.0,0.0,365.0,0.0,0.0,0.0,0.0,0.0,0.0,3,0,0.0,0.0,0.0,110.47,99.50795454545455,8.56,0.0,4,0,2,1,0,0,0,0
0,0,0,0,2.0,1,0,0,0,0,0,0,0,1,45.25,0.0,0.0,0.0,365.0,1.0,37.9,37.9,0.0,1.0,0.0,2,1,0.5,11.25,22.5,97.41,37.1,-12.81,0.0,0,3,0,0,0,0,0,1
1,1,0,0,33.0,1,1,0,1,1,0,0,0,1,83.85,0.0,0.0,0.0,365.0,0.0,0.0,0.0,0.0,0.0,0.0,1,0,0.0,0.0,0.0,65.11,82.31212121212121,-7.69,0.0,2,1,0,1,0,1,0,0
0,0,0,0,1.0,1,0,0,0,0,0,0,0,1,70.1,0.0,0.0,0.0,365.0,0.0,0.0,0.0,0.0,0.0,0.0,3,0,0.0,0.0,0.0,63.98,70.1,-21.44,0.0,0,2,0,1,0,0,1,0
0,0,0,0,22.0,1,0,0,0,0,0,0,0,0,20.85,5.0,116.0,1.0,365.0,0.0,0.0,0.0,0.0,0.0,0.0,2,0,0.0,0.0,0.0,98.34,20.48409090909091,-0.22,5.0,0,0,1,0,1,0,0,0
0,0,0,0,35.0,0,0,0,0,1,1,0,0,1,33.45,0.0,0.0,0.0,365.0,0.0,0.0,0.0,0.0,0.0,0.0,3,0,0.0,0.0,0.0,84.57,33.59571428571428,-24.61,0.0,2,1,0,0,0,0,0,1
0,0,1,1,29.0,1,0,0,0,0,0,0,0,0,20.2,0.0,0.0,0.0,365.0,0.0,0.0,0.0,0.0,0.0,0.0,2,0,0.0,0.0,0.0,60.4,19.268965517241377,-0.87,0.0,0,0,2,0,1,0,0,1
1,1,1,0,27.0,1,1,1,0,1,0,0,0,1,85.9,0.0,0.0,0.0,365.0,0.0,0.0,0.0,0.0,0.0,0.0,1,0,0.0,0.0,0.0,40.55,82.22592592592592,-5.64,0.0,2,0,1,1,0,0,1,0
1,0,0,1,54.0,1,0,0,1,1,1,0,0,1,61.0,0.0,0.0,0.0,365.0,0.0,0.0,0.0,0.0,0.0,0.0,1,0,0.0,0.0,0.0,76.18,60.797222222222224,2.94,0.0,3,0,1,0,0,0,1,0
0,1,0,0,2.0,1,0,0,0,0,0,0,0,1,70.65,0.0,0.0,0.0,365.0,0.0,0.0,0.0,0.0,0.0,0.0,1,1,1.0,4.79,4.79,88.28,71.175,-20.89,0.0,0,3,0,1,0,0,1,0
1,0,0,0,57.0,1,1,0,0,0,0,1,0,1,86.9,5.0,15.0,1.0,12.0,0.0,0.0,0.0,0.0,0.0,0.0,3,1,0.33,8.71,26.13,49.78,86.65350877192982,-4.64,5.0,1,1,1,1,0,0,1,0
1,0,0,0,62.0,1,1,1,1,1,1,0,0,0,69.4,6.0,294.0,1.0,42.0,0.0,0.0,0.0,0.0,0.0,0.0,2,0,0.0,0.0,0.0,64.74,68.34677419354838,11.34,6.0,4,0,2,0,0,0,0,0
0,0,1,1,15.0,1,0,0,0,0,0,0,0,0,20.35,0.0,0.0,0.0,365.0,0.0,0.0,0.0,0.0,0.0,0.0,2,0,0.0,0.0,0.0,54.2,22.396666666666665,-0.72,0.0,0,0,1,0,1,1,0,0
1,0,0,0,2.0,1,0,0,0,0,0,0,0,0,20.35,0.0,0.0,0.0,365.0,0.0,0.0,0.0,0.0,0.0,0.0,2,1,0.5,21.64,43.27,105.62,16.6,-0.72,0.0,0,3,0,0,1,0,0,1
0,0,1,0,70.0,1,1,0,0,1,1,1,1,1,104.3,0.0,0.0,0.0,365.0,1.0,36.0,36.0,1.0,0.0,1.0,1,0,0.0,0.0,0.0,51.8,102.69285714285714,12.76,0.0,4,0,2,1,0,0,0,0
0,0,1,1,21.0,1,0,0,0,0,0,0,0,1,44.95,0.0,0.0,0.0,365.0,0.0,0.0,0.0,0.0,0.0,0.0,3,0,0.0,0.0,0.0,44.18,44.107142857142854,-13.11,0.0,0,1,0,0,0,0,1,0
0,0,0,1,23.0,1,0,0,0,0,1,0,0,1,49.45,0.0,0.0,0.0,365.0,0.0,0.0,0.0,0.0,0.0,0.0,1,0,0.0,0.0,0.0,102.87,48.667391304347824,-8.61,0.0,1,0,1,0,0,0,1,0
1,0,0,0,6.0,1,0,0,0,0,0,0,0,0,20.6,0.0,0.0,0.0,365.0,0.0,0.0,0.0,0.0,0.0,0.0,3,1,0.33,1.39,4.18,50.35,19.433333333333334,-0.47,0.0,0,2,1,0,1,0,0,1
1,0,1,1,4.0,1,0,0,0,0,0,0,0,0,19.55,0.0,0.0,0.0,365.0,0.0,0.0,0.0,0.0,0.0,0.0,2,0,0.0,0.0,0.0,87.54,17.2,-1.52,0.0,0,1,2,0,1,1,0,0
0,0,0,0,12.0,1,0,1,0,1,0,1,1,1,99.0,0.0,0.0,0.0,365.0,0.0,0.0,0.0,0.0,0.0,0.0,3,0,0.0,0.0,0.0,63.19,23.95,7.46,0.0,4,1,0,1,0,1,0,0
0,0,0,0,23.0,1,1,0,0,0,0,1,1,1,93.5,0.0,0.0,0.0,365.0,0.0,0.0,0.0,0.0,0.0,0.0,2,1,0.5,1.16,2.33,54.72,101.80652173913045,1.96,0.0,2,2,0,1,0,0,1,0
1,0,0,0,26.0,0,0,1,0,0,1,1,1,0,54.55,4.0,264.0,1.0,74.0,1.0,10.6,10.6,0.0,1.0,0.0,1,0,0.0,0.0,0.0,54.75,52.41730769230769,-3.51,4.0,4,0,1,0,0,1,0,0
0,0,0,1,8.0,1,0,0,0,0,0,0,0,0,20.05,0.0,0.0,0.0,365.0,0.0,0.0,0.0,0.0,0.0,0.0,3,0,0.0,0.0,0.0,63.69,20.45,-1.02,0.0,0,2,0,0,1,0,0,1
1,0,0,0,26.0,1,1,0,0,0,0,0,1,1,83.95,14.0,193.5,2.0,97.0,0.0,0.0,0.0,0.0,0.0,0.0,2,0,0.0,0.0,0.0,88.13,86.69999999999999,-7.59,7.0,1,1,0,1,0,0,1,0
1,0,0,0,2.0,1,1,0,1,0,0,0,0,1,79.45,4.0,103.0,1.0,134.0,0.0,0.0,0.0,0.0,0.0,0.0,1,0,0.0,0.0,0.0,75.21,72.575,-12.09,4.0,1,2,0,1,0,0,1,0
1,0,0,0,67.0,1,1,1,1,1,1,1,1,0,116.2,4.0,132.0,1.0,164.0,0.0,0.0,0.0,0.0,0.0,0.0,3,0,0.0,0.0,0.0,47.0,115.70597014925373,24.66,4.0,6,0,2,1,0,1,0,0
0,0,1,0,71.0,1,1,0,0,0,0,1,1,1,93.7,5.0,14.0,1.0,289.0,0.0,0.0,0.0,0.0,0.0,0.0,3,0,0.0,0.0,0.0,73.9,92.75140845070423,2.16,5.0,2,0,2,1,0,0,0,0
0,0,0,0,59.0,1,1,1,1,1,1,0,1,0,79.85,0.0,0.0,0.0,365.0,0.0,0.0,0.0,0.0,0.0,0.0,3,0,0.0,0.0,0.0,99.09,81.12033898305086,21.79,0.0,5,0,1,0,0,1,0,0
1,0,1,1,39.0,1,1,0,0,1,0,1,1,0,100.0,4.0,65.0,1.0,127.0,0.0,0.0,0.0,0.0,0.0,0.0,3,0,0.0,0.0,0.0,83.85,98.3474358974359,8.46,4.0,3,0,1,1,0,0,1,0
1,0,0,1,21.0,1,0,0,0,0,0,0,0,0,19.6,5.0,229.0,1.0,29.0,0.0,0.0,0.0,0.0,0.0,0.0,1,0,0.0,0.0,0.0,57.24,18.904761904761905,-1.47,5.0,0,0,2,0,1,0,0,1
1,0,0,0,1.0,1,0,0,0,0,0,0,0,0,19.7,13.0,136.5,2.0,171.0,2.0,33.95,47.4,2.0,0.0,1.0,2,1,0.5,7.96,15.91,75.63,19.7,-1.37,6.5,0,3,0,0,1,0,0,1
0,0,1,1,48.0,1,0,0,0,0,0,0,0,0,20.2,0.0,0.0,0.0,365.0,0.0,0.0,0.0,0.0,0.0,0.0,2,0,0.0,0.0,0.0,70.51,21.401041666666668,-0.87,0.0,0,0,2,0,1,0,0,0
0,1,1,0,31.0,0,0,1,1,1,0,0,1,1,56.15,7.0,145.0,1.0,50.0,0.0,0.0,0.0,0.0,0.0,0.0,2,0,0.0,0.0,0.0,86.8,50.97096774193548,-1.91,7.0,4,0,1,0,0,1,0,0
0,0,1,1,64.0,1,1,1,1,1,1,1,1,0,113.35,0.0,0.0,0.0,365.0,0.0,0.0,0.0,0.0,0.0,0.0,3,0,0.0,0.0,0.0,39.08,112.85546875,21.81,0.0,6,0,1,1,0,0,1,0
1,0,1,1,12.0,1,1,0,1,0,0,0,0,1,80.0,4.0,229.0,1.0,227.0,0.0,0.0,0.0,0.0,0.0,0.0,3,0,0.0,0.0,0.0,84.01,314.14166666666665,-11.54,4.0,1,1,0,1,0,0,0,0
0,0,0,0,52.0,1,1,0,0,1,1,1,1,1,80.95,14.0,190.5,2.0,151.0,0.0,0.0,0.0,0.0,0.0,0.0,1,0,0.0,0.0,0.0,104.56,81.42211538461538,22.89,7.0,4,0,2,0,0,0,0,0
0,0,1,1,67.0,1,1,0,0,0,0,0,0,1,24.9,7.0,100.0,1.0,143.0,0.0,0.0,0.0,0.0,0.0,0.0,1,0,0.0,0.0,0.0,65.33,25.078358208955223,3.83,7.0,0,0,2,0,1,0,0,1
0,1,0,0,67.0,1,1,0,1,0,0,0,0,0,54.9,0.0,0.0,0.0,365.0,0.0,0.0,0.0,0.0,0.0,0.0,3,0,0.0,0.0,0.0,59.55,55.6044776119403,-3.16,0.0,1,1,0,0,0,0,1,0
0,0,0,0,5.0,1,1,0,0,0,0,0,0,0,75.55,0.0,0.0,0.0,365.0,0.0,0.0,0.0,0.0,0.0,0.0,1,0,0.0,0.0,0.0,31.81,82.72999999999999,-15.99,0.0,0,2,0,1,0,0,1,0
0,0,1,0,71.0,1,1,0,1,1,1,1,1,0,109.25,0.0,0.0,0.0,365.0,0.0,0.0,0.0,0.0,0.0,0.0,2,1,0.5,10.1,20.2,52.47,108.55915492957746,17.71,0.0,5,1,2,1,0,0,1,0
0,0,0,0,9.0,1,0,0,0,0,0,1,0,1,77.65,5.0,296.0,1.0,102.0,0.0,0.0,0.0,0.0,0.0,0.0,3,0,0.0,0.0,0.0,64.34,79.35,-13.89,5.0,1,2,0,1,0,0,0,0
0,1,0,0,26.0,1,1,1,1,0,0,0,1,1,95.0,0.0,0.0,0.0,365.0,0.0,0.0,0.0,0.0,0.0,0.0,1,0,0.0,0.0,0.0,42.96,96.04615384615384,3.46,0.0,3,1,0,1,0,0,1,0
1,0,0,0,71.0,1,1,1,1,1,1,1,1,1,116.3,5.0,55.0,1.0,88.0,0.0,0.0,0.0,0.0,0.0,0.0,3,2,0.67,10.78,28.43,62.34,117.03591549295774,24.76,5.0,6,1,1,1,0,0,0,0
0,0,0,0,32.0,1,0,0,0,0,0,0,0,0,19.9,0.0,0.0,0.0,365.0,0.0,0.0,0.0,0.0,0.0,0.0,3,0,0.0,0.0,0.0,57.04,18.7984375,-1.17,0.0,0,1,0,0,1,0,0,0
0,0,0,0,2.0,1,0,0,0,0,0,0,0,0,70.35,0.0,0.0,0.0,365.0,0.0,0.0,0.0,0.0,0.0,0.0,3,2,0.67,7.93,12.65,59.18,69.625,-21.19,0.0,0,3,0,1,0,0,1,0
0,0,1,0,71.0,1,1,0,0,0,0,0,0,0,25.6,7.0,140.5,2.0,67.0,0.0,0.0,0.0,0.0,0.0,0.0,3,1,0.33,4.03,12.1,33.82,26.595070422535212,4.53,3.5,0,1,2,0,1,1,0,0
0,0,0,0,60.0,0,0,1,0,1,0,0,1,1,44.45,0.0,0.0,0.0,365.0,0.0,0.0,0.0,0.0,0.0,0.0,2,0,0.0,0.0,0.0,33.04,46.23166666666667,-13.61,0.0,3,0,1,0,0,0,1,0
0,1,0,0,55.0,1,1,0,0,1,0,1,1,1,100.15,0.0,0.0,0.0,365.0,1.0,5.9,5.9,1.0,0.0,1.0,2,0,0.0,0.0,0.0,63.62,98.35909090909091,8.61,0.0,3,0,1,1,0,0,1,0
1,0,0,0,54.0,1,0,1,1,0,1,1,1,1,105.4,0.0,0.0,0.0,365.0,2.0,39.95,65.7,0.0,2.0,0.0,3,0,0.0,0.0,0.0,48.09,104.5074074074074,13.86,0.0,5,0,1,1,0,1,0,0
1,0,0,0,2.0,1,0,0,0,1,0,1,1,1,95.85,0.0,0.0,0.0,365.0,2.0,14.3,27.0,1.0,0.0,0.5,3,0,0.0,0.0,0.0,73.03,98.85,4.31,0.0,3,2,0,1,0,0,1,0
0,0,0,0,6.0,1,1,0,0,0,0,0,0,1,73.85,0.0,0.0,0.0,365.0,0.0,0.0,0.0,0.0,0.0,0.0,3,1,0.33,9.24,27.72,99.62,66.88333333333334,-17.69,0.0,0,3,0,1,0,0,0,1
0,0,1,1,48.0,1,0,1,1,1,0,0,1,1,70.1,0.0,0.0,0.0,365.0,0.0,0.0,0.0,0.0,0.0,0.0,3,0,0.0,0.0,0.0,89.54,67.46666666666667,12.04,0.0,4,0,2,0,0,1,0,0
1,0,1,1,63.0,1,1,0,0,0,0,0,0,0,25.25,5.0,251.0,1.0,44.0,0.0,0.0,0.0,0.0,0.0,0.0,2,0,0.0,0.0,0.0,56.42,24.96904761904762,4.18,5.0,0,0,2,0,1,0,0,1
1,0,0,0,1.0,1,1,0,1,0,0,0,0,1,79.15,10.0,14.5,2.0,89.0,0.0,0.0,0.0,0.0,0.0,0.0,2,0,0.0,0.0,0.0,76.69,79.15,-12.39,5.0,1,2,0,1,0,0,1,0
1,0,0,1,12.0,1,0,0,0,0,0,0,0,0,21.05,0.0,0.0,0.0,365.0,0.0,0.0,0.0,0.0,0.0,0.0,2,0,0.0,0.0,0.0,61.22,19.650000000000002,-0.02,0.0,0,1,0,0,1,1,0,0
1,1,1,0,54.0,0,0,0,0,0,0,0,0,1,24.95,0.0,0.0,0.0,365.0,0.0,0.0,0.0,0.0,0.0,0.0,2,1,0.5,13.88,27.77,81.28,25.27314814814815,-33.11,0.0,0,2,0,0,0,0,0,0
0,0,1,1,30.0,1,0,0,0,1,1,1,0,1,64.5,0.0,0.0,0.0,365.0,0.0,0.0,0.0,0.0,0.0,0.0,1,0,0.0,0.0,0.0,117.22,66.17166666666667,6.44,0.0,3,0,1,0,0,0,1,0
0,0,1,0,30.0,1,0,0,0,0,0,0,0,0,19.65,0.0,0.0,0.0,365.0,0.0,0.0,0.0,0.0,0.0,0.0,3,1,0.33,4.35,13.04,54.09,21.861666666666668,-1.42,0.0,0,2,0,0,1,0,0,0
0,0,0,0,4.0,1,0,0,0,0,0,1,0,1,79.0,1.0,125.0,1.0,270.0,0.0,0.0,0.0,0.0,0.0,0.0,3,0,0.0,0.0,0.0,81.89,75.7875,-12.54,1.0,1,2,0,1,0,0,1,0
0,0,0,0,40.0,1,1,0,0,1,1,1,1,1,105.95,0.0,0.0,0.0,365.0,0.0,0.0,0.0,0.0,0.0,0.0,2,1,0.5,7.86,15.72,77.62,108.38,14.41,0.0,4,1,1,1,0,1,0,0
0,0,1,1,9.0,1,0,0,0,0,1,0,0,1,75.85,0.0,0.0,0.0,365.0,0.0,0.0,0.0,0.0,0.0,0.0,3,1,0.33,9.48,28.43,90.5,71.94444444444444,-15.69,0.0,1,3,0,1,0,0,1,0
0,0,1,1,17.0,1,0,1,0,0,1,1,0,0,91.85,0.0,0.0,0.0,365.0,1.0,21.7,21.7,0.0,1.0,0.0,3,0,0.0,0.0,0.0,57.01,92.61470588235295,0.31,0.0,3,1,0,1,0,0,1,0
0,0,0,0,62.0,0,0,0,1,1,0,0,1,1,56.15,0.0,0.0,0.0,365.0,1.0,21.6,21.6,1.0,0.0,1.0,3,0,0.0,0.0,0.0,88.18,44.33387096774193,-1.91,0.0,3,0,2,0,0,1,0,0
1,0,0,0,28.0,1,0,0,1,0,1,1,0,1,91.25,0.0,0.0,0.0,365.0,0.0,0.0,0.0,0.0,0.0,0.0,1,1,1.0,54.85,54.85,109.8,88.70178571428572,-0.29,0.0,3,1,1,1,0,0,0,0
0,0,0,0,70.0,1,1,1,1,1,1,1,1,0,56.15,0.0,0.0,0.0,365.0,0.0,0.0,0.0,0.0,0.0,0.0,2,0,0.0,0.0,0.0,69.72,90.96,-1.91,0.0,6,0,2,0,0,1,0,0
0,0,0,0,46.0,1,0,0,1,1,1,1,1,1,104.4,7.0,85.0,1.0,46.0,0.0,0.0,0.0,0.0,0.0,0.0,3,1,0.33,3.8,11.4,49.49,106.61304347826086,12.86,7.0,5,1,2,1,0,0,0,0
0,0,1,0,23.0,1,1,0,0,1,0,0,1,0,90.15,0.0,0.0,0.0,365.0,0.0,0.0,0.0,0.0,0.0,0.0,3,0,0.0,0.0,0.0,76.96,88.9108695652174,-1.39,0.0,2,1,0,1,0,0,0,1
1,0,1,1,47.0,0,0,1,0,1,1,0,0,0,40.3,0.0,0.0,0.0,365.0,0.0,0.0,0.0,0.0,0.0,0.0,1,0,0.0,0.0,0.0,104.25,38.18723404255319,-17.76,0.0,3,0,1,0,0,0,1,0
1,0,1,1,68.0,1,0,1,1,1,0,1,1,1,105.25,0.0,0.0,0.0,365.0,0.0,0.0,0.0,0.0,0.0,0.0,3,1,0.33,3.37,10.1,85.86,105.4875,13.71,0.0,5,1,2,1,0,0,0,0
0,1,0,0,60.0,1,1,0,0,1,1,1,1,1,106.0,0.0,0.0,0.0,365.0,0.0,0.0,0.0,0.0,0.0,0.0,2,0,0.0,0.0,0.0,57.18,107.35666666666665,14.46,0.0,4,0,1,1,0,0,1,0
0,0,0,1,67.0,1,1,0,1,0,1,1,1,1,104.0,0.0,0.0,0.0,365.0,0.0,0.0,0.0,0.0,0.0,0.0,1,1,1.0,23.41,23.41,77.95,105.06044776119403,12.46,0.0,4,1,2,1,0,0,1,0
0,0,0,0,14.0,1,0,0,0,0,1,1,1,1,69.65,0.0,0.0,0.0,365.0,0.0,0.0,0.0,0.0,0.0,0.0,3,0,0.0,0.0,0.0,47.2,65.81428571428572,11.59,0.0,3,1,0,0,0,0,1,0
1,0,1,1,57.0,1,1,0,0,0,0,0,0,1,74.3,6.0,295.0,1.0,228.0,1.0,48.2,48.2,1.0,0.0,1.0,3,1,0.33,1.71,5.13,75.56,70.49736842105263,-17.24,6.0,0,2,0,1,0,0,1,0
0,0,1,1,55.0,1,1,1,0,0,0,1,1,0,100.9,5.0,243.0,1.0,21.0,0.0,0.0,0.0,0.0,0.0,0.0,1,0,0.0,0.0,0.0,46.51,99.06545454545456,9.36,5.0,3,0,1,1,0,0,0,1
1,0,0,0,1.0,1,0,0,0,0,0,0,0,1,20.25,0.0,0.0,0.0,365.0,1.0,17.3,17.3,0.0,0.0,0.0,2,1,0.5,4.96,9.93,63.34,20.25,-0.82,0.0,0,3,0,0,1,0,0,1
1,0,0,1,1.0,1,0,0,0,0,1,0,0,1,49.9,0.0,0.0,0.0,365.0,0.0,0.0,0.0,0.0,0.0,0.0,3,1,0.33,10.18,30.54,101.73,49.9,-8.16,0.0,1,3,0,0,0,0,0,1
1,0,0,0,12.0,1,1,0,0,1,1,1,0,1,96.9,0.0,0.0,0.0,365.0,0.0,0.0,0.0,0.0,0.0,0.0,1,0,0.0,0.0,0.0,86.41,173.7875,5.36,0.0,3,1,0,1,0,1,0,0
0,0,0,0,13.0,1,1,1,0,0,0,1,1,1,100.35,2.0,66.0,1.0,152.0,0.0,0.0,0.0,0.0,0.0,0.0,2,1,0.5,6.08,12.16,65.46,104.52692307692307,8.81,2.0,3,2,0,1,0,0,1,0
1,0,1,0,47.0,1,1,0,1,1,0,1,1,1,104.1,0.0,0.0,0.0,365.0,0.0,0.0,0.0,0.0,0.0,0.0,3,0,0.0,0.0,0.0,63.93,109.25851063829786,12.56,0.0,4,1,0,1,0,0,1,0
1,0,0,0,38.0,1,0,0,0,0,0,0,0,0,20.1,0.0,0.0,0.0,365.0,0.0,0.0,0.0,0.0,0.0,0.0,3,1,0.33,3.0,9.0,103.6,19.21315789473684,-0.97,0.0,0,1,1,0,1,0,0,1
0,1,1,0,38.0,1,1,0,0,0,0,0,0,1,74.95,1.0,76.0,1.0,285.0,0.0,0.0,0.0,0.0,0.0,0.0,2,0,0.0,0.0,0.0,76.88,75.52236842105263,-16.59,1.0,0,1,0,1,0,0,0,0
0,1,0,0,2.0,1,1,0,1,0,0,0,0,1,56.55,5.0,29.0,1.0,88.0,0.0,0.0,0.0,0.0,0.0,0.0,2,0,0.0,0.0,0.0,92.66,59.125,-1.51,5.0,1,2,0,0,0,1,0,0
1,1,1,1,1.0,1,0,0,0,0,1,0,0,1,49.25,3.0,125.0,1.0,348.0,0.0,0.0,0.0,0.0,0.0,0.0,2,0,0.0,0.0,0.0,112.76,49.25,-8.81,3.0,1,2,0,0,0,1,0,0
1,0,1,0,15.0,1,0,0,0,0,0,0,0,1,68.6,0.0,0.0,0.0,365.0,2.0,9.6,12.6,1.0,1.0,0.5,2,0,0.0,0.0,0.0,70.42,73.90666666666667,-22.94,0.0,0,1,0,1,0,0,0,0
0,0,0,0,26.0,1,0,0,0,0,0,0,0,1,69.05,0.0,0.0,0.0,365.0,0.0,0.0,0.0,0.0,0.0,0.0,1,0,0.0,0.0,0.0,113.25,69.83269230769231,-22.49,0.0,0,1,0,1,0,1,0,0
0,0,1,1,35.0,1,0,0,0,0,0,0,0,0,19.7,0.0,0.0,0.0,365.0,0.0,0.0,0.0,0.0,0.0,0.0,3,0,0.0,0.0,0.0,67.01,20.86857142857143,-1.37,0.0,0,0,2,0,1,1,0,0
1,0,0,1,3.0,1,0,0,0,0,0,0,0,1,20.05,4.0,14.0,1.0,101.0,0.0,0.0,0.0,0.0,0.0,0.0,2,1,0.5,25.79,51.58,102.42,25.150000000000002,-1.02,4.0,0,3,0,0,1,0,0,1
1,0,1,1,50.0,1,1,0,1,0,1,1,1,0,103.7,6.0,81.0,1.0,74.0,0.0,0.0,0.0,0.0,0.0,0.0,3,0,0.0,0.0,0.0,77.01,101.421,12.16,6.0,4,1,0,1,0,0,1,0
1,0,1,0,42.0,1,1,1,0,1,0,0,1,1,94.4,0.0,0.0,0.0,365.0,0.0,0.0,0.0,0.0,0.0,0.0,1,0,0.0,0.0,0.0,57.64,95.58571428571429,2.86,0.0,3,1,0,1,0,0,1,0
1,0,1,0,10.0,1,0,1,0,0,1,0,0,1,54.95,0.0,0.0,0.0,365.0,0.0,0.0,0.0,0.0,0.0,0.0,2,1,0.5,14.92,29.84,76.86,56.885000000000005,-3.11,0.0,2,3,0,0,0,1,0,0
0,0,1,0,61.0,1,0,1,1,0,1,0,1,0,93.7,4.0,214.0,1.0,170.0,0.0,0.0,0.0,0.0,0.0,0.0,2,1,0.5,20.04,40.07,67.14,96.07704918032786,2.16,4.0,4,1,1,1,0,0,0,0
0,0,0,0,68.0,1,1,1,1,0,1,1,1,0,110.25,0.0,0.0,0.0,365.0,0.0,0.0,0.0,0.0,0.0,0.0,1,0,0.0,0.0,0.0,43.8,107.04926470588236,18.71,0.0,5,0,2,1,0,1,0,0
1,0,0,0,10.0,1,0,1,0,1,0,1,1,1,98.9,0.0,0.0,0.0,365.0,0.0,0.0,0.0,0.0,0.0,0.0,2,0,0.0,0.0,0.0,58.56,106.495,7.36,0.0,4,1,1,1,0,0,1,0
1,0,1,0,65.0,1,1,1,1,1,0,0,0,0,89.75,0.0,0.0,0.0,365.0,2.0,7.85,8.0,0.0,2.0,0.0,2,0,0.0,0.0,0.0,50.1,88.76307692307692,-1.79,0.0,3,0,1,1,0,0,1,0
0,0,1,1,72.0,1,0,1,0,1,1,1,1,1,80.45,0.0,0.0,0.0,365.0,0.0,0.0,0.0,0.0,0.0,0.0,2,2,1.0,24.56,35.37,89.35,81.76180555555555,22.39,0.0,5,1,2,0,0,0,0,0
1,0,1,1,12.0,1,0,0,1,0,1,0,0,0,79.4,3.0,152.0,1.0,159.0,0.0,0.0,0.0,0.0,0.0,0.0,3,0,0.0,0.0,0.0,84.6,353.20416666666665,-12.14,3.0,2,1,0,1,0,0,1,0
0,0,0,0,1.0,1,0,0,0,0,0,0,0,1,20.3,0.0,0.0,0.0,365.0,1.0,46.7,46.7,0.0,0.0,0.0,3,1,0.33,2.65,7.96,60.14,20.3,-0.77,0.0,0,3,0,0,1,0,0,1
0,0,0,0,7.0,1,0,0,0,1,1,0,1,0,62.8,0.0,0.0,0.0,365.0,1.0,54.5,54.5,0.0,1.0,0.0,2,0,0.0,0.0,0.0,71.19,59.75714285714286,4.74,0.0,3,2,0,0,0,0,0,0
0,0,0,0,2.0,1,1,0,0,0,0,0,0,1,74.9,0.0,0.0,0.0,365.0,0.0,0.0,0.0,0.0,0.0,0.0,2,0,0.0,0.0,0.0,108.91,68.025,-16.64,0.0,0,2,0,1,0,0,0,1
0,0,0,0,9.0,1,0,1,0,0,0,0,0,1,74.85,0.0,0.0,0.0,365.0,1.0,55.5,55.5,1.0,0.0,1.0,3,1,0.33,12.94,38.82,85.08,78.6888888888889,-16.69,0.0,1,3,0,1,0,0,1,0
1,0,0,1,27.0,1,1,0,0,0,0,0,0,1,25.85,0.0,0.0,0.0,365.0,0.0,0.0,0.0,0.0,0.0,0.0,2,0,0.0,0.0,0.0,73.21,29.205555555555552,4.78,0.0,0,0,2,0,1,1,0,0
1,1,1,0,7.0,1,1,0,0,1,0,1,1,1,101.95,0.0,0.0,0.0,365.0,0.0,0.0,0.0,0.0,0.0,0.0,2,0,0.0,0.0,0.0,68.59,100.12142857142858,10.41,0.0,3,2,0,1,0,0,1,0
0,0,1,0,64.0,1,0,0,1,1,1,0,1,1,68.3,0.0,0.0,0.0,365.0,0.0,0.0,0.0,0.0,0.0,0.0,3,0,0.0,0.0,0.0,82.66,68.41875,10.24,0.0,4,0,2,0,0,0,0,1
1,0,0,0,70.0,0,0,1,0,1,1,0,1,0,48.4,0.0,0.0,0.0,365.0,0.0,0.0,0.0,0.0,0.0,0.0,2,2,1.0,25.22,46.52,59.99,49.182857142857145,-9.66,0.0,4,1,2,0,0,0,0,0
1,1,0,0,2.0,1,1,0,0,0,0,1,1,1,94.0,13.0,122.0,2.0,234.0,0.0,0.0,0.0,0.0,0.0,0.0,1,0,0.0,0.0,0.0,47.62,90.85,2.46,6.5,2,2,0,1,0,0,1,0
1,1,0,0,67.0,1,0,1,1,0,1,1,1,1,105.05,9.0,106.0,2.0,192.0,0.0,0.0,0.0,0.0,0.0,0.0,1,0,0.0,0.0,0.0,83.18,107.04029850746268,13.51,4.5,5,0,2,1,0,0,1,0
0,0,0,0,12.0,1,1,0,1,0,0,1,0,1,89.3,3.0,139.0,1.0,297.0,0.0,0.0,0.0,0.0,0.0,0.0,1,0,0.0,0.0,0.0,25.04,334.7375,-2.24,3.0,2,1,0,1,0,1,0,0
0,0,0,0,24.0,1,1,0,0,0,0,0,0,0,25.15,4.0,297.0,1.0,253.0,1.0,0.9,0.9,0.0,1.0,0.0,2,0,0.0,0.0,0.0,92.14,23.041666666666668,4.08,4.0,0,0,2,0,1,1,0,0
1,0,1,1,4.0,1,0,0,0,0,0,0,0,0,19.5,5.0,298.0,1.0,348.0,1.0,5.0,5.0,1.0,0.0,1.0,2,0,0.0,0.0,0.0,75.94,24.2125,-1.57,5.0,0,1,2,0,1,1,0,0
1,0,1,1,44.0,1,0,0,0,1,0,1,1,1,92.95,2.0,252.0,1.0,204.0,1.0,75.3,75.3,1.0,0.0,1.0,3,0,0.0,0.0,0.0,97.72,93.70227272727271,1.41,2.0,3,1,0,1,0,0,0,0
0,0,1,1,72.0,1,0,0,0,0,0,0,0,1,20.7,0.0,0.0,0.0,365.0,0.0,0.0,0.0,0.0,0.0,0.0,1,1,1.0,28.22,28.22,99.78,20.5875,-0.37,0.0,0,1,2,0,1,0,0,1
0,0,0,0,1.0,1,0,0,1,0,0,0,0,1,74.3,5.0,229.0,1.0,296.0,0.0,0.0,0.0,0.0,0.0,0.0,1,0,0.0,0.0,0.0,90.09,74.3,-17.24,5.0,1,2,0,1,0,1,0,0
1,0,0,0,66.0,1,0,0,0,0,0,0,0,0,20.15,2.0,88.0,1.0,147.0,0.0,0.0,0.0,0.0,0.0,0.0,3,1,0.33,0.97,2.92,69.97,18.8,-0.92,2.0,0,1,2,0,1,0,0,0
1,0,0,0,1.0,0,0,0,1,0,1,0,1,1,44.65,0.0,0.0,0.0,365.0,1.0,27.9,27.9,0.0,0.0,0.0,3,0,0.0,0.0,0.0,59.19,44.65,-13.41,0.0,3,2,0,0,0,0,0,1
1,0,1,1,13.0,1,0,1,0,0,0,0,1,0,84.05,5.0,73.0,1.0,86.0,0.0,0.0,0.0,0.0,0.0,0.0,1,0,0.0,0.0,0.0,99.82,84.25384615384615,-7.49,5.0,2,1,0,1,0,0,1,0
1,0,0,0,10.0,1,1,0,1,0,0,0,0,1,80.7,0.0,0.0,0.0,365.0,0.0,0.0,0.0,0.0,0.0,0.0,1,0,0.0,0.0,0.0,53.07,78.88,-10.84,0.0,1,2,0,1,0,0,0,0
1,1,1,0,65.0,1,1,0,1,1,0,1,1,1,104.35,0.0,0.0,0.0,365.0,0.0,0.0,0.0,0.0,0.0,0.0,3,0,0.0,0.0,0.0,56.53,101.20846153846153,12.81,0.0,4,1,0,1,0,0,1,0
1,0,0,1,1.0,1,0,0,0,0,0,0,0,0,19.55,0.0,0.0,0.0,365.0,0.0,0.0,0.0,0.0,0.0,0.0,3,0,0.0,0.0,0.0,95.98,19.55,-1.52,0.0,0,2,0,0,1,0,0,1
1,0,1,1,38.0,1,0,1,1,1,1,1,0,0,74.05,0.0,0.0,0.0,365.0,0.0,0.0,0.0,0.0,0.0,0.0,1,0,0.0,0.0,0.0,96.34,73.74473684210527,15.99,0.0,5,0,1,0,0,0,1,0
1,0,0,1,23.0,0,0,1,0,1,1,0,0,0,40.1,0.0,0.0,0.0,365.0,0.0,0.0,0.0,0.0,0.0,0.0,2,1,0.5,6.3,12.61,31.94,37.29347826086956,-17.96,0.0,3,1,2,0,0,0,0,1
0,0,1,0,10.0,1,0,0,0,0,0,0,0,0,20.15,6.0,144.0,1.0,40.0,0.0,0.0,0.0,0.0,0.0,0.0,1,0,0.0,0.0,0.0,111.35,18.44,-0.92,6.0,0,1,1,0,1,0,0,1
1,0,0,1,4.0,1,1,0,1,0,0,1,1,1,101.7,0.0,0.0,0.0,365.0,0.0,0.0,0.0,0.0,0.0,0.0,2,0,0.0,0.0,0.0,68.43,91.1375,10.16,0.0,3,2,0,1,0,0,1,0
1,0,1,1,72.0,1,1,1,0,1,1,1,1,1,83.55,11.0,85.0,2.0,127.0,0.0,0.0,0.0,0.0,0.0,0.0,3,0,0.0,0.0,0.0,92.75,84.62916666666666,25.49,5.5,5,0,2,0,0,1,0,0
0,0,1,0,35.0,1,0,0,1,0,1,0,0,0,56.85,0.0,0.0,0.0,365.0,0.0,0.0,0.0,0.0,0.0,0.0,3,2,0.67,7.16,12.79,48.6,53.17428571428571,-1.21,0.0,2,2,0,0,0,0,1,0
0,0,0,0,1.0,1,0,0,0,0,0,0,0,0,20.4,0.0,0.0,0.0,365.0,0.0,0.0,0.0,0.0,0.0,0.0,2,0,0.0,0.0,0.0,86.97,20.4,-0.67,0.0,0,2,0,0,1,0,0,1
0,0,1,1,58.0,1,0,0,0,0,0,0,0,0,19.55,7.0,123.0,2.0,23.0,0.0,0.0,0.0,0.0,0.0,0.0,1,0,0.0,0.0,0.0,79.81,18.614655172413794,-1.52,3.5,0,0,2,0,1,1,0,0
1,0,1,1,70.0,1,0,0,1,1,1,1,1,1,106.15,4.0,197.0,1.0,344.0,0.0,0.0,0.0,0.0,0.0,0.0,1,0,0.0,0.0,0.0,66.76,106.78714285714287,14.61,4.0,5,0,1,1,0,0,1,0
1,0,1,1,38.0,1,1,0,1,1,0,1,1,0,78.95,0.0,0.0,0.0,365.0,0.0,0.0,0.0,0.0,0.0,0.0,3,1,0.33,2.01,6.03,47.66,75.33026315789475,20.89,0.0,4,1,1,0,0,1,0,0
0,0,1,1,60.0,0,0,0,1,0,0,1,1,1,49.75,0.0,0.0,0.0,365.0,0.0,0.0,0.0,0.0,0.0,0.0,2,2,1.0,22.98,34.1,103.36,51.1575,-8.31,0.0,3,2,0,0,0,0,1,0
1,0,0,0,12.0,1,1,1,1,0,0,1,0,1,92.4,0.0,0.0,0.0,365.0,1.0,41.3,41.3,1.0,0.0,1.0,2,0,0.0,0.0,0.0,72.51,195.8166666666667,0.86,0.0,3,1,0,1,0,1,0,0
0,0,0,0,8.0,1,0,1,1,0,1,0,0,0,58.2,0.0,0.0,0.0,365.0,0.0,0.0,0.0,0.0,0.0,0.0,1,0,0.0,0.0,0.0,81.22,58.65625,0.14,0.0,3,1,1,0,0,0,0,0
1,0,1,1,41.0,1,1,0,0,1,1,1,1,1,102.6,0.0,0.0,0.0,365.0,0.0,0.0,0.0,0.0,0.0,0.0,1,0,0.0,0.0,0.0,30.45,102.76463414634148,11.06,0.0,4,0,1,1,0,0,1,0
0,1,1,0,36.0,1,1,0,1,0,0,1,0,1,91.95,0.0,0.0,0.0,365.0,0.0,0.0,0.0,0.0,0.0,0.0,3,0,0.0,0.0,0.0,71.92,91.69583333333334,0.41,0.0,2,1,0,1,0,1,0,0
1,1,0,0,54.0,1,0,0,0,1,1,0,1,0,65.25,0.0,0.0,0.0,365.0,1.0,22.4,22.4,0.0,0.0,0.0,3,1,0.33,6.04,18.12,68.89,65.36944444444444,7.19,0.0,3,1,1,0,0,0,0,0
1,0,1,1,71.0,1,1,0,1,1,0,1,1,1,106.0,9.0,13.0,1.0,79.0,0.0,0.0,0.0,0.0,0.0,0.0,3,0,0.0,0.0,0.0,52.47,108.78450704225352,14.46,9.0,4,0,2,1,0,0,0,0
0,0,0,0,55.0,1,1,0,0,0,0,0,0,1,91.75,0.0,0.0,0.0,365.0,0.0,0.0,0.0,0.0,0.0,0.0,3,1,0.33,4.46,13.39,67.52,75.36181818181818,0.21,0.0,0,2,0,1,0,0,1,0
0,0,0,0,72.0,1,1,1,1,0,0,0,0,0,59.75,0.0,0.0,0.0,365.0,0.0,0.0,0.0,0.0,0.0,0.0,3,0,0.0,0.0,0.0,67.21,59.236111111111114,1.69,0.0,2,0,2,0,0,0,0,0
0,0,0,1,3.0,1,0,1,0,0,1,0,0,1,55.1,0.0,0.0,0.0,365.0,1.0,1.2,1.2,0.0,1.0,0.0,3,1,0.33,1.11,3.34,87.6,51.550000000000004,-2.96,0.0,2,3,0,0,0,0,0,1
0,0,1,1,54.0,1,1,0,1,1,0,0,0,1,59.8,9.0,117.0,1.0,257.0,0.0,0.0,0.0,0.0,0.0,0.0,3,1,0.33,3.68,11.03,54.55,60.11944444444444,1.74,9.0,2,1,2,0,0,0,0,0
1,0,1,1,72.0,1,1,1,1,1,1,1,1,1,116.6,0.0,0.0,0.0,365.0,1.0,1.2,1.2,0.0,1.0,0.0,3,0,0.0,0.0,0.0,66.52,115.79791666666668,25.06,0.0,6,0,2,1,0,0,0,0
1,0,0,0,52.0,1,1,1,0,1,1,1,1,1,109.3,0.0,0.0,0.0,365.0,0.0,0.0,0.0,0.0,0.0,0.0,3,1,0.33,16.38,49.13,64.76,110.21923076923076,17.76,0.0,5,1,2,1,0,0,1,0
0,1,0,0,60.0,1,1,1,0,0,0,1,1,1,101.4,4.0,169.0,1.0,225.0,0.0,0.0,0.0,0.0,0.0,0.0,1,0,0.0,0.0,0.0,97.19,102.94333333333334,9.86,4.0,3,0,1,1,0,0,0,0
0,0,0,0,39.0,0,0,0,0,1,0,1,1,1,50.65,0.0,0.0,0.0,365.0,0.0,0.0,0.0,0.0,0.0,0.0,3,0,0.0,0.0,0.0,94.49,48.85641025641026,-7.41,0.0,3,1,0,0,0,1,0,0
0,0,0,0,15.0,1,0,0,0,0,0,1,0,0,56.15,7.0,161.5,2.0,19.0,1.0,4.5,4.5,1.0,0.0,1.0,1,0,0.0,0.0,0.0,74.42,62.126666666666665,-1.91,3.5,1,0,1,0,0,0,0,1
1,0,0,0,69.0,1,1,0,0,1,1,1,1,1,106.5,0.0,0.0,0.0,365.0,0.0,0.0,0.0,0.0,0.0,0.0,2,0,0.0,0.0,0.0,49.42,106.50434782608696,14.96,0.0,4,0,2,1,0,0,0,0
1,0,1,1,43.0,1,0,0,0,0,0,0,0,1,19.2,8.0,175.0,2.0,23.0,0.0,0.0,0.0,0.0,0.0,0.0,3,0,0.0,0.0,0.0,55.39,18.052325581395348,-1.87,4.0,0,0,1,0,1,0,0,1
0,1,0,0,63.0,1,1,1,1,1,1,1,0,0,83.0,5.0,286.0,1.0,229.0,0.0,0.0,0.0,0.0,0.0,0.0,3,1,0.33,6.36,19.08,63.59,83.22301587301588,24.94,5.0,5,1,1,0,0,0,0,0
1,1,1,0,12.0,1,0,0,0,0,0,0,0,0,70.1,4.0,28.0,1.0,288.0,0.0,0.0,0.0,0.0,0.0,0.0,1,0,0.0,0.0,0.0,90.89,11.804166666666667,-21.44,4.0,0,1,0,1,0,0,1,0
0,0,1,1,72.0,1,0,1,1,1,1,1,1,1,108.3,0.0,0.0,0.0,365.0,0.0,0.0,0.0,0.0,0.0,0.0,2,1,0.5,3.33,6.66,65.74,106.66180555555555,16.76,0.0,6,1,2,1,0,0,0,0
0,0,1,1,32.0,1,1,0,0,1,0,0,1,1,91.05,0.0,0.0,0.0,365.0,2.0,6.45,11.0,0.0,2.0,0.0,1,0,0.0,0.0,0.0,58.92,92.328125,-0.49,0.0,2,1,0,1,0,0,0,0
1,0,1,1,40.0,1,1,0,0,0,0,0,0,0,25.25,0.0,0.0,0.0,365.0,1.0,2.0,2.0,1.0,0.0,1.0,2,0,0.0,0.0,0.0,75.22,25.1725,4.18,0.0,0,0,2,0,1,1,0,0
0,0,1,0,58.0,0,0,1,1,0,0,1,0,1,45.35,0.0,0.0,0.0,365.0,1.0,17.6,17.6,1.0,0.0,1.0,2,0,0.0,0.0,0.0,71.47,43.79482758620689,-12.71,0.0,3,0,1,0,0,0,1,0
1,0,0,0,67.0,0,0,1,0,0,1,1,0,0,43.9,8.0,204.0,1.0,103.0,0.0,0.0,0.0,0.0,0.0,0.0,1,0,0.0,0.0,0.0,27.11,46.22686567164179,-14.16,8.0,3,0,2,0,0,0,1,0
0,1,1,0,51.0,1,1,1,0,0,0,0,0,1,77.5,4.0,93.0,1.0,211.0,0.0,0.0,0.0,0.0,0.0,0.0,1,0,0.0,0.0,0.0,38.89,74.65392156862745,-14.04,4.0,1,1,0,1,0,0,1,0
1,0,1,0,31.0,1,1,0,0,1,1,1,1,1,79.3,0.0,0.0,0.0,365.0,0.0,0.0,0.0,0.0,0.0,0.0,3,1,0.33,18.61,55.83,94.01,80.12903225806451,21.24,0.0,4,1,1,0,0,0,0,1
1,1,1,0,69.0,1,1,1,1,0,0,0,0,1,84.9,0.0,0.0,0.0,365.0,0.0,0.0,0.0,0.0,0.0,0.0,1,0,0.0,0.0,0.0,50.36,83.85,-6.64,0.0,2,1,0,1,0,1,0,0
1,0,1,0,32.0,1,1,0,0,0,1,0,0,1,79.25,10.0,106.0,2.0,40.0,0.0,0.0,0.0,0.0,0.0,0.0,1,0,0.0,0.0,0.0,117.56,81.8484375,-12.29,5.0,1,0,1,1,0,0,1,0
0,0,0,0,21.0,1,0,1,1,0,1,1,0,0,71.05,0.0,0.0,0.0,365.0,1.0,22.3,22.3,1.0,0.0,1.0,3,0,0.0,0.0,0.0,89.19,72.61190476190475,12.99,0.0,4,0,2,0,0,1,0,0
1,0,0,0,52.0,1,0,1,0,1,0,0,0,0,53.75,0.0,0.0,0.0,365.0,2.0,34.45,68.4,1.0,1.0,0.5,1,0,0.0,0.0,0.0,38.69,53.666346153846156,-4.31,0.0,2,0,1,0,0,0,1,0
0,0,1,1,72.0,1,1,0,0,0,0,0,0,0,24.25,0.0,0.0,0.0,365.0,0.0,0.0,0.0,0.0,0.0,0.0,2,0,0.0,0.0,0.0,75.98,24.78472222222222,3.18,0.0,0,0,2,0,1,1,0,0
0,0,1,0,72.0,0,0,0,1,1,0,1,1,1,54.2,0.0,0.0,0.0,365.0,0.0,0.0,0.0,0.0,0.0,0.0,3,0,0.0,0.0,0.0,74.8,54.68680555555555,-3.86,0.0,4,0,2,0,0,0,1,0
1,0,1,1,52.0,0,0,1,0,1,0,0,1,0,44.25,4.0,113.0,1.0,18.0,0.0,0.0,0.0,0.0,0.0,0.0,2,0,0.0,0.0,0.0,92.46,43.771153846153844,-13.81,4.0,3,0,1,0,0,0,0,0
0,0,0,0,41.0,1,0,0,0,0,1,0,0,0,50.05,0.0,0.0,0.0,365.0,0.0,0.0,0.0,0.0,0.0,0.0,3,0,0.0,0.0,0.0,83.88,49.4890243902439,-8.01,0.0,1,0,1,0,0,0,0,0
1,0,0,0,41.0,1,0,0,0,0,0,0,0,0,20.15,0.0,0.0,0.0,365.0,0.0,0.0,0.0,0.0,0.0,0.0,1,0,0.0,0.0,0.0,30.01,19.569512195121952,-0.92,0.0,0,0,2,0,1,0,0,1
0,0,0,0,6.0,1,0,0,0,0,0,0,0,1,69.25,0.0,0.0,0.0,365.0,0.0,0.0,0.0,0.0,0.0,0.0,2,0,0.0,0.0,0.0,99.19,69.73333333333333,-22.29,0.0,0,2,0,1,0,0,0,1
1,0,1,1,67.0,1,1,1,1,1,1,0,0,1,69.35,0.0,0.0,0.0,365.0,0.0,0.0,0.0,0.0,0.0,0.0,1,0,0.0,0.0,0.0,62.1,69.45149253731343,11.29,0.0,4,0,1,0,0,1,0,0
0,0,1,1,16.0,1,0,0,0,0,0,0,0,0,19.35,0.0,0.0,0.0,365.0,0.0,0.0,0.0,0.0,0.0,0.0,1,0,0.0,0.0,0.0,22.33,17.24375,-1.72,0.0,0,1,0,0,1,0,0,1
1,0,0,0,17.0,1,0,0,0,0,0,0,0,0,19.15,0.0,0.0,0.0,365.0,0.0,0.0,0.0,0.0,0.0,0.0,1,1,1.0,31.14,31.14,90.71,20.20294117647059,-1.92,0.0,0,1,2,0,1,0,0,1
1,0,1,0,35.0,1,0,1,1,1,0,0,0,0,61.0,3.0,299.0,1.0,284.0,0.0,0.0,0.0,0.0,0.0,0.0,3,1,0.33,3.0,9.01,74.19,60.87,2.94,3.0,3,2,0,0,0,0,0,1
0,0,1,1,58.0,1,0,0,0,0,0,0,0,0,20.5,0.0,0.0,0.0,365.0,0.0,0.0,0.0,0.0,0.0,0.0,3,0,0.0,0.0,0.0,101.86,20.54137931034483,-0.57,0.0,0,0,2,0,1,1,0,0
1,0,0,0,1.0,1,0,0,0,1,0,0,0,1,50.5,0.0,0.0,0.0,365.0,0.0,0.0,0.0,0.0,0.0,0.0,1,0,0.0,0.0,0.0,97.93,50.5,-7.56,0.0,1,2,0,0,0,0,1,0
1,0,1,1,52.0,0,0,0,1,1,1,1,0,0,50.2,3.0,295.0,1.0,150.0,2.0,29.35,57.6,1.0,1.0,0.5,2,0,0.0,0.0,0.0,90.47,49.11538461538461,-7.86,3.0,4,0,2,0,0,0,0,1
0,0,0,0,70.0,1,0,1,0,1,1,1,1,0,79.6,8.0,203.0,1.0,59.0,0.0,0.0,0.0,0.0,0.0,0.0,2,1,0.5,4.57,9.13,73.17,79.84928571428571,21.54,8.0,5,1,2,0,0,0,0,0
0,0,1,1,19.0,1,1,0,0,0,0,0,0,1,24.9,0.0,0.0,0.0,365.0,1.0,8.1,8.1,0.0,0.0,0.0,1,0,0.0,0.0,0.0,74.2,24.61578947368421,3.83,0.0,0,0,2,0,1,0,0,0
1,1,0,0,1.0,1,1,0,0,0,0,0,0,1,74.4,3.0,154.5,2.0,230.0,0.0,0.0,0.0,0.0,0.0,0.0,2,1,0.5,6.16,12.32,32.39,74.4,-17.14,1.5,0,3,0,1,0,0,1,0
0,0,1,1,35.0,1,0,1,0,1,1,1,1,1,106.9,0.0,0.0,0.0,365.0,0.0,0.0,0.0,0.0,0.0,0.0,2,0,0.0,0.0,0.0,80.63,107.32714285714285,15.36,0.0,5,1,0,1,0,0,1,0
0,0,0,0,32.0,1,1,0,0,1,0,1,1,1,101.35,0.0,0.0,0.0,365.0,0.0,0.0,0.0,0.0,0.0,0.0,1,0,0.0,0.0,0.0,117.13,104.215625,9.81,0.0,3,1,0,1,0,0,1,0
0,0,1,1,17.0,1,0,1,0,0,1,0,0,1,55.35,2.0,211.0,1.0,115.0,0.0,0.0,0.0,0.0,0.0,0.0,3,1,0.33,2.28,6.84,67.26,54.14705882352941,-2.71,2.0,2,2,0,0,0,1,0,0
0,0,1,1,67.0,1,0,0,1,0,0,0,0,0,50.55,0.0,0.0,0.0,365.0,0.0,0.0,0.0,0.0,0.0,0.0,1,0,0.0,0.0,0.0,31.28,51.22014925373134,-7.51,0.0,1,0,1,0,0,1,0,0
0,0,0,0,9.0,1,0,0,0,0,0,0,0,0,19.5,5.0,164.0,2.0,237.0,0.0,0.0,0.0,0.0,0.0,0.0,1,0,0.0,0.0,0.0,70.35,16.705555555555556,-1.57,2.5,0,2,0,0,1,0,0,0
1,0,0,1,31.0,1,1,0,1,0,1,1,1,1,79.45,16.0,129.0,2.0,59.0,2.0,50.3,87.6,2.0,0.0,1.0,3,0,0.0,0.0,0.0,94.04,83.47419354838709,21.39,8.0,4,0,1,0,0,0,0,1
1,0,0,0,4.0,1,1,1,0,0,0,1,0,0,90.65,0.0,0.0,0.0,365.0,0.0,0.0,0.0,0.0,0.0,0.0,2,0,0.0,0.0,0.0,83.78,91.9875,-0.89,0.0,2,2,0,1,0,0,1,0
1,1,1,1,58.0,1,1,1,1,0,1,0,0,1,91.75,4.0,120.0,1.0,35.0,0.0,0.0,0.0,0.0,0.0,0.0,1,0,0.0,0.0,0.0,20.37,88.375,0.21,4.0,3,0,1,1,0,0,0,0
1,0,0,0,60.0,1,0,1,0,1,1,1,1,0,79.0,0.0,25.0,1.0,365.0,0.0,0.0,0.0,0.0,0.0,0.0,3,0,0.0,0.0,0.0,75.35,80.01833333333335,20.94,0.0,5,0,1,0,0,0,0,1
1,0,0,0,58.0,1,1,0,0,1,1,1,1,1,104.65,6.0,8.0,1.0,266.0,0.0,0.0,0.0,0.0,0.0,0.0,3,0,0.0,0.0,0.0,78.73,107.2344827586207,13.11,6.0,4,0,1,1,0,0,1,0
1,0,0,0,1.0,1,0,0,0,0,0,0,0,0,19.55,0.0,0.0,0.0,365.0,0.0,0.0,0.0,0.0,0.0,0.0,1,0,0.0,0.0,0.0,34.57,19.55,-1.52,0.0,0,2,0,0,1,0,0,1
0,0,1,1,27.0,1,0,0,0,0,0,0,0,0,19.9,0.0,0.0,0.0,365.0,0.0,0.0,0.0,0.0,0.0,0.0,2,0,0.0,0.0,0.0,26.26,20.374074074074073,-1.17,0.0,0,0,2,0,1,0,0,1
1,1,1,1,66.0,1,1,1,1,1,1,1,1,1,116.25,0.0,0.0,0.0,365.0,0.0,0.0,0.0,0.0,0.0,0.0,3,0,0.0,0.0,0.0,89.06,119.125,24.71,0.0,6,0,1,1,0,0,1,0
1,0,0,0,15.0,1,1,1,0,0,0,1,0,1,87.75,5.0,216.0,1.0,88.0,0.0,0.0,0.0,0.0,0.0,0.0,3,1,0.33,5.74,17.22,64.02,82.81333333333333,-3.79,5.0,2,2,0,1,0,0,0,0
1,1,1,0,47.0,1,1,0,0,1,0,1,1,1,100.05,0.0,0.0,0.0,365.0,0.0,0.0,0.0,0.0,0.0,0.0,3,0,0.0,0.0,0.0,94.71,103.63936170212766,8.51,0.0,3,1,0,1,0,0,1,0
0,0,0,0,41.0,1,1,1,0,0,0,0,0,1,81.3,0.0,0.0,0.0,365.0,1.0,19.8,19.8,1.0,0.0,1.0,2,0,0.0,0.0,0.0,100.28,77.82073170731708,-10.24,0.0,1,1,0,1,0,1,0,0
1,0,1,0,59.0,0,0,0,0,0,0,1,1,1,44.3,0.0,0.0,0.0,365.0,0.0,0.0,0.0,0.0,0.0,0.0,1,0,0.0,0.0,0.0,117.09,45.19915254237288,-13.76,0.0,2,1,0,0,0,0,1,0
0,0,0,1,50.0,1,0,0,0,0,0,0,0,0,70.35,4.0,212.0,1.0,270.0,0.0,0.0,0.0,0.0,0.0,0.0,1,0,0.0,0.0,0.0,71.52,70.672,-21.19,4.0,0,0,2,1,0,1,0,0
1,0,1,1,17.0,0,0,1,0,1,0,1,0,0,44.45,0.0,0.0,0.0,365.0,0.0,0.0,0.0,0.0,0.0,0.0,1,0,0.0,0.0,0.0,52.35,46.59705882352941,-13.61,0.0,3,0,1,0,0,1,0,0
1,0,1,1,6.0,1,0,1,0,0,0,0,0,1,49.15,0.0,0.0,0.0,365.0,1.0,39.0,39.0,0.0,1.0,0.0,1,0,0.0,0.0,0.0,64.6,49.275,-8.91,0.0,1,2,0,0,0,0,1,0
1,1,1,0,51.0,0,0,0,1,0,0,0,0,1,29.45,0.0,0.0,0.0,365.0,0.0,0.0,0.0,0.0,0.0,0.0,1,0,0.0,0.0,0.0,25.29,28.61470588235294,-28.61,0.0,1,1,0,0,0,1,0,0
1,0,0,0,44.0,1,0,0,1,0,1,1,1,0,100.55,0.0,0.0,0.0,365.0,0.0,0.0,0.0,0.0,0.0,0.0,2,1,0.5,4.34,8.69,72.85,99.95795454545454,9.01,0.0,4,2,0,1,0,0,1,0
1,0,1,0,49.0,1,0,0,1,0,0,1,0,1,85.3,3.0,10.0,1.0,95.0,0.0,0.0,0.0,0.0,0.0,0.0,3,1,0.33,11.48,34.43,87.86,87.71326530612245,-6.24,3.0,2,2,0,1,0,1,0,0
1,0,0,0,2.0,1,0,0,1,0,0,1,1,0,95.65,0.0,0.0,0.0,365.0,1.0,17.3,17.3,0.0,0.0,0.0,3,0,0.0,0.0,0.0,44.3,83.65,4.11,0.0,3,2,0,1,0,0,1,0
1,0,1,0,59.0,1,1,1,0,0,1,0,1,1,69.1,0.0,0.0,0.0,365.0,0.0,0.0,0.0,0.0,0.0,0.0,2,0,0.0,0.0,0.0,77.16,69.43898305084745,11.04,0.0,3,0,1,0,0,0,0,1
1,1,0,0,50.0,1,1,1,1,0,0,1,0,1,70.35,0.0,0.0,0.0,365.0,0.0,0.0,0.0,0.0,0.0,0.0,2,0,0.0,0.0,0.0,81.83,69.092,12.29,0.0,3,1,0,0,0,0,0,0
0,0,1,1,59.0,1,0,0,0,0,0,0,0,0,20.6,0.0,0.0,0.0,365.0,0.0,0.0,0.0,0.0,0.0,0.0,1,0,0.0,0.0,0.0,83.74,21.796610169491526,-0.47,0.0,0,0,2,0,1,0,0,1
1,0,0,0,18.0,1,1,0,0,0,0,0,0,0,74.15,3.0,77.0,1.0,327.0,1.0,13.2,13.2,0.0,1.0,0.0,2,0,0.0,0.0,0.0,48.12,77.05555555555556,-17.39,3.0,0,1,0,1,0,0,0,1
1,0,0,0,10.0,1,1,0,0,0,0,0,0,0,75.05,7.0,130.0,1.0,217.0,0.0,0.0,0.0,0.0,0.0,0.0,2,0,0.0,0.0,0.0,96.06,78.63,-16.49,7.0,0,2,0,1,0,0,1,0
1,0,1,0,14.0,1,0,0,0,0,0,0,0,0,44.6,0.0,0.0,0.0,365.0,0.0,0.0,0.0,0.0,0.0,0.0,1,1,1.0,19.7,19.7,51.59,45.80357142857143,-13.46,0.0,0,1,1,0,0,0,1,0
1,0,0,0,64.0,1,0,0,0,0,0,0,0,0,21.45,0.0,0.0,0.0,365.0,0.0,0.0,0.0,0.0,0.0,0.0,1,1,1.0,30.12,30.12,73.64,11.02265625,0.38,0.0,0,1,2,0,1,0,0,0
1,0,1,1,8.0,1,0,0,0,0,0,0,0,1,43.45,0.0,0.0,0.0,365.0,1.0,5.5,5.5,0.0,1.0,0.0,2,1,0.5,9.04,18.08,43.79,43.1875,-14.61,0.0,0,2,1,0,0,0,0,1
1,0,1,1,18.0,1,0,0,0,0,0,0,0,0,20.05,4.0,11.0,1.0,60.0,0.0,0.0,0.0,0.0,0.0,0.0,1,0,0.0,0.0,0.0,86.26,19.216666666666665,-1.02,4.0,0,0,1,0,1,0,0,0
0,0,1,1,60.0,1,1,1,1,0,0,1,0,0,94.15,0.0,0.0,0.0,365.0,0.0,0.0,0.0,0.0,0.0,0.0,1,0,0.0,0.0,0.0,104.84,96.86333333333333,2.61,0.0,3,0,1,1,0,0,0,0
0,0,0,0,1.0,1,0,0,0,1,0,1,1,0,94.4,4.0,74.0,1.0,347.0,0.0,0.0,0.0,0.0,0.0,0.0,1,0,0.0,0.0,0.0,64.41,94.4,2.86,4.0,3,2,0,1,0,0,1,0
0,0,0,0,6.0,1,0,0,0,0,0,0,0,0,19.55,4.0,264.0,1.0,361.0,0.0,0.0,0.0,0.0,0.0,0.0,2,0,0.0,0.0,0.0,46.33,20.741666666666667,-1.52,4.0,0,1,2,0,1,0,0,1
0,0,0,1,19.0,1,1,1,1,0,1,1,0,1,75.9,0.0,0.0,0.0,365.0,0.0,0.0,0.0,0.0,0.0,0.0,3,1,0.33,6.44,19.32,63.67,72.39999999999999,17.84,0.0,4,2,0,0,0,0,0,1
1,0,1,1,53.0,1,1,1,1,0,1,0,0,0,64.15,0.0,0.0,0.0,365.0,0.0,0.0,0.0,0.0,0.0,0.0,3,1,0.33,7.3,21.91,83.06,65.87830188679246,6.09,0.0,3,1,1,0,0,0,0,0
1,1,1,0,72.0,1,1,1,1,1,0,1,1,1,109.55,0.0,0.0,0.0,365.0,0.0,0.0,0.0,0.0,0.0,0.0,1,0,0.0,0.0,0.0,94.56,110.00972222222222,18.01,0.0,5,0,2,1,0,0,0,0
0,0,1,0,60.0,1,1,0,1,1,1,1,1,1,110.8,0.0,0.0,0.0,365.0,0.0,0.0,0.0,0.0,0.0,0.0,1,0,0.0,0.0,0.0,118.24,110.67833333333333,19.26,0.0,5,0,2,1,0,1,0,0
0,0,0,0,1.0,1,0,0,0,0,0,1,0,1,55.0,0.0,0.0,0.0,365.0,0.0,0.0,0.0,0.0,0.0,0.0,1,0,0.0,0.0,0.0,111.23,55.0,-3.06,0.0,1,2,0,0,0,1,0,0
0,0,0,1,13.0,1,0,0,0,1,1,0,0,0,53.45,0.0,0.0,0.0,365.0,0.0,0.0,0.0,0.0,0.0,0.0,1,0,0.0,0.0,0.0,82.02,55.23846153846154,-4.61,0.0,2,1,0,0,0,0,0,1
0,0,1,1,5.0,1,0,0,0,0,0,0,0,0,69.95,0.0,0.0,0.0,365.0,0.0,0.0,0.0,0.0,0.0,0.0,1,0,0.0,0.0,0.0,103.71,64.08,-21.59,0.0,0,2,0,1,0,1,0,0
1,0,0,0,1.0,1,1,0,0,1,0,1,1,1,101.45,0.0,0.0,0.0,365.0,0.0,0.0,0.0,0.0,0.0,0.0,2,1,0.5,5.64,11.29,78.16,101.45,9.91,0.0,3,3,0,1,0,0,1,0
1,0,1,1,13.0,1,0,0,0,1,0,1,1,0,97.0,0.0,0.0,0.0,365.0,0.0,0.0,0.0,0.0,0.0,0.0,3,0,0.0,0.0,0.0,48.92,102.65,5.46,0.0,3,1,0,1,0,0,1,0
1,0,0,0,37.0,1,1,1,1,1,1,1,1,1,90.6,6.0,251.0,1.0,334.0,0.0,0.0,0.0,0.0,0.0,0.0,1,0,0.0,0.0,0.0,40.14,90.77432432432433,32.54,6.0,6,0,1,0,0,0,0,0
1,0,1,0,12.0,1,0,1,0,0,0,0,0,1,73.55,7.0,180.0,1.0,359.0,0.0,0.0,0.0,0.0,0.0,0.0,1,0,0.0,0.0,0.0,40.27,397.0,-17.99,7.0,1,1,0,1,0,0,0,1
0,0,1,0,12.0,1,1,0,0,1,1,1,0,0,67.95,0.0,0.0,0.0,365.0,0.0,0.0,0.0,0.0,0.0,0.0,3,0,0.0,0.0,0.0,64.49,29.191666666666666,9.89,0.0,3,1,0,0,0,0,0,0
0,0,1,0,61.0,1,1,0,1,0,1,0,1,1,94.35,0.0,0.0,0.0,365.0,1.0,0.6,0.6,0.0,0.0,0.0,3,1,0.33,7.88,23.65,55.53,93.49180327868852,2.81,0.0,3,1,2,1,0,0,0,0
0,0,0,0,1.0,1,0,0,0,0,0,0,0,1,69.5,0.0,0.0,0.0,365.0,0.0,0.0,0.0,0.0,0.0,0.0,1,0,0.0,0.0,0.0,104.2,69.5,-22.04,0.0,0,2,0,1,0,0,1,0
1,0,0,0,1.0,1,0,0,0,0,0,0,0,1,18.85,12.0,151.0,1.0,355.0,0.0,0.0,0.0,0.0,0.0,0.0,2,0,0.0,0.0,0.0,79.59,18.85,-2.22,12.0,0,2,0,0,1,0,0,1
1,0,0,0,26.0,1,0,0,0,0,0,0,0,0,19.4,0.0,0.0,0.0,365.0,0.0,0.0,0.0,0.0,0.0,0.0,1,0,0.0,0.0,0.0,109.57,20.213461538461537,-1.67,0.0,0,0,1,0,1,0,0,1
0,0,0,0,1.0,1,0,0,0,0,0,0,0,1,69.2,0.0,0.0,0.0,365.0,0.0,0.0,0.0,0.0,0.0,0.0,2,1,0.5,0.73,1.46,40.16,69.2,-22.34,0.0,0,3,0,1,0,0,1,0
1,0,1,0,24.0,1,0,0,0,0,0,0,0,0,19.75,0.0,0.0,0.0,365.0,0.0,0.0,0.0,0.0,0.0,0.0,1,0,0.0,0.0,0.0,118.7,20.131249999999998,-1.32,0.0,0,0,2,0,1,0,0,1
1,0,1,0,17.0,0,0,0,0,1,1,1,1,0,54.6,0.0,0.0,0.0,365.0,0.0,0.0,0.0,0.0,0.0,0.0,1,0,0.0,0.0,0.0,89.37,54.98823529411764,-3.46,0.0,4,0,1,0,0,0,1,0
0,0,0,1,26.0,0,0,0,0,1,0,0,0,1,29.8,8.0,126.0,1.0,225.0,0.0,0.0,0.0,0.0,0.0,0.0,2,1,0.5,6.74,13.48,61.97,30.25,-28.26,8.0,1,2,0,0,0,0,0,1
1,0,0,0,1.0,1,0,0,0,0,0,0,0,1,69.65,6.0,133.0,1.0,148.0,0.0,0.0,0.0,0.0,0.0,0.0,2,2,1.0,26.72,31.8,97.34,69.65,-21.89,6.0,0,3,0,1,0,0,1,0
1,1,1,0,40.0,1,1,1,0,0,0,1,1,0,101.85,0.0,0.0,0.0,365.0,0.0,0.0,0.0,0.0,0.0,0.0,3,1,0.33,2.92,8.75,31.32,102.1575,10.31,0.0,3,2,0,1,0,0,1,0
1,0,0,0,52.0,1,1,0,1,1,0,1,1,1,103.05,9.0,105.5,2.0,154.0,0.0,0.0,0.0,0.0,0.0,0.0,1,0,0.0,0.0,0.0,94.75,103.16923076923078,11.51,4.5,4,1,0,1,0,0,1,0
0,0,0,0,1.0,1,0,0,1,1,0,0,0,1,82.3,0.0,0.0,0.0,365.0,0.0,0.0,0.0,0.0,0.0,0.0,2,1,0.5,4.6,9.2,63.2,82.3,-9.24,0.0,2,3,0,1,0,0,1,0
1,0,0,0,1.0,1,0,0,0,0,0,0,0,0,20.3,6.0,264.0,1.0,42.0,0.0,0.0,0.0,0.0,0.0,0.0,1,1,1.0,26.0,26.0,64.51,20.3,-0.77,6.0,0,3,0,0,1,0,0,1
0,0,0,0,21.0,0,0,1,0,0,1,0,0,0,35.1,5.0,34.0,1.0,198.0,0.0,0.0,0.0,0.0,0.0,0.0,1,0,0.0,0.0,0.0,106.38,36.68571428571428,-22.96,5.0,2,0,2,0,0,0,0,1
0,0,1,0,67.0,1,1,0,1,1,0,1,1,1,105.7,3.0,107.0,1.0,124.0,0.0,0.0,0.0,0.0,0.0,0.0,1,0,0.0,0.0,0.0,109.63,101.7455223880597,14.16,3.0,4,0,1,1,0,0,0,0
0,0,1,1,44.0,1,0,1,0,0,1,0,0,0,56.25,0.0,0.0,0.0,365.0,0.0,0.0,0.0,0.0,0.0,0.0,2,0,0.0,0.0,0.0,60.46,54.98977272727273,-1.81,0.0,2,1,0,0,0,0,0,0
1,0,1,1,70.0,0,0,0,1,1,1,1,1,0,60.35,0.0,0.0,0.0,365.0,0.0,0.0,0.0,0.0,0.0,0.0,3,0,0.0,0.0,0.0,78.89,59.12428571428571,2.29,0.0,5,0,1,0,0,0,1,0
1,0,0,0,3.0,1,0,0,0,0,0,1,0,0,79.25,0.0,0.0,0.0,365.0,0.0,0.0,0.0,0.0,0.0,0.0,1,0,0.0,0.0,0.0,46.24,89.2,-12.29,0.0,1,2,0,1,0,0,1,0
1,0,1,1,56.0,1,0,1,1,1,0,0,0,1,56.15,0.0,0.0,0.0,365.0,1.0,6.9,6.9,0.0,1.0,0.0,1,0,0.0,0.0,0.0,30.92,61.740178571428565,-1.91,0.0,3,0,2,0,0,0,0,0
0,0,0,0,13.0,1,1,0,0,0,0,0,1,1,84.6,0.0,0.0,0.0,365.0,1.0,7.8,7.8,0.0,1.0,0.0,2,0,0.0,0.0,0.0,67.52,85.78461538461539,-6.94,0.0,1,1,0,1,0,0,1,0
0,0,1,1,58.0,1,1,1,1,0,0,0,1,1,93.4,0.0,0.0,0.0,365.0,0.0,0.0,0.0,0.0,0.0,0.0,1,0,0.0,0.0,0.0,30.85,93.71724137931035,1.86,0.0,3,1,0,1,0,0,0,0
0,0,1,1,42.0,1,1,0,0,0,0,1,1,1,94.2,0.0,0.0,0.0,365.0,0.0,0.0,0.0,0.0,0.0,0.0,2,0,0.0,0.0,0.0,69.9,99.67380952380952,2.66,0.0,2,1,0,1,0,0,1,0
1,1,1,0,1.0,0,0,0,0,0,0,0,0,0,25.05,0.0,0.0,0.0,365.0,0.0,0.0,0.0,0.0,0.0,0.0,1,0,0.0,0.0,0.0,67.61,25.05,-33.01,0.0,0,2,0,0,0,0,1,0
0,0,1,1,46.0,1,1,1,0,1,1,0,1,0,99.65,0.0,0.0,0.0,365.0,0.0,0.0,0.0,0.0,0.0,0.0,2,1,0.5,5.94,11.88,38.26,100.65652173913043,8.11,0.0,4,1,2,1,0,0,0,1
0,0,1,1,63.0,1,0,1,0,0,0,0,0,1,50.65,0.0,0.0,0.0,365.0,0.0,0.0,0.0,0.0,0.0,0.0,1,0,0.0,0.0,0.0,92.56,51.13095238095238,-7.41,0.0,1,0,2,0,0,0,0,0
1,0,0,0,11.0,1,0,0,1,1,1,0,0,1,60.9,0.0,0.0,0.0,365.0,0.0,0.0,0.0,0.0,0.0,0.0,3,0,0.0,0.0,0.0,64.66,62.59090909090909,2.84,0.0,3,2,0,0,0,0,1,0
1,0,1,1,15.0,1,1,0,0,1,1,0,0,1,59.65,8.0,95.0,1.0,159.0,0.0,0.0,0.0,0.0,0.0,0.0,3,1,0.33,1.87,5.6,51.8,57.806666666666665,1.59,8.0,2,2,0,0,0,0,0,0
1,0,1,0,72.0,0,0,1,1,1,1,1,1,1,64.7,9.0,157.0,2.0,317.0,0.0,0.0,0.0,0.0,0.0,0.0,3,1,0.33,5.41,16.23,60.54,65.91736111111112,6.64,4.5,6,1,2,0,0,0,1,0
0,0,0,0,29.0,0,0,0,0,0,0,0,0,1,25.1,0.0,0.0,0.0,365.0,0.0,0.0,0.0,0.0,0.0,0.0,3,0,0.0,0.0,0.0,49.86,24.58103448275862,-32.96,0.0,0,1,0,0,0,1,0,0
1,0,0,1,1.0,1,0,0,0,1,0,0,0,0,48.95,0.0,0.0,0.0,365.0,0.0,0.0,0.0,0.0,0.0,0.0,1,0,0.0,0.0,0.0,71.3,48.95,-9.11,0.0,1,2,0,0,0,0,1,0
0,0,1,1,6.0,1,0,0,0,0,0,1,0,0,54.85,0.0,0.0,0.0,365.0,0.0,0.0,0.0,0.0,0.0,0.0,3,1,0.33,3.05,9.14,64.29,59.18333333333334,-3.21,0.0,1,3,0,0,0,0,1,0
1,0,0,0,1.0,1,0,0,0,0,0,0,0,0,45.3,0.0,0.0,0.0,365.0,0.0,0.0,0.0,0.0,0.0,0.0,2,0,0.0,0.0,0.0,50.74,45.3,-12.76,0.0,0,2,0,0,0,0,1,0
1,0,1,1,63.0,1,1,0,1,0,0,0,1,1,91.35,0.0,0.0,0.0,365.0,0.0,0.0,0.0,0.0,0.0,0.0,2,0,0.0,0.0,0.0,94.13,91.5031746031746,-0.19,0.0,2,0,1,1,0,0,1,0
1,0,0,0,2.0,1,0,0,0,1,0,0,1,1,85.85,0.0,0.0,0.0,365.0,0.0,0.0,0.0,0.0,0.0,0.0,1,1,1.0,38.2,38.2,95.53,83.65,-5.69,0.0,2,3,0,1,0,0,1,0
0,0,1,1,18.0,1,1,0,0,0,0,0,0,0,25.1,0.0,0.0,0.0,365.0,0.0,0.0,0.0,0.0,0.0,0.0,2,0,0.0,0.0,0.0,61.52,23.802777777777777,4.03,0.0,0,0,2,0,1,0,0,1
0,0,1,0,43.0,0,0,1,0,0,1,0,0,0,34.0,0.0,0.0,0.0,365.0,0.0,0.0,0.0,0.0,0.0,0.0,2,0,0.0,0.0,0.0,60.49,35.00813953488372,-24.06,0.0,2,1,0,0,0,0,0,0
0,0,0,0,15.0,0,0,1,1,1,1,0,0,0,45.9,0.0,0.0,0.0,365.0,0.0,0.0,0.0,0.0,0.0,0.0,3,2,0.67,8.66,19.79,60.14,46.230000000000004,-12.16,0.0,4,1,1,0,0,0,0,1
1,0,0,1,10.0,1,1,0,0,0,0,1,1,0,95.2,6.0,85.0,1.0,89.0,0.0,0.0,0.0,0.0,0.0,0.0,2,0,0.0,0.0,0.0,66.4,93.03999999999999,3.66,6.0,2,2,0,1,0,0,1,0
1,0,1,1,55.0,1,0,0,0,0,0,0,0,0,20.5,0.0,0.0,0.0,365.0,0.0,0.0,0.0,0.0,0.0,0.0,2,0,0.0,0.0,0.0,74.88,21.417272727272728,-0.57,0.0,0,0,2,0,1,0,0,1
1,0,0,1,49.0,1,1,0,0,0,1,1,1,1,100.6,0.0,0.0,0.0,365.0,0.0,0.0,0.0,0.0,0.0,0.0,2,0,0.0,0.0,0.0,76.23,103.46224489795918,9.06,0.0,3,0,1,1,0,0,0,0
1,0,1,1,12.0,1,0,0,1,1,0,0,0,1,55.3,0.0,0.0,0.0,365.0,0.0,0.0,0.0,0.0,0.0,0.0,3,1,0.33,12.37,37.11,70.61,27.020833333333332,-2.76,0.0,2,2,0,0,0,0,0,1
1,0,1,1,70.0,1,0,0,0,0,0,0,0,0,20.35,0.0,0.0,0.0,365.0,0.0,0.0,0.0,0.0,0.0,0.0,1,0,0.0,0.0,0.0,114.69,20.83,-0.72,0.0,0,0,2,0,1,1,0,0
1,1,0,0,2.0,1,1,0,0,0,0,0,0,1,74.85,0.0,0.0,0.0,365.0,0.0,0.0,0.0,0.0,0.0,0.0,1,0,0.0,0.0,0.0,43.24,78.2,-16.69,0.0,0,2,0,1,0,0,0,1
1,1,1,0,63.0,0,0,1,0,0,1,0,0,0,36.1,0.0,0.0,0.0,365.0,0.0,0.0,0.0,0.0,0.0,0.0,1,0,0.0,0.0,0.0,68.86,36.490476190476194,-21.96,0.0,2,0,1,0,0,0,0,0
0,0,0,0,25.0,1,0,0,1,0,1,0,1,1,65.8,0.0,0.0,0.0,365.0,0.0,0.0,0.0,0.0,0.0,0.0,3,0,0.0,0.0,0.0,52.97,67.186,7.74,0.0,3,1,0,0,0,0,0,0
0,1,0,0,18.0,1,0,0,0,0,0,0,0,0,20.35,1.0,88.0,1.0,260.0,0.0,0.0,0.0,0.0,0.0,0.0,2,0,0.0,0.0,0.0,109.62,20.533333333333335,-0.72,1.0,0,0,1,0,1,0,0,0
1,1,1,0,28.0,1,1,0,1,0,1,1,1,1,105.8,0.0,0.0,0.0,365.0,0.0,0.0,0.0,0.0,0.0,0.0,1,0,0.0,0.0,0.0,117.85,107.07142857142857,14.26,0.0,4,1,0,1,0,0,1,0
0,1,0,0,44.0,1,0,1,1,0,1,0,1,1,96.75,3.0,220.0,1.0,264.0,0.0,0.0,0.0,0.0,0.0,0.0,1,0,0.0,0.0,0.0,44.7,118.33068181818182,5.21,3.0,4,0,1,1,0,0,0,1
1,0,0,0,35.0,1,0,0,1,1,0,1,1,1,102.35,4.0,274.0,1.0,144.0,0.0,0.0,0.0,0.0,0.0,0.0,3,0,0.0,0.0,0.0,97.39,103.60285714285715,10.81,4.0,4,0,1,1,0,0,0,0
1,0,0,0,1.0,0,0,0,0,0,0,0,0,0,24.4,0.0,0.0,0.0,365.0,0.0,0.0,0.0,0.0,0.0,0.0,2,0,0.0,0.0,0.0,84.15,24.4,-33.66,0.0,0,2,0,0,0,0,0,1
1,0,1,0,70.0,1,1,1,1,1,1,1,1,0,115.65,0.0,0.0,0.0,365.0,0.0,0.0,0.0,0.0,0.0,0.0,2,0,0.0,0.0,0.0,90.6,113.84071428571428,24.11,0.0,6,0,1,1,0,1,0,0
1,0,0,0,2.0,1,0,0,0,1,1,0,0,1,79.85,0.0,0.0,0.0,365.0,1.0,104.8,104.8,1.0,0.0,1.0,3,0,0.0,0.0,0.0,93.56,76.225,-11.69,0.0,2,2,0,1,0,0,1,0
0,0,1,0,26.0,1,0,0,1,0,1,1,1,1,73.05,0.0,0.0,0.0,365.0,0.0,0.0,0.0,0.0,0.0,0.0,2,0,0.0,0.0,0.0,44.1,75.36538461538461,14.99,0.0,4,1,0,0,0,0,1,0
0,0,0,0,34.0,1,0,1,1,0,0,0,1,0,64.35,0.0,0.0,0.0,365.0,0.0,0.0,0.0,0.0,0.0,0.0,3,0,0.0,0.0,0.0,74.59,60.38382352941177,6.29,0.0,3,0,1,0,0,0,1,0
0,0,0,1,19.0,1,0,0,0,0,0,0,0,0,20.5,0.0,0.0,0.0,365.0,0.0,0.0,0.0,0.0,0.0,0.0,1,0,0.0,0.0,0.0,65.09,20.976315789473684,-0.57,0.0,0,0,2,0,1,0,0,1
1,0,0,0,15.0,1,1,0,0,0,0,0,0,1,76.0,8.0,47.0,1.0,275.0,0.0,0.0,0.0,0.0,0.0,0.0,1,0,0.0,0.0,0.0,27.16,75.39,-15.54,8.0,0,1,0,1,0,0,0,1
0,0,1,1,62.0,1,0,1,0,1,0,0,0,0,54.75,8.0,43.0,1.0,302.0,0.0,0.0,0.0,0.0,0.0,0.0,1,0,0.0,0.0,0.0,63.54,55.247580645161285,-3.31,8.0,2,0,1,0,0,1,0,0
0,1,0,0,42.0,1,1,0,1,1,0,1,1,1,104.75,11.0,180.0,1.0,364.0,0.0,0.0,0.0,0.0,0.0,0.0,2,0,0.0,0.0,0.0,74.84,102.93928571428572,13.21,11.0,4,1,0,1,0,0,0,0
0,0,0,0,9.0,1,0,1,1,0,0,1,1,1,74.65,0.0,0.0,0.0,365.0,0.0,0.0,0.0,0.0,0.0,0.0,1,1,1.0,31.78,31.78,116.31,78.17222222222222,16.59,0.0,4,3,0,0,0,0,1,0
1,0,0,0,24.0,1,0,1,0,0,0,0,0,1,51.15,0.0,0.0,0.0,365.0,0.0,0.0,0.0,0.0,0.0,0.0,2,0,0.0,0.0,0.0,86.74,53.15416666666667,-6.91,0.0,1,1,0,0,0,0,1,0
1,1,1,0,68.0,0,0,1,1,1,0,0,0,1,41.95,0.0,0.0,0.0,365.0,0.0,0.0,0.0,0.0,0.0,0.0,2,0,0.0,0.0,0.0,96.19,43.6139705882353,-16.11,0.0,3,0,2,0,0,0,1,0
1,0,1,1,31.0,1,0,0,0,1,1,0,0,0,54.35,0.0,0.0,0.0,365.0,0.0,0.0,0.0,0.0,0.0,0.0,2,1,0.5,14.84,29.68,56.18,53.12903225806452,-3.71,0.0,2,2,0,0,0,0,0,1
0,0,0,0,1.0,1,0,0,0,0,0,0,1,1,56.25,1.0,213.0,1.0,120.0,2.0,46.3,69.3,1.0,1.0,0.5,1,0,0.0,0.0,0.0,102.9,56.25,-1.81,1.0,1,2,0,0,0,0,1,0
1,0,1,0,21.0,1,1,0,0,1,1,1,1,1,106.1,2.0,50.0,1.0,224.0,0.0,0.0,0.0,0.0,0.0,0.0,1,1,1.0,11.48,11.48,114.14,107.14047619047618,14.56,2.0,4,2,0,1,0,0,1,0
0,0,1,0,63.0,1,0,0,1,0,0,1,1,1,96.0,4.0,133.0,1.0,239.0,1.0,16.7,16.7,1.0,0.0,1.0,2,1,0.5,16.01,32.02,91.74,96.98015873015873,4.46,4.0,3,1,1,1,0,0,1,0
0,1,0,0,2.0,1,0,0,0,0,0,0,1,1,79.75,0.0,0.0,0.0,365.0,0.0,0.0,0.0,0.0,0.0,0.0,3,0,0.0,0.0,0.0,56.06,79.7,-11.79,0.0,1,2,0,1,0,0,0,0
0,0,1,1,61.0,0,0,0,1,1,1,1,1,1,61.45,0.0,0.0,0.0,365.0,0.0,0.0,0.0,0.0,0.0,0.0,3,0,0.0,0.0,0.0,54.34,61.49426229508197,3.39,0.0,5,0,2,0,0,0,0,0
0,0,0,0,1.0,1,0,0,0,0,0,0,0,0,68.65,4.0,5.0,1.0,304.0,0.0,0.0,0.0,0.0,0.0,0.0,1,0,0.0,0.0,0.0,110.38,68.65,-22.89,4.0,0,2,0,1,0,0,1,0
1,0,0,0,18.0,1,0,0,0,0,0,0,0,0,19.65,0.0,0.0,0.0,365.0,0.0,0.0,0.0,0.0,0.0,0.0,1,0,0.0,0.0,0.0,67.11,22.84722222222222,-1.42,0.0,0,0,1,0,1,0,0,1
0,0,1,1,6.0,1,0,0,0,0,0,0,0,0,19.0,0.0,0.0,0.0,365.0,2.0,15.85,16.7,1.0,1.0,0.5,3,0,0.0,0.0,0.0,56.24,17.583333333333332,-2.07,0.0,0,1,1,0,1,1,0,0
0,0,0,0,33.0,1,1,0,1,0,0,1,1,1,100.0,4.0,77.0,1.0,307.0,0.0,0.0,0.0,0.0,0.0,0.0,1,0,0.0,0.0,0.0,65.36,100.62424242424242,8.46,4.0,3,1,0,1,0,0,1,0
1,0,0,0,16.0,1,0,0,0,0,0,0,0,0,20.25,0.0,0.0,0.0,365.0,0.0,0.0,0.0,0.0,0.0,0.0,2,0,0.0,0.0,0.0,85.16,20.465625,-0.82,0.0,0,1,0,0,1,0,0,0
0,0,1,0,56.0,1,0,0,0,1,1,1,1,1,98.7,0.0,0.0,0.0,365.0,0.0,0.0,0.0,0.0,0.0,0.0,1,0,0.0,0.0,0.0,96.69,101.24107142857143,7.16,0.0,4,1,0,1,0,0,1,0
1,0,0,1,23.0,1,0,0,0,0,0,0,0,0,19.8,0.0,0.0,0.0,365.0,0.0,0.0,0.0,0.0,0.0,0.0,3,0,0.0,0.0,0.0,80.1,20.23695652173913,-1.27,0.0,0,0,1,0,1,0,0,1
1,0,0,0,9.0,1,0,0,0,1,0,0,0,1,73.8,5.0,249.0,1.0,62.0,0.0,0.0,0.0,0.0,0.0,0.0,1,0,0.0,0.0,0.0,85.16,78.25555555555555,-17.74,5.0,1,2,0,1,0,0,1,0
0,1,1,0,14.0,1,1,0,1,0,0,1,1,1,100.2,0.0,0.0,0.0,365.0,0.0,0.0,0.0,0.0,0.0,0.0,2,0,0.0,0.0,0.0,47.93,97.84285714285714,8.66,0.0,3,1,0,1,0,0,1,0
1,0,1,1,15.0,1,1,0,0,0,0,0,0,1,74.9,0.0,0.0,0.0,365.0,0.0,0.0,0.0,0.0,0.0,0.0,2,0,0.0,0.0,0.0,53.18,73.81666666666666,-16.64,0.0,0,1,0,1,0,0,0,0
1,0,0,0,5.0,1,0,0,0,0,0,0,0,0,20.05,0.0,0.0,0.0,365.0,0.0,0.0,0.0,0.0,0.0,0.0,1,0,0.0,0.0,0.0,35.59,19.11,-1.02,0.0,0,2,0,0,1,1,0,0
1,0,1,0,61.0,1,1,1,1,0,0,1,1,1,106.2,3.0,116.0,1.0,59.0,0.0,0.0,0.0,0.0,0.0,0.0,2,1,0.5,4.14,8.27,39.22,104.51147540983607,14.66,3.0,4,2,0,1,0,0,1,0
1,0,1,1,70.0,1,1,1,1,1,1,1,1,1,116.55,0.0,0.0,0.0,365.0,0.0,0.0,0.0,0.0,0.0,0.0,2,1,0.5,8.26,16.53,92.98,116.46142857142857,25.01,0.0,6,1,2,1,0,1,0,0
1,0,0,0,15.0,1,1,1,0,0,0,1,1,1,99.7,0.0,0.0,0.0,365.0,1.0,24.3,24.3,0.0,0.0,0.0,2,0,0.0,0.0,0.0,71.84,104.45,8.16,0.0,3,1,0,1,0,0,1,0
1,0,1,1,8.0,1,0,0,0,0,0,0,0,0,19.7,0.0,0.0,0.0,365.0,0.0,0.0,0.0,0.0,0.0,0.0,2,0,0.0,0.0,0.0,61.44,16.28125,-1.37,0.0,0,1,2,0,1,0,0,1
0,0,1,1,8.0,1,0,0,0,0,0,0,0,0,19.5,7.0,134.0,2.0,80.0,0.0,0.0,0.0,0.0,0.0,0.0,2,0,0.0,0.0,0.0,75.74,20.26875,-1.57,3.5,0,1,2,0,1,0,0,1
0,0,0,0,4.0,0,0,1,0,0,0,0,0,1,29.15,0.0,0.0,0.0,365.0,0.0,0.0,0.0,0.0,0.0,0.0,3,0,0.0,0.0,0.0,66.88,27.5125,-28.91,0.0,1,2,0,0,0,0,0,1
0,0,0,0,34.0,1,0,1,1,0,0,0,0,0,55.0,0.0,0.0,0.0,365.0,1.0,18.0,18.0,0.0,1.0,0.0,2,1,0.5,14.08,28.17,58.85,55.44558823529412,-3.06,0.0,2,1,1,0,0,0,0,1
1,0,1,0,68.0,1,1,1,1,1,1,1,1,1,90.8,0.0,0.0,0.0,365.0,1.0,64.9,64.9,1.0,0.0,1.0,3,0,0.0,0.0,0.0,67.11,92.68897058823529,32.74,0.0,6,0,2,0,0,1,0,0
0,0,1,1,45.0,0,0,0,1,1,1,0,1,0,56.15,0.0,0.0,0.0,365.0,0.0,0.0,0.0,0.0,0.0,0.0,2,0,0.0,0.0,0.0,48.82,50.32222222222222,-1.91,0.0,4,0,1,0,0,0,0,0
0,1,0,0,9.0,1,1,0,0,1,0,1,0,1,90.1,0.0,0.0,0.0,365.0,1.0,22.7,22.7,1.0,0.0,1.0,3,0,0.0,0.0,0.0,90.72,90.75555555555555,-1.44,0.0,2,2,0,1,0,0,1,0
0,0,0,0,22.0,1,1,1,0,0,1,0,0,1,59.05,0.0,0.0,0.0,365.0,0.0,0.0,0.0,0.0,0.0,0.0,1,0,0.0,0.0,0.0,83.14,56.97727272727273,0.99,0.0,2,1,0,0,0,0,0,1
0,0,0,0,2.0,1,0,0,0,0,0,0,0,0,20.3,4.0,46.0,1.0,297.0,0.0,0.0,0.0,0.0,0.0,0.0,3,0,0.0,0.0,0.0,92.55,20.6,-0.77,4.0,0,2,0,0,1,0,0,1
1,0,1,0,70.0,1,1,0,1,1,1,1,0,0,72.95,4.0,147.0,1.0,89.0,0.0,0.0,0.0,0.0,0.0,0.0,3,0,0.0,0.0,0.0,48.72,75.22214285714286,14.89,4.0,4,0,2,0,0,0,0,0
0,0,0,1,10.0,1,1,1,0,1,1,0,1,0,73.55,11.0,286.0,1.0,278.0,0.0,0.0,0.0,0.0,0.0,0.0,1,0,0.0,0.0,0.0,71.36,69.33,15.49,11.0,4,1,1,0,0,1,0,0
1,0,0,0,72.0,1,1,1,0,1,1,1,1,0,84.3,0.0,0.0,0.0,365.0,0.0,0.0,0.0,0.0,0.0,0.0,3,0,0.0,0.0,0.0,34.3,83.29305555555555,26.24,0.0,5,0,2,0,0,1,0,0
0,0,1,1,44.0,1,0,0,1,1,0,1,1,0,78.0,7.0,35.0,1.0,252.0,1.0,1.3,1.3,0.0,1.0,0.0,3,1,0.33,6.87,20.6,94.99,86.91363636363636,19.94,7.0,4,1,1,0,0,1,0,0
0,1,0,0,54.0,1,1,0,1,0,1,1,0,0,72.1,0.0,0.0,0.0,365.0,0.0,0.0,0.0,0.0,0.0,0.0,3,0,0.0,0.0,0.0,81.66,71.96388888888889,14.04,0.0,3,0,1,0,0,0,0,1
0,0,0,0,71.0,1,1,1,1,1,0,1,1,1,106.75,2.0,17.0,1.0,113.0,0.0,0.0,0.0,0.0,0.0,0.0,3,1,0.33,13.03,39.09,82.4,102.58098591549296,15.21,2.0,5,1,2,1,0,1,0,0
0,0,0,0,22.0,1,0,0,0,0,0,0,0,1,20.15,0.0,0.0,0.0,365.0,0.0,0.0,0.0,0.0,0.0,0.0,1,0,0.0,0.0,0.0,93.26,18.75227272727273,-0.92,0.0,0,0,1,0,1,0,0,1
0,0,1,1,50.0,1,0,0,0,0,0,0,0,0,20.55,5.0,41.0,1.0,180.0,0.0,0.0,0.0,0.0,0.0,0.0,2,0,0.0,0.0,0.0,72.19,21.405,-0.52,5.0,0,0,2,0,1,1,0,0
0,0,1,1,43.0,1,0,0,0,0,0,0,0,0,20.0,0.0,0.0,0.0,365.0,0.0,0.0,0.0,0.0,0.0,0.0,2,0,0.0,0.0,0.0,55.06,19.022093023255817,-1.07,0.0,0,0,1,0,1,0,0,1
0,0,1,1,45.0,1,1,0,0,0,0,0,0,1,24.65,3.0,74.0,1.0,133.0,0.0,0.0,0.0,0.0,0.0,0.0,3,0,0.0,0.0,0.0,65.76,26.028888888888886,3.58,3.0,0,0,2,0,1,1,0,0
1,1,0,0,64.0,1,1,1,1,0,0,1,1,1,91.75,0.0,0.0,0.0,365.0,0.0,0.0,0.0,0.0,0.0,0.0,2,1,0.5,9.45,18.9,68.95,102.32265625,0.21,0.0,4,2,0,1,0,0,0,0
0,0,1,1,23.0,1,1,0,0,0,0,0,0,0,23.85,5.0,246.0,1.0,118.0,0.0,0.0,0.0,0.0,0.0,0.0,3,0,0.0,0.0,0.0,50.21,27.202173913043477,2.78,5.0,0,0,2,0,1,0,0,1
0,0,1,0,68.0,1,1,0,0,0,0,0,0,0,25.8,5.0,116.0,1.0,141.0,1.0,16.6,16.6,1.0,0.0,1.0,1,0,0.0,0.0,0.0,33.76,28.110294117647058,4.73,5.0,0,0,2,0,1,1,0,0
0,0,0,0,1.0,1,0,0,0,0,0,0,0,1,70.85,4.0,89.0,1.0,238.0,0.0,0.0,0.0,0.0,0.0,0.0,2,0,0.0,0.0,0.0,70.58,70.85,-20.69,4.0,0,2,0,1,0,0,1,0
1,0,0,0,2.0,1,0,0,0,0,0,0,0,1,69.8,0.0,0.0,0.0,365.0,0.0,0.0,0.0,0.0,0.0,0.0,2,1,0.5,12.1,24.21,84.14,67.35,-21.74,0.0,0,3,0,1,0,1,0,0
1,0,0,0,26.0,1,0,0,0,0,1,1,0,0,59.45,0.0,0.0,0.0,365.0,0.0,0.0,0.0,0.0,0.0,0.0,3,0,0.0,0.0,0.0,57.29,57.96153846153846,1.39,0.0,2,0,1,0,0,1,0,0
1,0,1,0,55.0,0,0,0,0,1,1,1,1,1,54.55,2.0,105.0,1.0,236.0,0.0,0.0,0.0,0.0,0.0,0.0,1,0,0.0,0.0,0.0,73.24,54.150909090909096,-3.51,2.0,4,1,0,0,0,0,0,0
1,0,0,0,14.0,1,0,0,0,0,0,0,0,1,20.05,0.0,0.0,0.0,365.0,0.0,0.0,0.0,0.0,0.0,0.0,2,0,0.0,0.0,0.0,79.69,21.37857142857143,-1.02,0.0,0,1,0,0,1,0,1,0
1,0,1,0,71.0,1,0,1,0,1,1,1,1,1,82.55,3.0,167.0,1.0,66.0,0.0,0.0,0.0,0.0,0.0,0.0,2,0,0.0,0.0,0.0,26.18,82.14999999999999,24.49,3.0,5,0,2,0,0,0,1,0
1,0,0,0,64.0,1,1,1,1,1,1,1,0,0,81.25,0.0,0.0,0.0,365.0,0.0,0.0,0.0,0.0,0.0,0.0,3,1,0.33,3.33,9.99,59.4,86.99296875,23.19,0.0,5,1,1,0,0,0,1,0
0,0,0,0,7.0,1,0,0,0,0,1,1,1,1,70.75,0.0,0.0,0.0,365.0,0.0,0.0,0.0,0.0,0.0,0.0,1,0,0.0,0.0,0.0,32.12,64.4,12.69,0.0,3,2,0,0,0,1,0,0
0,0,0,0,57.0,1,0,1,1,1,1,1,0,1,74.3,3.0,28.0,1.0,154.0,0.0,0.0,0.0,0.0,0.0,0.0,1,1,1.0,11.59,11.59,68.37,73.09385964912282,16.24,3.0,5,1,2,0,0,1,0,0
0,0,1,0,13.0,1,1,0,1,1,0,1,0,0,94.1,1.0,103.0,1.0,116.0,0.0,0.0,0.0,0.0,0.0,0.0,2,0,0.0,0.0,0.0,46.26,93.5076923076923,2.56,1.0,3,1,0,1,0,0,1,0
0,0,1,1,3.0,0,0,1,0,0,0,0,0,0,29.7,4.0,151.0,1.0,290.0,0.0,0.0,0.0,0.0,0.0,0.0,3,0,0.0,0.0,0.0,72.25,30.566666666666666,-28.36,4.0,1,2,0,0,0,1,0,0
1,1,1,0,72.0,1,1,0,1,1,1,1,1,0,109.7,0.0,0.0,0.0,365.0,0.0,0.0,0.0,0.0,0.0,0.0,2,0,0.0,0.0,0.0,94.8,109.70069444444444,18.16,0.0,5,0,2,1,0,1,0,0
0,0,1,1,40.0,1,1,0,1,1,0,1,0,1,96.35,0.0,0.0,0.0,365.0,0.0,0.0,0.0,0.0,0.0,0.0,3,1,0.33,7.34,22.01,75.37,97.885,4.81,0.0,3,2,0,1,0,1,0,0
1,0,1,0,14.0,1,1,0,0,0,1,1,0,1,66.6,6.0,179.0,1.0,215.0,1.0,5.8,5.8,1.0,0.0,1.0,3,2,0.67,8.5,15.01,57.8,69.96428571428571,8.54,6.0,2,2,0,0,0,1,0,0
1,0,1,1,2.0,1,0,0,0,0,0,0,0,1,44.5,0.0,0.0,0.0,365.0,0.0,0.0,0.0,0.0,0.0,0.0,2,1,0.5,7.5,15.01,102.99,45.025,-13.56,0.0,0,3,0,0,0,0,1,0
1,1,0,0,66.0,1,1,0,1,1,1,1,1,0,110.9,0.0,0.0,0.0,365.0,0.0,0.0,0.0,0.0,0.0,0.0,1,0,0.0,0.0,0.0,50.82,112.60681818181818,19.36,0.0,5,0,1,1,0,1,0,0
0,0,1,0,38.0,1,1,0,0,1,1,1,1,1,105.0,0.0,0.0,0.0,365.0,0.0,0.0,0.0,0.0,0.0,0.0,3,0,0.0,0.0,0.0,82.32,105.9578947368421,13.46,0.0,4,1,0,1,0,0,1,0
1,0,0,1,1.0,0,0,0,0,0,0,0,0,1,25.3,2.0,14.0,1.0,78.0,0.0,0.0,0.0,0.0,0.0,0.0,2,1,0.5,18.43,36.87,71.4,25.3,-32.76,2.0,0,3,0,0,0,0,1,0
1,0,0,0,44.0,1,0,0,1,0,1,0,0,1,55.15,6.0,252.0,1.0,96.0,0.0,0.0,0.0,0.0,0.0,0.0,3,1,0.33,3.94,11.82,46.99,27.114772727272726,-2.91,6.0,2,1,1,0,0,1,0,0
1,0,0,0,1.0,1,0,0,0,0,0,0,0,1,20.1,3.0,143.0,1.0,192.0,2.0,1.4500000000000002,1.8,1.0,0.0,0.5,3,1,0.33,3.0,8.99,68.71,20.1,-0.97,3.0,0,3,0,0,1,0,0,1
1,0,0,0,5.0,1,0,0,0,0,0,1,0,1,80.1,0.0,0.0,0.0,365.0,0.0,0.0,0.0,0.0,0.0,0.0,1,0,0.0,0.0,0.0,53.09,79.71000000000001,-11.44,0.0,1,2,0,1,0,0,0,1
1,0,1,1,44.0,1,1,1,0,0,1,1,0,0,69.05,0.0,0.0,0.0,365.0,0.0,0.0,0.0,0.0,0.0,0.0,2,0,0.0,0.0,0.0,89.28,44.51022727272727,10.99,0.0,3,0,1,0,0,0,0,0
1,0,1,1,1.0,1,0,0,0,0,0,0,0,1,69.9,0.0,0.0,0.0,365.0,0.0,0.0,0.0,0.0,0.0,0.0,3,0,0.0,0.0,0.0,74.82,69.9,-21.64,0.0,0,2,0,1,0,0,0,1
0,0,0,0,3.0,1,0,0,0,0,0,0,0,0,20.4,0.0,0.0,0.0,365.0,0.0,0.0,0.0,0.0,0.0,0.0,3,2,0.67,15.48,42.86,78.18,21.05,-0.67,0.0,0,3,0,0,1,0,0,1
1,0,1,1,71.0,1,0,0,0,0,0,0,0,0,19.7,0.0,0.0,0.0,365.0,1.0,39.9,39.9,1.0,0.0,1.0,2,0,0.0,0.0,0.0,63.72,18.325352112676054,-1.37,0.0,0,0,2,0,1,1,0,0
1,0,0,1,9.0,1,0,0,1,0,0,0,0,1,50.1,0.0,0.0,0.0,365.0,0.0,0.0,0.0,0.0,0.0,0.0,3,0,0.0,0.0,0.0,52.86,53.78333333333333,-7.96,0.0,1,2,0,0,0,0,1,0
1,0,0,0,43.0,1,1,0,1,0,0,1,1,1,101.4,0.0,0.0,0.0,365.0,0.0,0.0,0.0,0.0,0.0,0.0,3,1,0.33,1.47,4.4,30.91,105.30232558139535,9.86,0.0,3,2,0,1,0,0,1,0
0,0,0,0,48.0,1,1,1,1,1,0,1,1,1,83.45,0.0,0.0,0.0,365.0,0.0,0.0,0.0,0.0,0.0,0.0,3,1,0.33,10.68,32.03,87.06,80.996875,25.39,0.0,5,1,1,0,0,1,0,0
1,0,0,0,26.0,1,1,1,1,0,0,0,0,1,86.65,0.0,0.0,0.0,365.0,1.0,9.9,9.9,0.0,1.0,0.0,2,1,0.5,19.04,38.08,100.99,84.95192307692308,-4.89,0.0,2,2,0,1,0,1,0,0
0,0,0,0,9.0,1,0,0,0,0,0,0,0,0,20.15,0.0,217.0,1.0,365.0,0.0,0.0,0.0,0.0,0.0,0.0,2,0,0.0,0.0,0.0,89.02,26.461111111111112,-0.92,0.0,0,2,0,0,1,0,0,0
1,0,0,0,1.0,1,0,0,0,0,0,0,1,1,80.8,0.0,0.0,0.0,365.0,0.0,0.0,0.0,0.0,0.0,0.0,1,0,0.0,0.0,0.0,49.3,80.8,-10.74,0.0,1,2,0,1,0,0,1,0
0,0,1,1,64.0,1,0,0,0,0,0,0,0,0,19.4,0.0,0.0,0.0,365.0,1.0,2.0,2.0,1.0,0.0,1.0,3,0,0.0,0.0,0.0,84.12,14.97109375,-1.67,0.0,0,0,2,0,1,1,0,0
1,0,0,0,2.0,1,1,0,0,0,0,0,1,0,62.05,6.0,164.0,1.0,321.0,0.0,0.0,0.0,0.0,0.0,0.0,2,0,0.0,0.0,0.0,27.97,59.15,3.99,6.0,1,2,0,0,0,0,0,0
1,1,0,0,1.0,1,1,0,0,0,0,0,0,1,76.45,0.0,0.0,0.0,365.0,0.0,0.0,0.0,0.0,0.0,0.0,1,0,0.0,0.0,0.0,73.85,76.45,-15.09,0.0,0,2,0,1,0,0,1,0
1,0,1,1,64.0,0,0,1,0,1,1,1,1,1,60.05,0.0,0.0,0.0,365.0,0.0,0.0,0.0,0.0,0.0,0.0,2,0,0.0,0.0,0.0,99.93,60.08515625,1.99,0.0,5,0,2,0,0,0,0,0
0,1,0,0,12.0,1,1,0,1,0,0,1,0,1,91.3,0.0,0.0,0.0,365.0,0.0,0.0,0.0,0.0,0.0,0.0,2,2,1.0,12.68,13.59,74.12,91.20833333333333,-0.24,0.0,2,2,0,1,0,0,1,0
1,1,1,0,6.0,1,0,0,0,1,0,1,1,1,95.75,0.0,0.0,0.0,365.0,0.0,0.0,0.0,0.0,0.0,0.0,3,1,0.33,5.89,17.67,65.82,95.625,4.21,0.0,3,3,0,1,0,0,1,0
0,0,1,0,59.0,1,0,0,0,0,0,0,0,0,20.35,0.0,0.0,0.0,365.0,0.0,0.0,0.0,0.0,0.0,0.0,3,1,0.33,14.74,44.23,74.97,21.47457627118644,-0.72,0.0,0,1,1,0,1,0,0,1
0,0,0,0,7.0,1,0,0,1,0,0,1,1,1,94.05,0.0,0.0,0.0,365.0,0.0,0.0,0.0,0.0,0.0,0.0,1,0,0.0,0.0,0.0,103.89,90.49285714285715,2.51,0.0,3,1,1,1,0,0,0,1
0,1,1,0,72.0,1,1,1,1,1,0,1,1,1,84.1,0.0,0.0,0.0,365.0,0.0,0.0,0.0,0.0,0.0,0.0,1,0,0.0,0.0,0.0,69.19,85.13402777777777,26.04,0.0,5,0,2,0,0,1,0,0
1,1,0,0,16.0,1,0,0,0,0,0,0,1,1,78.75,4.0,297.0,1.0,261.0,0.0,0.0,0.0,0.0,0.0,0.0,1,0,0.0,0.0,0.0,75.54,76.140625,-12.79,4.0,1,1,0,1,0,0,1,0
1,0,1,0,25.0,1,1,0,0,1,0,0,0,0,55.55,0.0,0.0,0.0,365.0,1.0,41.3,41.3,0.0,0.0,0.0,3,1,0.33,5.95,17.86,75.9,56.211999999999996,-2.51,0.0,1,2,0,0,0,1,0,0
0,0,1,0,34.0,1,1,1,1,0,1,0,0,0,62.65,0.0,0.0,0.0,365.0,0.0,0.0,0.0,0.0,0.0,0.0,2,0,0.0,0.0,0.0,76.03,66.90882352941176,4.59,0.0,3,1,0,0,0,0,1,0
0,0,0,0,12.0,1,1,0,0,0,0,0,0,1,74.5,0.0,0.0,0.0,365.0,0.0,0.0,0.0,0.0,0.0,0.0,2,1,0.5,25.35,50.7,69.86,6.208333333333333,-17.04,0.0,0,2,0,1,0,0,1,0
0,0,1,1,10.0,1,1,0,1,1,0,1,1,1,102.1,0.0,0.0,0.0,365.0,0.0,0.0,0.0,0.0,0.0,0.0,3,1,0.33,12.0,36.0,70.81,106.88499999999999,10.56,0.0,4,3,0,1,0,1,0,0
1,0,1,0,24.0,1,0,0,0,0,0,0,0,0,20.1,0.0,0.0,0.0,365.0,0.0,0.0,0.0,0.0,0.0,0.0,3,1,0.33,4.23,12.68,55.01,22.245833333333334,-0.97,0.0,0,1,1,0,1,0,0,1
0,0,1,1,10.0,1,1,1,1,0,0,1,0,0,70.3,5.0,260.0,1.0,261.0,0.0,0.0,0.0,0.0,0.0,0.0,1,0,0.0,0.0,0.0,39.16,67.615,12.24,5.0,3,1,1,0,0,0,1,0
1,0,1,0,69.0,1,0,1,1,0,0,0,0,1,53.65,0.0,0.0,0.0,365.0,0.0,0.0,0.0,0.0,0.0,0.0,2,0,0.0,0.0,0.0,39.84,55.13623188405797,-4.41,0.0,2,0,1,0,0,1,0,0
1,0,0,0,57.0,1,0,0,0,0,0,0,0,0,20.15,4.0,9.0,1.0,332.0,0.0,0.0,0.0,0.0,0.0,0.0,3,1,0.33,5.02,15.05,63.66,19.628070175438594,-0.92,4.0,0,1,2,0,1,0,0,1
1,0,1,1,50.0,1,0,0,1,1,1,1,1,1,103.4,0.0,0.0,0.0,365.0,0.0,0.0,0.0,0.0,0.0,0.0,3,1,0.33,14.49,43.46,68.54,104.728,11.86,0.0,5,1,1,1,0,0,0,0
1,0,1,1,28.0,0,0,1,0,1,1,1,0,0,50.8,0.0,0.0,0.0,365.0,0.0,0.0,0.0,0.0,0.0,0.0,2,0,0.0,0.0,0.0,43.42,49.528571428571425,-7.26,0.0,4,0,1,0,0,0,0,1
0,0,0,0,16.0,1,0,1,0,0,0,0,0,1,50.15,0.0,0.0,0.0,365.0,0.0,0.0,0.0,0.0,0.0,0.0,2,0,0.0,0.0,0.0,63.84,47.640625,-7.91,0.0,1,1,0,0,0,0,1,0
1,0,0,0,25.0,1,0,1,1,0,1,1,1,1,79.0,0.0,0.0,0.0,365.0,0.0,0.0,0.0,0.0,0.0,0.0,2,1,0.5,2.97,5.94,57.18,76.08,20.94,0.0,5,2,0,0,0,0,0,1
0,1,1,0,3.0,1,0,0,1,0,0,0,0,1,74.6,0.0,0.0,0.0,365.0,0.0,0.0,0.0,0.0,0.0,0.0,2,0,0.0,0.0,0.0,85.57,79.68333333333334,-16.94,0.0,1,2,0,1,0,0,0,0
1,0,1,0,61.0,1,1,0,0,0,0,1,1,1,96.5,0.0,0.0,0.0,365.0,0.0,0.0,0.0,0.0,0.0,0.0,1,0,0.0,0.0,0.0,43.9,93.01147540983607,4.96,0.0,2,0,1,1,0,0,0,0
0,0,0,0,2.0,1,0,0,0,0,0,0,0,0,20.1,0.0,0.0,0.0,365.0,0.0,0.0,0.0,0.0,0.0,0.0,1,0,0.0,0.0,0.0,50.5,19.9,-0.97,0.0,0,2,0,0,1,0,0,1
1,0,1,1,51.0,1,0,0,0,0,0,0,0,0,19.4,0.0,0.0,0.0,365.0,0.0,0.0,0.0,0.0,0.0,0.0,2,0,0.0,0.0,0.0,35.0,19.563725490196077,-1.67,0.0,0,0,1,0,1,0,0,1
0,0,1,1,71.0,1,0,1,0,1,0,1,1,0,77.55,0.0,0.0,0.0,365.0,0.0,0.0,0.0,0.0,0.0,0.0,1,0,0.0,0.0,0.0,69.01,78.51197183098591,19.49,0.0,4,0,2,0,0,1,0,0
0,0,1,1,20.0,1,0,0,0,0,0,0,0,0,20.05,3.0,270.0,1.0,250.0,0.0,0.0,0.0,0.0,0.0,0.0,1,0,0.0,0.0,0.0,52.06,20.302500000000002,-1.02,3.0,0,1,0,0,1,0,0,1
1,0,1,1,6.0,1,0,0,0,0,0,0,0,0,19.85,0.0,0.0,0.0,365.0,0.0,0.0,0.0,0.0,0.0,0.0,3,2,0.67,9.01,19.25,71.45,23.141666666666666,-1.22,0.0,0,3,0,0,1,1,0,0
0,0,0,0,6.0,1,0,0,0,0,0,0,0,0,20.2,5.0,205.0,1.0,179.0,0.0,0.0,0.0,0.0,0.0,0.0,2,1,0.5,4.31,8.62,48.5,20.608333333333334,-0.87,5.0,0,3,0,0,1,0,0,1
0,0,0,0,29.0,1,1,1,1,0,1,0,0,0,67.45,7.0,202.0,1.0,159.0,0.0,0.0,0.0,0.0,0.0,0.0,1,1,1.0,18.13,18.13,70.72,62.106896551724134,9.39,7.0,3,2,0,0,0,0,0,1
1,0,0,0,36.0,1,0,0,0,0,0,0,0,1,18.55,4.0,167.0,1.0,255.0,0.0,0.0,0.0,0.0,0.0,0.0,1,0,0.0,0.0,0.0,110.27,19.13888888888889,-2.52,4.0,0,0,2,0,1,1,0,0
0,0,0,0,28.0,0,0,0,0,1,0,0,0,1,29.75,0.0,0.0,0.0,365.0,0.0,0.0,0.0,0.0,0.0,0.0,2,0,0.0,0.0,0.0,101.84,28.239285714285717,-28.31,0.0,1,1,0,0,0,0,0,1
0,0,1,0,7.0,1,1,0,0,0,0,1,0,1,86.5,10.0,274.0,2.0,5.0,0.0,0.0,0.0,0.0,0.0,0.0,2,0,0.0,0.0,0.0,70.0,83.21428571428571,-5.04,5.0,1,2,0,1,0,0,1,0
0,0,0,0,63.0,1,1,0,0,0,0,0,0,0,24.2,5.0,70.0,1.0,55.0,0.0,0.0,0.0,0.0,0.0,0.0,2,0,0.0,0.0,0.0,64.53,25.685714285714287,3.13,5.0,0,0,2,0,1,0,0,1
1,0,1,1,48.0,1,1,0,0,0,0,0,0,0,23.55,6.0,264.0,1.0,313.0,0.0,0.0,0.0,0.0,0.0,0.0,3,0,0.0,0.0,0.0,70.23,24.444791666666664,2.48,6.0,0,0,2,0,1,0,0,1
0,0,1,0,49.0,1,0,0,0,0,0,0,0,0,20.45,0.0,0.0,0.0,365.0,0.0,0.0,0.0,0.0,0.0,0.0,2,0,0.0,0.0,0.0,54.34,18.385714285714286,-0.62,0.0,0,0,1,0,1,0,0,0
1,1,0,0,27.0,1,1,0,1,0,0,0,0,1,81.45,5.0,80.0,1.0,202.0,0.0,0.0,0.0,0.0,0.0,0.0,2,0,0.0,0.0,0.0,80.81,78.59444444444445,-10.09,5.0,1,1,0,1,0,0,1,0
1,0,1,0,72.0,1,1,1,1,1,1,1,1,0,92.3,0.0,0.0,0.0,365.0,0.0,0.0,0.0,0.0,0.0,0.0,3,0,0.0,0.0,0.0,79.13,93.33194444444445,34.24,0.0,6,0,2,0,0,1,0,0
1,0,1,0,1.0,1,0,0,0,0,0,0,0,1,69.15,0.0,0.0,0.0,365.0,0.0,0.0,0.0,0.0,0.0,0.0,1,0,0.0,0.0,0.0,114.06,69.15,-22.39,0.0,0,2,0,1,0,0,1,0
0,0,1,1,72.0,0,0,0,1,0,1,1,1,0,53.65,0.0,0.0,0.0,365.0,0.0,0.0,0.0,0.0,0.0,0.0,3,1,0.33,1.89,5.66,67.4,52.55555555555556,-4.41,0.0,4,1,2,0,0,1,0,0
0,0,0,0,47.0,0,0,1,1,0,1,0,0,0,39.65,0.0,0.0,0.0,365.0,1.0,90.2,90.2,1.0,0.0,1.0,2,0,0.0,0.0,0.0,106.4,38.26914893617022,-18.41,0.0,3,0,1,0,0,1,0,0
0,0,0,0,1.0,1,0,0,0,0,0,1,0,1,54.65,0.0,0.0,0.0,365.0,0.0,0.0,0.0,0.0,0.0,0.0,1,0,0.0,0.0,0.0,40.24,54.65,-3.41,0.0,1,2,0,0,0,0,1,0
0,0,0,0,36.0,1,1,0,1,1,0,1,1,1,104.8,4.0,49.0,1.0,190.0,0.0,0.0,0.0,0.0,0.0,0.0,3,0,0.0,0.0,0.0,86.76,107.95694444444445,13.26,4.0,4,0,1,1,0,0,0,0
1,0,1,1,43.0,0,0,0,1,0,0,0,0,0,29.3,7.0,34.0,1.0,303.0,1.0,2.0,2.0,1.0,0.0,1.0,2,0,0.0,0.0,0.0,73.74,28.46627906976744,-28.76,7.0,1,1,0,0,0,1,0,0
0,1,1,0,27.0,1,1,0,1,1,1,1,1,0,83.85,3.0,150.0,1.0,111.0,0.0,0.0,0.0,0.0,0.0,0.0,1,0,0.0,0.0,0.0,46.06,85.56296296296296,25.79,3.0,5,1,0,0,0,0,1,0
0,0,0,0,9.0,1,0,0,0,0,0,0,1,1,79.55,1.0,161.0,1.0,364.0,0.0,0.0,0.0,0.0,0.0,0.0,3,0,0.0,0.0,0.0,77.75,80.37777777777778,-11.99,1.0,1,2,0,1,0,0,1,0
0,0,0,0,38.0,1,1,0,0,1,1,1,1,1,103.65,11.0,175.5,2.0,86.0,0.0,0.0,0.0,0.0,0.0,0.0,3,2,0.67,7.41,11.39,59.22,104.96052631578948,12.11,5.5,4,2,0,1,0,0,1,0
0,1,0,0,35.0,1,1,1,0,0,0,1,1,1,99.05,6.0,293.0,1.0,30.0,0.0,0.0,0.0,0.0,0.0,0.0,2,0,0.0,0.0,0.0,61.0,101.56,7.51,6.0,3,1,0,1,0,0,1,0
0,0,1,1,0.0,1,1,0,1,1,1,1,0,0,73.35,6.0,74.0,1.0,118.0,0.0,0.0,0.0,0.0,0.0,0.0,3,0,0.0,0.0,0.0,54.99,73.35,15.29,6.0,4,1,2,0,0,0,0,1
0,0,1,0,59.0,1,0,0,1,0,1,1,1,1,100.05,9.0,155.0,2.0,79.0,0.0,0.0,0.0,0.0,0.0,0.0,3,0,0.0,0.0,0.0,50.15,102.285593220339,8.51,4.5,4,0,2,1,0,0,0,1
1,0,0,0,27.0,1,0,0,0,0,0,0,0,0,20.35,0.0,0.0,0.0,365.0,0.0,0.0,0.0,0.0,0.0,0.0,2,0,0.0,0.0,0.0,48.86,19.68888888888889,-0.72,0.0,0,0,2,0,1,1,0,0
0,1,0,0,2.0,1,0,0,0,0,0,0,0,0,43.95,0.0,0.0,0.0,365.0,0.0,0.0,0.0,0.0,0.0,0.0,3,1,0.33,9.54,28.63,81.53,42.55,-14.11,0.0,0,3,0,0,0,0,1,0
1,0,0,0,7.0,1,1,0,0,0,0,0,0,0,23.5,0.0,0.0,0.0,365.0,0.0,0.0,0.0,0.0,0.0,0.0,1,0,0.0,0.0,0.0,20.47,24.714285714285715,2.43,0.0,0,2,0,0,1,0,0,1
0,0,0,0,36.0,1,1,0,1,0,1,0,1,1,70.7,0.0,0.0,0.0,365.0,0.0,0.0,0.0,0.0,0.0,0.0,1,1,1.0,13.25,13.25,59.15,69.77638888888889,12.64,0.0,3,1,1,0,0,0,0,1
0,0,1,1,41.0,1,1,1,1,0,0,1,0,1,91.75,0.0,0.0,0.0,365.0,0.0,0.0,0.0,0.0,0.0,0.0,2,0,0.0,0.0,0.0,66.62,94.96585365853659,0.21,0.0,3,1,0,1,0,0,0,0
0,0,0,0,13.0,0,0,0,1,0,0,0,0,0,29.15,0.0,0.0,0.0,365.0,0.0,0.0,0.0,0.0,0.0,0.0,3,0,0.0,0.0,0.0,65.77,27.47307692307692,-28.91,0.0,1,1,0,0,0,0,1,0
1,0,0,1,19.0,1,0,0,0,0,0,0,0,0,20.85,5.0,47.0,1.0,271.0,0.0,0.0,0.0,0.0,0.0,0.0,1,0,0.0,0.0,0.0,90.05,24.605263157894736,-0.22,5.0,0,0,2,0,1,1,0,0
0,0,1,0,60.0,0,0,1,1,0,1,0,0,0,37.7,0.0,0.0,0.0,365.0,1.0,15.1,15.1,1.0,0.0,1.0,1,0,0.0,0.0,0.0,112.26,38.144999999999996,-20.36,0.0,3,0,2,0,0,0,0,0
0,0,0,1,48.0,1,0,0,1,1,1,1,0,1,95.5,0.0,0.0,0.0,365.0,0.0,0.0,0.0,0.0,0.0,0.0,1,0,0.0,0.0,0.0,29.77,96.41354166666667,3.96,0.0,4,0,2,1,0,0,0,1
1,1,0,0,3.0,1,1,0,0,1,0,1,0,0,91.05,4.0,224.0,1.0,212.0,0.0,0.0,0.0,0.0,0.0,0.0,1,0,0.0,0.0,0.0,89.71,96.36666666666667,-0.49,4.0,2,2,0,1,0,0,1,0
1,0,1,0,69.0,1,1,0,1,0,1,1,0,1,92.45,3.0,29.0,1.0,145.0,0.0,0.0,0.0,0.0,0.0,0.0,2,0,0.0,0.0,0.0,41.44,93.63115942028986,0.91,3.0,3,0,2,1,0,0,0,1
1,0,0,0,43.0,0,0,0,0,1,1,0,1,0,44.15,0.0,0.0,0.0,365.0,0.0,0.0,0.0,0.0,0.0,0.0,2,0,0.0,0.0,0.0,59.79,44.913953488372094,-13.91,0.0,3,0,1,0,0,0,1,0
0,0,0,1,11.0,0,0,1,0,0,1,0,0,1,36.05,0.0,0.0,0.0,365.0,1.0,18.3,18.3,0.0,1.0,0.0,3,0,0.0,0.0,0.0,89.97,36.6,-22.01,0.0,2,1,1,0,0,0,0,1
0,0,1,0,12.0,1,0,0,0,1,0,0,0,1,50.25,0.0,0.0,0.0,365.0,0.0,0.0,0.0,0.0,0.0,0.0,2,0,0.0,0.0,0.0,27.46,185.1291666666667,-7.81,0.0,1,1,0,0,0,1,0,0
1,0,1,0,72.0,1,1,0,1,1,1,1,1,1,109.75,0.0,0.0,0.0,365.0,0.0,0.0,0.0,0.0,0.0,0.0,2,0,0.0,0.0,0.0,75.29,107.76249999999999,18.21,0.0,5,0,2,1,0,1,0,0
0,1,1,0,2.0,1,1,0,0,1,0,0,0,0,79.2,0.0,0.0,0.0,365.0,0.0,0.0,0.0,0.0,0.0,0.0,2,1,0.5,11.8,23.59,73.96,86.425,-12.34,0.0,1,3,0,1,0,0,1,0
0,0,1,1,12.0,1,0,0,0,0,0,0,0,0,20.3,0.0,0.0,0.0,365.0,0.0,0.0,0.0,0.0,0.0,0.0,1,0,0.0,0.0,0.0,98.74,18.708333333333332,-0.77,0.0,0,0,2,0,1,0,0,0
0,0,1,1,67.0,1,1,0,1,1,1,1,1,1,112.35,0.0,0.0,0.0,365.0,0.0,0.0,0.0,0.0,0.0,0.0,2,0,0.0,0.0,0.0,97.34,110.27537313432836,20.81,0.0,5,0,1,1,0,1,0,0
1,0,1,0,37.0,1,1,0,0,1,1,1,0,0,94.3,0.0,0.0,0.0,365.0,0.0,0.0,0.0,0.0,0.0,0.0,3,0,0.0,0.0,0.0,55.9,93.53918918918919,2.76,0.0,3,0,2,1,0,0,0,1
0,0,0,0,39.0,0,0,1,1,0,1,0,0,0,41.15,0.0,0.0,0.0,365.0,0.0,0.0,0.0,0.0,0.0,0.0,3,0,0.0,0.0,0.0,86.71,43.61282051282051,-16.91,0.0,3,0,1,0,0,0,0,0
0,0,0,0,41.0,1,1,1,0,1,1,0,1,1,74.65,5.0,253.0,1.0,345.0,0.0,0.0,0.0,0.0,0.0,0.0,1,0,0.0,0.0,0.0,57.4,75.38170731707318,16.59,5.0,4,1,0,0,0,0,0,0
0,0,0,0,25.0,0,0,0,0,1,0,1,1,1,48.25,0.0,0.0,0.0,365.0,0.0,0.0,0.0,0.0,0.0,0.0,2,0,0.0,0.0,0.0,98.7,51.751999999999995,-9.81,0.0,3,1,0,0,0,0,1,0
1,0,1,1,8.0,1,1,1,1,0,1,0,1,1,76.15,0.0,0.0,0.0,365.0,0.0,0.0,0.0,0.0,0.0,0.0,2,1,0.5,6.73,13.46,65.04,80.725,18.09,0.0,4,2,2,0,0,1,0,0
0,0,1,1,71.0,1,1,1,1,1,1,0,0,0,71.1,0.0,0.0,0.0,365.0,2.0,3.6,5.2,0.0,1.0,0.0,2,0,0.0,0.0,0.0,35.44,73.59084507042253,13.04,0.0,4,0,2,0,0,0,0,1
1,0,0,0,5.0,1,1,0,1,1,0,0,1,0,96.55,0.0,0.0,0.0,365.0,0.0,0.0,0.0,0.0,0.0,0.0,2,0,0.0,0.0,0.0,61.13,100.02000000000001,5.01,0.0,3,2,0,1,0,0,1,0
0,0,0,0,30.0,1,1,1,0,1,0,1,1,1,79.3,4.0,98.0,1.0,126.0,0.0,0.0,0.0,0.0,0.0,0.0,2,1,0.5,2.0,3.99,63.04,80.90333333333334,21.24,4.0,4,1,1,0,0,1,0,0
1,0,0,0,40.0,1,0,0,1,0,1,0,1,1,89.6,8.0,49.0,2.0,143.0,1.0,11.2,11.2,1.0,0.0,1.0,3,1,0.33,15.52,46.55,73.19,87.20375,-1.94,4.0,3,1,1,1,0,1,0,0
0,0,0,0,64.0,1,0,0,0,0,0,0,0,1,20.5,8.0,19.0,1.0,236.0,1.0,0.7,0.7,1.0,0.0,1.0,1,0,0.0,0.0,0.0,26.34,16.1828125,-0.57,8.0,0,0,2,0,1,0,0,1
1,0,1,0,72.0,1,1,0,1,1,0,1,1,1,106.3,0.0,0.0,0.0,365.0,0.0,0.0,0.0,0.0,0.0,0.0,1,0,0.0,0.0,0.0,112.35,105.07430555555555,14.76,0.0,4,0,2,1,0,0,0,0
1,0,1,1,28.0,1,0,0,1,1,0,1,1,0,91.75,0.0,0.0,0.0,365.0,0.0,0.0,0.0,0.0,0.0,0.0,3,1,0.33,16.71,50.12,49.35,99.96428571428571,0.21,0.0,4,1,1,1,0,0,0,0
1,0,1,1,18.0,1,0,0,0,0,1,0,1,1,85.6,5.0,149.0,1.0,196.0,0.0,0.0,0.0,0.0,0.0,0.0,2,1,0.5,13.95,27.9,101.15,88.97222222222223,-5.94,5.0,2,2,0,1,0,0,1,0
0,0,0,0,2.0,0,0,0,0,0,0,1,1,1,45.25,5.0,126.0,1.0,119.0,0.0,0.0,0.0,0.0,0.0,0.0,1,0,0.0,0.0,0.0,84.53,42.75,-12.81,5.0,2,2,0,0,0,0,1,0
0,0,1,1,59.0,1,1,0,1,1,0,1,1,1,106.15,6.0,294.0,1.0,123.0,0.0,0.0,0.0,0.0,0.0,0.0,3,0,0.0,0.0,0.0,52.72,106.03728813559322,14.61,6.0,4,0,1,1,0,0,1,0
1,0,1,1,22.0,1,0,0,0,0,1,0,0,1,51.1,0.0,0.0,0.0,365.0,0.0,0.0,0.0,0.0,0.0,0.0,2,0,0.0,0.0,0.0,94.08,56.040909090909096,-6.96,0.0,1,1,0,0,0,0,1,0
0,0,0,0,1.0,1,0,0,0,0,0,0,0,0,19.9,3.0,109.0,1.0,156.0,0.0,0.0,0.0,0.0,0.0,0.0,1,0,0.0,0.0,0.0,78.87,19.9,-1.17,3.0,0,2,0,0,1,0,0,1
0,1,1,0,72.0,1,1,0,0,0,0,0,0,1,25.7,0.0,0.0,0.0,365.0,0.0,0.0,0.0,0.0,0.0,0.0,3,0,0.0,0.0,0.0,87.77,26.908333333333335,4.63,0.0,0,0,2,0,1,1,0,0
0,1,0,0,14.0,1,1,0,0,0,0,0,0,1,74.3,0.0,143.0,1.0,365.0,0.0,0.0,0.0,0.0,0.0,0.0,3,1,0.33,7.13,21.39,77.93,78.30357142857143,-17.24,0.0,0,2,0,1,0,0,1,0
1,0,1,0,50.0,1,1,0,0,0,1,1,1,0,99.4,0.0,0.0,0.0,365.0,0.0,0.0,0.0,0.0,0.0,0.0,1,0,0.0,0.0,0.0,109.98,101.195,7.86,0.0,3,0,1,1,0,0,1,0
0,0,1,1,48.0,1,0,1,0,1,1,1,0,0,69.7,8.0,236.0,1.0,120.0,0.0,0.0,0.0,0.0,0.0,0.0,3,0,0.0,0.0,0.0,81.66,62.99270833333333,11.64,8.0,4,0,1,0,0,0,0,0
0,0,1,1,49.0,1,1,0,1,0,0,1,1,1,98.35,8.0,194.0,2.0,24.0,0.0,0.0,0.0,0.0,0.0,0.0,1,0,0.0,0.0,0.0,83.65,99.7795918367347,6.81,4.0,3,1,0,1,0,0,1,0
1,0,1,1,28.0,1,0,0,0,1,0,1,0,0,85.45,0.0,0.0,0.0,365.0,2.0,17.049999999999997,21.4,1.0,0.0,0.5,1,0,0.0,0.0,0.0,75.14,81.78214285714286,-6.09,0.0,2,1,0,1,0,0,1,0
1,1,0,0,68.0,1,1,0,1,1,0,0,1,1,95.9,12.0,203.0,3.0,67.0,0.0,0.0,0.0,0.0,0.0,0.0,2,0,0.0,0.0,0.0,42.36,95.63529411764705,4.36,4.0,3,1,0,1,0,0,1,0
1,0,0,0,13.0,1,1,0,0,0,1,1,1,0,100.75,12.0,149.5,2.0,277.0,0.0,0.0,0.0,0.0,0.0,0.0,1,0,0.0,0.0,0.0,98.0,101.01923076923077,9.21,6.0,3,1,0,1,0,0,1,0
0,0,0,0,11.0,1,1,0,0,1,0,1,0,1,89.2,0.0,0.0,0.0,365.0,0.0,0.0,0.0,0.0,0.0,0.0,2,1,0.5,16.6,33.2,66.36,90.02727272727272,-2.34,0.0,2,3,0,1,0,0,1,0
0,0,1,0,3.0,1,1,0,0,0,0,0,0,1,74.1,8.0,182.0,1.0,257.0,0.0,0.0,0.0,0.0,0.0,0.0,2,2,1.0,34.28,55.69,73.17,76.0,-17.44,8.0,0,3,0,1,0,1,0,0
1,1,1,0,57.0,1,1,0,0,1,0,1,1,0,100.6,6.0,213.0,1.0,217.0,1.0,12.5,12.5,0.0,1.0,0.0,3,0,0.0,0.0,0.0,70.58,100.80964912280702,9.06,6.0,3,1,0,1,0,0,1,0
1,0,0,0,3.0,1,1,0,0,0,0,0,0,0,75.0,3.0,74.0,1.0,214.0,1.0,31.3,31.3,1.0,0.0,1.0,2,0,0.0,0.0,0.0,80.43,69.7,-16.54,3.0,0,2,0,1,0,0,0,1
1,0,1,0,72.0,1,1,0,0,0,0,0,0,0,25.75,9.0,234.0,2.0,8.0,1.0,7.5,7.5,0.0,0.0,0.0,2,2,1.0,7.02,10.42,26.75,25.891666666666666,4.68,4.5,0,1,2,0,1,1,0,0
1,0,1,1,70.0,1,1,0,1,1,1,1,1,1,84.1,0.0,0.0,0.0,365.0,1.0,0.6,0.6,0.0,0.0,0.0,2,1,0.5,12.05,24.1,58.52,85.42428571428572,26.04,0.0,5,1,2,0,0,0,1,0
0,0,1,1,49.0,1,1,0,1,0,1,1,1,0,79.3,0.0,0.0,0.0,365.0,0.0,0.0,0.0,0.0,0.0,0.0,3,0,0.0,0.0,0.0,59.52,79.64183673469387,21.24,0.0,4,0,2,0,0,0,0,0
0,1,1,0,67.0,1,1,1,0,1,0,1,1,1,107.05,0.0,0.0,0.0,365.0,0.0,0.0,0.0,0.0,0.0,0.0,1,0,0.0,0.0,0.0,22.32,106.6044776119403,15.51,0.0,4,0,1,1,0,1,0,0
1,0,0,0,46.0,1,0,0,0,0,0,0,0,0,20.05,6.0,114.0,1.0,346.0,0.0,0.0,0.0,0.0,0.0,0.0,1,0,0.0,0.0,0.0,25.53,19.608695652173914,-1.02,6.0,0,0,2,0,1,0,0,0
0,1,0,0,64.0,1,0,1,1,0,1,1,0,1,70.2,0.0,0.0,0.0,365.0,0.0,0.0,0.0,0.0,0.0,0.0,2,0,0.0,0.0,0.0,64.46,70.015625,12.14,0.0,4,0,2,0,0,1,0,0
0,0,1,0,37.0,1,0,0,0,0,0,0,0,0,19.5,5.0,99.0,1.0,219.0,0.0,0.0,0.0,0.0,0.0,0.0,1,0,0.0,0.0,0.0,102.47,21.762162162162163,-1.57,5.0,0,1,0,0,1,0,0,0
0,1,0,0,2.0,1,0,0,0,0,0,0,0,0,70.75,0.0,0.0,0.0,365.0,0.0,0.0,0.0,0.0,0.0,0.0,2,0,0.0,0.0,0.0,38.55,77.425,-20.79,0.0,0,2,0,1,0,0,1,0
0,1,1,0,13.0,0,0,0,0,0,0,1,1,0,45.3,0.0,0.0,0.0,365.0,0.0,0.0,0.0,0.0,0.0,0.0,1,0,0.0,0.0,0.0,54.42,40.650000000000006,-12.76,0.0,2,1,0,0,0,0,1,0
0,0,1,0,72.0,1,1,1,1,1,1,1,1,0,115.15,0.0,0.0,0.0,365.0,0.0,0.0,0.0,0.0,0.0,0.0,3,0,0.0,0.0,0.0,108.48,115.96805555555557,23.61,0.0,6,0,2,1,0,0,1,0
1,0,1,1,68.0,1,0,0,0,1,1,1,1,1,72.95,0.0,0.0,0.0,365.0,0.0,0.0,0.0,0.0,0.0,0.0,1,0,0.0,0.0,0.0,27.02,72.84191176470588,14.89,0.0,4,0,2,0,0,0,0,0
1,0,1,1,15.0,1,0,0,0,0,0,0,0,0,19.65,0.0,0.0,0.0,365.0,0.0,0.0,0.0,0.0,0.0,0.0,2,1,0.5,1.99,3.98,33.68,22.176666666666666,-1.42,0.0,0,1,1,0,1,0,0,1
0,0,0,0,24.0,1,0,0,0,0,0,0,0,1,19.55,0.0,0.0,0.0,365.0,0.0,0.0,0.0,0.0,0.0,0.0,2,1,0.5,4.39,8.78,52.0,19.591666666666665,-1.52,0.0,0,1,2,0,1,0,0,0
0,0,0,0,24.0,1,1,0,0,0,1,0,1,1,89.55,0.0,0.0,0.0,365.0,0.0,0.0,0.0,0.0,0.0,0.0,1,0,0.0,0.0,0.0,104.68,94.13958333333333,-1.99,0.0,2,1,0,1,0,0,1,0
1,0,0,0,27.0,1,0,1,0,0,0,0,0,0,50.35,0.0,0.0,0.0,365.0,0.0,0.0,0.0,0.0,0.0,0.0,2,0,0.0,0.0,0.0,45.7,52.27222222222222,-7.71,0.0,1,1,0,0,0,0,0,1
1,0,0,0,12.0,1,0,0,0,0,1,0,0,0,50.25,0.0,0.0,0.0,365.0,0.0,0.0,0.0,0.0,0.0,0.0,2,0,0.0,0.0,0.0,67.6,49.479166666666664,-7.81,0.0,1,1,0,0,0,0,0,0
0,0,1,1,71.0,1,0,1,1,1,1,1,1,0,87.25,0.0,0.0,0.0,365.0,1.0,14.9,14.9,1.0,0.0,1.0,3,1,0.33,7.95,23.86,86.57,89.13661971830986,29.19,0.0,6,1,2,0,0,1,0,0
1,0,1,1,67.0,1,0,0,0,0,0,0,0,1,20.8,0.0,0.0,0.0,365.0,0.0,0.0,0.0,0.0,0.0,0.0,3,2,0.67,16.81,35.7,90.57,21.07313432835821,-0.27,0.0,0,1,2,0,1,0,0,1
0,0,1,0,64.0,1,1,0,1,1,1,1,1,1,109.25,0.0,0.0,0.0,365.0,0.0,0.0,0.0,0.0,0.0,0.0,1,0,0.0,0.0,0.0,83.29,106.896875,17.71,0.0,5,0,2,1,0,0,0,0
1,0,0,0,1.0,1,0,0,0,0,0,0,0,0,20.35,0.0,0.0,0.0,365.0,0.0,0.0,0.0,0.0,0.0,0.0,1,0,0.0,0.0,0.0,39.25,20.35,-0.72,0.0,0,2,0,0,1,0,0,1
1,0,0,0,4.0,1,0,0,0,0,0,0,1,1,55.9,10.0,144.0,1.0,250.0,1.0,17.7,17.7,0.0,1.0,0.0,2,0,0.0,0.0,0.0,113.38,59.625,-2.16,10.0,1,2,0,0,0,0,1,0
0,1,0,0,40.0,1,0,1,1,0,0,0,0,1,79.2,0.0,0.0,0.0,365.0,0.0,0.0,0.0,0.0,0.0,0.0,2,0,0.0,0.0,0.0,48.22,80.84625,-12.34,0.0,2,1,0,1,0,1,0,0
0,0,0,0,12.0,1,0,0,0,1,0,1,1,1,96.0,0.0,0.0,0.0,365.0,0.0,0.0,0.0,0.0,0.0,0.0,3,0,0.0,0.0,0.0,73.32,88.50833333333333,4.46,0.0,3,1,0,1,0,0,1,0
1,0,1,1,52.0,1,0,1,1,1,0,1,1,0,79.2,0.0,0.0,0.0,365.0,1.0,49.2,49.2,0.0,1.0,0.0,3,0,0.0,0.0,0.0,45.39,77.23653846153846,21.14,0.0,5,0,2,0,0,0,1,0
1,0,0,0,10.0,1,1,0,0,0,0,0,0,1,24.0,0.0,0.0,0.0,365.0,0.0,0.0,0.0,0.0,0.0,0.0,3,1,0.33,1.87,5.6,36.89,22.655,2.93,0.0,0,3,0,0,1,0,1,0
1,0,0,0,44.0,1,1,1,1,1,0,1,0,0,101.35,0.0,0.0,0.0,365.0,0.0,0.0,0.0,0.0,0.0,0.0,2,1,0.5,2.12,4.25,54.08,161.60795454545453,9.81,0.0,4,1,1,1,0,0,0,0
0,0,0,0,54.0,1,1,0,0,0,1,1,1,1,100.1,0.0,0.0,0.0,365.0,0.0,0.0,0.0,0.0,0.0,0.0,1,0,0.0,0.0,0.0,26.98,100.7574074074074,8.56,0.0,3,1,0,1,0,0,1,0
0,0,1,1,4.0,1,0,0,1,0,1,0,0,0,56.5,0.0,0.0,0.0,365.0,0.0,0.0,0.0,0.0,0.0,0.0,2,0,0.0,0.0,0.0,51.04,58.775,-1.56,0.0,2,2,0,0,0,0,0,1
0,0,1,0,52.0,0,0,1,0,1,0,0,0,0,35.45,0.0,0.0,0.0,365.0,0.0,0.0,0.0,0.0,0.0,0.0,3,0,0.0,0.0,0.0,45.51,37.67211538461539,-22.61,0.0,2,0,1,0,0,0,0,1
0,1,0,0,1.0,1,0,0,0,1,0,0,1,1,85.0,7.0,149.0,1.0,18.0,0.0,0.0,0.0,0.0,0.0,0.0,3,0,0.0,0.0,0.0,69.98,85.0,-6.54,7.0,2,2,0,1,0,0,1,0
1,0,1,0,70.0,1,1,1,1,1,1,1,0,0,79.4,8.0,130.0,2.0,254.0,0.0,0.0,0.0,0.0,0.0,0.0,3,1,0.33,14.37,43.11,89.34,78.9842857142857,21.34,4.0,5,1,1,0,0,0,0,0
1,0,0,0,43.0,0,0,1,0,1,0,0,0,1,35.2,4.0,194.0,1.0,102.0,0.0,0.0,0.0,0.0,0.0,0.0,1,0,0.0,0.0,0.0,90.2,34.03953488372093,-22.86,4.0,2,0,1,0,0,1,0,0
1,0,0,0,52.0,1,0,0,0,0,0,0,0,0,19.65,0.0,0.0,0.0,365.0,1.0,44.8,44.8,0.0,1.0,0.0,2,0,0.0,0.0,0.0,49.95,19.7125,-1.42,0.0,0,0,2,0,1,0,0,1
0,0,0,0,12.0,0,0,1,0,1,1,0,1,0,49.85,2.0,60.0,1.0,310.0,0.0,0.0,0.0,0.0,0.0,0.0,3,0,0.0,0.0,0.0,98.19,46.00833333333333,-8.21,2.0,4,0,2,0,0,0,0,1
0,0,1,1,56.0,1,1,1,1,0,0,0,1,0,68.75,0.0,0.0,0.0,365.0,0.0,0.0,0.0,0.0,0.0,0.0,1,1,1.0,12.03,12.03,100.89,68.13214285714285,10.69,0.0,3,1,1,0,0,0,0,0
1,0,0,1,0.0,1,1,1,1,0,1,0,0,1,61.9,0.0,0.0,0.0,365.0,0.0,0.0,0.0,0.0,0.0,0.0,3,0,0.0,0.0,0.0,50.63,61.9,3.84,0.0,3,1,2,0,0,0,0,0
1,0,0,0,42.0,1,1,0,0,1,0,0,0,0,79.9,4.0,142.0,1.0,288.0,0.0,0.0,0.0,0.0,0.0,0.0,3,0,0.0,0.0,0.0,73.78,78.89047619047619,-11.64,4.0,1,1,0,1,0,0,1,0
1,1,1,0,22.0,1,0,0,0,0,0,1,1,1,89.75,0.0,0.0,0.0,365.0,0.0,0.0,0.0,0.0,0.0,0.0,1,0,0.0,0.0,0.0,108.61,88.13181818181819,-1.79,0.0,2,1,0,1,0,0,0,0
1,0,1,1,51.0,0,0,1,1,1,0,1,1,0,59.3,5.0,175.0,1.0,65.0,0.0,0.0,0.0,0.0,0.0,0.0,1,0,0.0,0.0,0.0,49.53,59.11078431372549,1.24,5.0,5,0,1,0,0,0,1,0
1,0,0,0,27.0,1,0,0,0,0,0,0,0,1,19.4,0.0,0.0,0.0,365.0,0.0,0.0,0.0,0.0,0.0,0.0,2,0,0.0,0.0,0.0,70.7,17.046296296296298,-1.67,0.0,0,1,0,0,1,1,0,0
1,1,1,0,51.0,1,1,1,0,1,0,0,1,1,93.65,0.0,0.0,0.0,365.0,1.0,10.4,10.4,1.0,0.0,1.0,1,0,0.0,0.0,0.0,119.85,94.88529411764705,2.11,0.0,3,0,1,1,0,0,0,0
1,0,0,1,4.0,1,0,1,0,0,0,0,0,1,49.4,0.0,0.0,0.0,365.0,0.0,0.0,0.0,0.0,0.0,0.0,1,0,0.0,0.0,0.0,73.55,46.1,-8.66,0.0,1,2,0,0,0,0,1,0
1,0,0,0,1.0,1,0,0,0,0,0,0,0,1,19.9,13.0,137.0,2.0,64.0,0.0,0.0,0.0,0.0,0.0,0.0,2,0,0.0,0.0,0.0,87.85,19.9,-1.17,6.5,0,2,0,0,1,0,0,1
1,0,0,0,35.0,1,0,0,0,0,0,1,0,0,55.0,0.0,166.0,1.0,365.0,0.0,0.0,0.0,0.0,0.0,0.0,3,1,0.33,8.11,24.34,98.82,57.44428571428571,-3.06,0.0,1,2,0,0,0,0,0,1
1,1,1,1,71.0,1,1,0,1,1,1,0,1,1,72.9,0.0,0.0,0.0,365.0,0.0,0.0,0.0,0.0,0.0,0.0,1,0,0.0,0.0,0.0,104.84,72.38943661971831,14.84,0.0,4,0,1,0,0,0,0,0
0,0,0,0,1.0,1,0,0,0,0,0,0,0,1,69.2,0.0,0.0,0.0,365.0,0.0,0.0,0.0,0.0,0.0,0.0,1,0,0.0,0.0,0.0,32.47,69.2,-22.34,0.0,0,2,0,1,0,0,1,0
0,0,1,1,69.0,1,1,0,0,0,0,0,0,1,25.6,0.0,0.0,0.0,365.0,0.0,0.0,0.0,0.0,0.0,0.0,3,1,0.33,12.75,38.24,69.28,24.252173913043478,4.53,0.0,0,1,2,0,1,0,0,0
1,0,1,1,14.0,1,0,0,0,0,0,0,0,0,19.75,0.0,0.0,0.0,365.0,0.0,0.0,0.0,0.0,0.0,0.0,2,1,0.5,8.14,16.28,69.62,22.09642857142857,-1.32,0.0,0,1,1,0,1,0,0,1
1,0,1,0,57.0,1,0,1,0,0,1,0,0,0,55.7,2.0,147.0,1.0,176.0,0.0,0.0,0.0,0.0,0.0,0.0,1,0,0.0,0.0,0.0,41.44,55.642105263157895,-2.36,2.0,2,1,0,0,0,0,1,0
0,0,1,1,72.0,1,1,1,1,1,1,1,1,0,117.5,0.0,0.0,0.0,365.0,0.0,0.0,0.0,0.0,0.0,0.0,2,0,0.0,0.0,0.0,38.51,120.41805555555555,25.96,0.0,6,0,2,1,0,1,0,0
1,0,0,0,48.0,1,0,0,0,0,0,0,0,0,19.85,0.0,0.0,0.0,365.0,0.0,0.0,0.0,0.0,0.0,0.0,2,0,0.0,0.0,0.0,85.26,19.083333333333332,-1.22,0.0,0,0,2,0,1,1,0,0
0,0,1,1,4.0,1,0,0,0,0,0,1,0,1,78.9,8.0,148.0,1.0,4.0,0.0,0.0,0.0,0.0,0.0,0.0,1,0,0.0,0.0,0.0,42.44,74.9375,-12.64,8.0,1,2,0,1,0,0,0,1
1,0,1,1,31.0,1,0,0,0,0,0,0,0,1,20.65,12.0,95.5,2.0,76.0,1.0,36.2,36.2,0.0,1.0,0.0,3,1,0.33,2.82,8.46,33.36,22.646774193548385,-0.42,6.0,0,2,0,0,1,0,1,0
1,0,0,0,38.0,1,0,0,0,1,1,0,1,1,62.3,3.0,280.0,1.0,135.0,0.0,0.0,0.0,0.0,0.0,0.0,1,0,0.0,0.0,0.0,29.43,61.968421052631584,4.24,3.0,3,0,1,0,0,0,0,1
1,1,1,0,37.0,1,1,0,0,0,0,1,1,1,92.5,2.0,275.0,1.0,102.0,2.0,5.0,9.4,1.0,1.0,0.5,3,1,0.33,13.49,40.47,85.92,93.87567567567568,0.96,2.0,2,2,0,1,0,0,1,0
0,0,0,0,1.0,1,0,0,0,0,0,0,0,0,19.65,0.0,0.0,0.0,365.0,0.0,0.0,0.0,0.0,0.0,0.0,2,0,0.0,0.0,0.0,111.32,19.65,-1.42,0.0,0,2,0,0,1,0,0,1
1,1,0,0,57.0,1,1,0,1,1,0,1,1,1,79.75,7.0,293.0,1.0,118.0,0.0,0.0,0.0,0.0,0.0,0.0,3,0,0.0,0.0,0.0,77.45,77.86315789473684,21.69,7.0,4,0,2,0,0,0,0,0
0,1,1,0,62.0,1,0,1,0,1,1,1,1,1,79.95,6.0,159.0,1.0,28.0,0.0,0.0,0.0,0.0,0.0,0.0,2,0,0.0,0.0,0.0,32.86,77.73790322580645,21.89,6.0,5,0,2,0,0,1,0,0
1,0,1,0,3.0,0,0,0,0,0,1,0,0,1,29.9,6.0,273.0,1.0,269.0,0.0,0.0,0.0,0.0,0.0,0.0,2,0,0.0,0.0,0.0,51.98,30.75,-28.16,6.0,1,2,0,0,0,0,1,0
0,0,0,1,72.0,1,0,0,0,0,0,0,0,1,19.75,0.0,0.0,0.0,365.0,0.0,0.0,0.0,0.0,0.0,0.0,3,0,0.0,0.0,0.0,82.24,21.76388888888889,-1.32,0.0,0,0,2,0,1,0,0,1
1,0,0,1,12.0,0,0,1,1,1,1,0,0,1,45.0,0.0,0.0,0.0,365.0,0.0,0.0,0.0,0.0,0.0,0.0,2,0,0.0,0.0,0.0,57.12,103.53750000000001,-13.06,0.0,4,1,0,0,0,0,0,1
1,0,1,1,13.0,1,0,0,0,0,0,0,0,0,44.8,0.0,0.0,0.0,365.0,0.0,0.0,0.0,0.0,0.0,0.0,1,1,1.0,13.71,13.71,29.13,43.01538461538462,-13.26,0.0,0,2,0,0,0,0,0,0
1,0,0,1,3.0,1,0,0,0,0,0,0,0,0,69.65,0.0,0.0,0.0,365.0,0.0,0.0,0.0,0.0,0.0,0.0,1,0,0.0,0.0,0.0,69.54,73.36666666666666,-21.89,0.0,0,2,0,1,0,0,1,0
0,0,0,0,11.0,1,0,0,1,0,0,0,0,0,51.1,0.0,0.0,0.0,365.0,0.0,0.0,0.0,0.0,0.0,0.0,2,1,0.5,18.34,36.69,84.78,48.28636363636363,-6.96,0.0,1,3,0,0,0,0,1,0
0,0,0,1,21.0,0,0,1,1,1,1,1,0,0,53.15,0.0,0.0,0.0,365.0,0.0,0.0,0.0,0.0,0.0,0.0,2,0,0.0,0.0,0.0,108.86,56.34285714285714,-4.91,0.0,5,0,2,0,0,0,0,1
0,0,0,0,19.0,1,1,0,0,0,0,0,0,0,24.7,0.0,0.0,0.0,365.0,0.0,0.0,0.0,0.0,0.0,0.0,3,1,0.33,3.14,9.43,62.65,24.51842105263158,3.63,0.0,0,2,0,0,1,0,0,0
1,0,0,0,61.0,1,1,1,0,1,1,1,1,1,111.6,0.0,0.0,0.0,365.0,0.0,0.0,0.0,0.0,0.0,0.0,1,0,0.0,0.0,0.0,84.17,112.72213114754099,20.06,0.0,5,0,2,1,0,1,0,0
0,0,0,0,11.0,1,0,1,0,0,0,0,0,0,48.55,3.0,214.0,1.0,151.0,1.0,38.3,38.3,1.0,0.0,1.0,3,1,0.33,16.71,50.12,71.76,45.54545454545455,-9.51,3.0,1,3,0,0,0,1,0,0
1,0,1,1,35.0,1,1,0,1,1,1,1,1,1,109.95,0.0,0.0,0.0,365.0,0.0,0.0,0.0,0.0,0.0,0.0,2,0,0.0,0.0,0.0,79.22,108.06857142857143,18.41,0.0,5,1,0,1,0,0,1,0
1,0,0,1,25.0,1,0,0,0,0,0,0,0,0,20.8,0.0,0.0,0.0,365.0,0.0,0.0,0.0,0.0,0.0,0.0,1,0,0.0,0.0,0.0,34.26,18.408,-0.27,0.0,0,1,0,0,1,0,0,1
0,0,0,0,1.0,1,0,0,0,0,0,0,0,1,20.15,0.0,0.0,0.0,365.0,0.0,0.0,0.0,0.0,0.0,0.0,3,0,0.0,0.0,0.0,53.35,20.2,-0.92,0.0,0,2,0,0,1,0,0,1
0,0,0,0,67.0,1,1,0,0,0,0,0,0,1,25.6,0.0,0.0,0.0,365.0,0.0,0.0,0.0,0.0,0.0,0.0,3,0,0.0,0.0,0.0,77.14,26.721641791044775,4.53,0.0,0,0,2,0,1,0,0,0
1,0,0,0,19.0,0,0,0,0,1,0,1,0,1,39.65,0.0,0.0,0.0,365.0,0.0,0.0,0.0,0.0,0.0,0.0,2,1,0.5,14.44,28.87,96.92,38.597368421052636,-18.41,0.0,2,2,0,0,0,0,1,0
1,0,0,0,56.0,1,1,0,0,0,0,0,0,0,24.9,0.0,122.0,1.0,365.0,1.0,6.5,6.5,0.0,0.0,0.0,1,0,0.0,0.0,0.0,68.31,23.821428571428573,3.83,0.0,0,0,1,0,1,0,1,0
1,0,1,1,72.0,1,1,1,1,1,0,1,1,1,108.4,13.0,85.0,2.0,125.0,0.0,0.0,0.0,0.0,0.0,0.0,2,2,1.0,23.88,40.15,72.26,107.87847222222223,16.86,6.5,5,1,2,1,0,1,0,0
1,0,0,0,43.0,1,0,0,0,0,0,0,0,0,19.55,8.0,70.0,1.0,246.0,0.0,0.0,0.0,0.0,0.0,0.0,2,0,0.0,0.0,0.0,22.42,20.375581395348835,-1.52,8.0,0,0,2,0,1,0,0,1
0,0,1,1,55.0,1,1,1,1,0,0,0,0,1,85.1,0.0,0.0,0.0,365.0,0.0,0.0,0.0,0.0,0.0,0.0,2,0,0.0,0.0,0.0,83.52,83.65363636363637,-6.44,0.0,2,1,0,1,0,0,1,0
1,0,1,1,2.0,1,1,1,0,0,0,0,0,0,56.7,0.0,0.0,0.0,365.0,0.0,0.0,0.0,0.0,0.0,0.0,1,0,0.0,0.0,0.0,28.75,56.775,-1.36,0.0,1,2,0,0,0,0,0,1
1,0,0,0,27.0,1,0,0,0,0,0,0,0,1,69.05,0.0,0.0,0.0,365.0,0.0,0.0,0.0,0.0,0.0,0.0,1,0,0.0,0.0,0.0,38.02,66.41666666666667,-22.49,0.0,0,1,0,1,0,0,0,1
0,0,0,0,13.0,1,0,0,0,0,0,0,0,1,70.15,5.0,230.0,1.0,291.0,0.0,0.0,0.0,0.0,0.0,0.0,3,0,0.0,0.0,0.0,84.79,68.20769230769231,-21.39,5.0,0,1,0,1,0,0,0,1
0,0,0,0,70.0,1,1,1,1,1,0,1,1,1,111.15,6.0,131.0,1.0,192.0,0.0,0.0,0.0,0.0,0.0,0.0,1,0,0.0,0.0,0.0,99.25,110.53642857142857,19.61,6.0,5,0,2,1,0,0,0,1
0,0,1,0,14.0,1,0,1,1,0,1,1,1,0,105.95,4.0,205.0,1.0,261.0,0.0,0.0,0.0,0.0,0.0,0.0,1,0,0.0,0.0,0.0,33.27,96.35000000000001,14.41,4.0,5,0,1,1,0,0,0,1
0,0,1,1,19.0,1,1,0,0,0,1,0,1,1,89.35,0.0,0.0,0.0,365.0,0.0,0.0,0.0,0.0,0.0,0.0,3,1,0.33,11.18,33.53,73.78,88.78157894736842,-2.19,0.0,2,1,1,1,0,0,0,0
0,0,0,0,20.0,1,1,1,0,0,0,1,0,1,89.1,0.0,0.0,0.0,365.0,1.0,34.8,34.8,0.0,0.0,0.0,1,0,0.0,0.0,0.0,63.9,93.9625,-2.44,0.0,2,1,0,1,0,0,0,0
1,0,1,1,43.0,1,1,1,0,1,1,0,0,1,91.25,0.0,0.0,0.0,365.0,1.0,8.5,8.5,0.0,1.0,0.0,1,0,0.0,0.0,0.0,109.62,93.34418604651164,-0.29,0.0,3,0,1,1,0,1,0,0
1,0,1,1,5.0,1,0,1,0,1,0,0,1,1,90.35,5.0,111.0,1.0,112.0,0.0,0.0,0.0,0.0,0.0,0.0,2,0,0.0,0.0,0.0,83.72,86.9,-1.19,5.0,3,2,0,1,0,0,0,1
0,1,1,0,70.0,1,1,0,1,0,1,1,1,1,105.55,8.0,244.0,1.0,205.0,0.0,0.0,0.0,0.0,0.0,0.0,1,0,0.0,0.0,0.0,50.39,102.79071428571429,14.01,8.0,4,0,1,1,0,0,0,0
0,0,1,0,40.0,1,0,0,0,0,0,0,0,0,19.1,0.0,0.0,0.0,365.0,0.0,0.0,0.0,0.0,0.0,0.0,3,0,0.0,0.0,0.0,70.81,19.5025,-1.97,0.0,0,0,2,0,1,0,0,1
1,0,1,1,6.0,1,0,0,0,0,0,0,0,1,20.4,4.0,171.0,1.0,78.0,0.0,0.0,0.0,0.0,0.0,0.0,3,0,0.0,0.0,0.0,58.88,17.933333333333334,-0.67,4.0,0,1,2,0,1,1,0,0
1,0,0,0,39.0,1,0,1,0,1,0,1,1,1,100.45,0.0,0.0,0.0,365.0,0.0,0.0,0.0,0.0,0.0,0.0,2,0,0.0,0.0,0.0,59.09,97.47948717948718,8.91,0.0,4,0,2,1,0,0,1,0
1,1,1,0,4.0,1,1,0,0,0,0,0,0,0,74.95,5.0,85.0,1.0,27.0,0.0,0.0,0.0,0.0,0.0,0.0,1,0,0.0,0.0,0.0,25.78,77.175,-16.59,5.0,0,2,0,1,0,0,1,0
1,0,0,0,15.0,0,0,0,0,0,1,0,0,1,29.7,0.0,0.0,0.0,365.0,0.0,0.0,0.0,0.0,0.0,0.0,3,1,0.33,1.2,3.6,52.9,29.216666666666665,-28.36,0.0,1,2,0,0,0,0,1,0
1,0,1,0,1.0,0,0,0,0,1,0,1,1,1,50.35,8.0,88.0,1.0,321.0,0.0,0.0,0.0,0.0,0.0,0.0,2,0,0.0,0.0,0.0,99.84,50.35,-7.71,8.0,3,2,0,0,0,0,1,0
0,1,0,0,45.0,1,0,1,1,0,1,0,0,1,91.75,0.0,0.0,0.0,365.0,0.0,0.0,0.0,0.0,0.0,0.0,2,0,0.0,0.0,0.0,64.22,83.95777777777778,0.21,0.0,3,1,0,1,0,0,0,0
0,0,1,0,64.0,0,0,1,0,1,1,0,1,0,47.85,7.0,20.0,1.0,137.0,0.0,0.0,0.0,0.0,0.0,0.0,2,0,0.0,0.0,0.0,77.09,49.1796875,-10.21,7.0,4,0,2,0,0,0,1,0
0,1,1,0,57.0,1,1,0,1,1,0,0,1,0,94.0,0.0,0.0,0.0,365.0,0.0,0.0,0.0,0.0,0.0,0.0,3,1,0.33,12.11,36.32,70.28,95.42017543859649,2.46,0.0,3,2,0,1,0,1,0,0
1,0,1,1,72.0,1,1,1,1,1,1,0,0,0,69.85,6.0,235.0,1.0,196.0,0.0,0.0,0.0,0.0,0.0,0.0,1,0,0.0,0.0,0.0,73.64,70.86597222222223,11.79,6.0,4,0,2,0,0,0,0,0
1,0,0,0,1.0,1,0,0,0,0,0,0,0,1,70.3,6.0,286.0,1.0,353.0,0.0,0.0,0.0,0.0,0.0,0.0,3,0,0.0,0.0,0.0,82.4,70.3,-21.24,6.0,0,2,0,1,0,0,1,0
1,0,1,0,72.0,1,1,0,0,0,0,0,0,0,25.85,3.0,29.0,1.0,239.0,0.0,0.0,0.0,0.0,0.0,0.0,1,0,0.0,0.0,0.0,118.62,26.00277777777778,4.78,3.0,0,0,2,0,1,1,0,0
0,0,0,0,3.0,1,0,1,1,0,1,0,1,0,71.1,0.0,0.0,0.0,365.0,0.0,0.0,0.0,0.0,0.0,0.0,3,0,0.0,0.0,0.0,71.65,71.11666666666666,13.04,0.0,4,1,2,0,0,0,0,1
1,1,0,0,55.0,1,1,1,0,0,0,1,1,1,98.8,0.0,0.0,0.0,365.0,0.0,0.0,0.0,0.0,0.0,0.0,3,0,0.0,0.0,0.0,57.35,102.14090909090909,7.26,0.0,3,1,0,1,0,0,1,0
0,0,1,0,59.0,1,1,0,0,1,1,1,0,0,93.35,5.0,99.0,1.0,335.0,1.0,8.1,8.1,0.0,1.0,0.0,2,2,1.0,21.47,28.98,56.76,91.29661016949153,1.81,5.0,3,2,0,1,0,0,1,0
0,0,0,0,18.0,1,1,0,0,0,1,1,1,1,99.85,0.0,0.0,0.0,365.0,0.0,0.0,0.0,0.0,0.0,0.0,2,0,0.0,0.0,0.0,113.91,98.71944444444445,8.31,0.0,3,1,0,1,0,0,0,0
1,1,1,0,32.0,1,0,0,0,0,0,0,1,1,80.3,0.0,0.0,0.0,365.0,0.0,0.0,0.0,0.0,0.0,0.0,1,0,0.0,0.0,0.0,76.61,77.5953125,-11.24,0.0,1,1,0,1,0,1,0,0
0,0,0,0,4.0,1,0,1,0,0,0,0,0,1,50.55,0.0,0.0,0.0,365.0,0.0,0.0,0.0,0.0,0.0,0.0,2,0,0.0,0.0,0.0,67.11,58.9125,-7.51,0.0,1,2,0,0,0,0,0,0
0,1,0,0,66.0,1,1,0,1,0,0,0,0,1,80.45,0.0,0.0,0.0,365.0,0.0,0.0,0.0,0.0,0.0,0.0,2,0,0.0,0.0,0.0,110.04,79.15681818181818,-11.09,0.0,1,1,0,1,0,1,0,0
1,0,0,0,27.0,1,1,0,0,1,0,0,0,1,81.3,0.0,0.0,0.0,365.0,0.0,0.0,0.0,0.0,0.0,0.0,2,2,1.0,30.46,52.02,83.18,84.17777777777779,-10.24,0.0,1,2,0,1,0,0,1,0
1,0,0,0,4.0,1,0,0,0,0,0,0,0,1,20.7,0.0,0.0,0.0,365.0,0.0,0.0,0.0,0.0,0.0,0.0,2,2,1.0,8.04,11.89,42.19,20.9375,-0.37,0.0,0,3,0,0,1,1,0,0
1,0,1,1,60.0,1,0,1,1,0,1,1,1,1,79.05,2.0,63.0,1.0,234.0,0.0,0.0,0.0,0.0,0.0,0.0,3,1,0.33,1.42,4.27,55.52,77.72333333333333,20.99,2.0,5,2,0,0,0,1,0,0
0,0,1,1,8.0,1,0,0,0,0,0,0,0,0,19.05,0.0,0.0,0.0,365.0,0.0,0.0,0.0,0.0,0.0,0.0,1,0,0.0,0.0,0.0,71.49,25.2125,-2.02,0.0,0,1,2,0,1,0,0,1
1,0,1,1,8.0,1,0,0,0,0,0,0,0,0,19.6,0.0,0.0,0.0,365.0,0.0,0.0,0.0,0.0,0.0,0.0,1,0,0.0,0.0,0.0,38.07,15.625,-1.47,0.0,0,1,2,0,1,1,0,0
1,0,0,0,35.0,1,0,0,0,0,0,0,0,1,20.2,0.0,0.0,0.0,365.0,0.0,0.0,0.0,0.0,0.0,0.0,3,0,0.0,0.0,0.0,72.07,19.554285714285715,-0.87,0.0,0,0,2,0,1,0,0,1
1,0,0,0,7.0,1,1,0,0,0,0,0,1,1,86.8,0.0,0.0,0.0,365.0,0.0,0.0,0.0,0.0,0.0,0.0,1,1,1.0,8.8,8.8,72.42,88.62142857142858,-4.74,0.0,1,3,0,1,0,0,1,0
0,0,1,1,53.0,1,0,0,0,0,0,0,0,0,20.9,0.0,0.0,0.0,365.0,0.0,0.0,0.0,0.0,0.0,0.0,3,0,0.0,0.0,0.0,74.1,21.623584905660376,-0.17,0.0,0,0,2,0,1,0,0,1
0,1,0,0,12.0,1,1,0,1,0,1,1,1,1,103.6,0.0,0.0,0.0,365.0,0.0,0.0,0.0,0.0,0.0,0.0,2,0,0.0,0.0,0.0,88.52,150.52916666666667,12.06,0.0,4,1,0,1,0,1,0,0
0,0,0,0,15.0,0,0,0,1,0,0,0,1,1,38.8,8.0,96.5,2.0,323.0,0.0,0.0,0.0,0.0,0.0,0.0,2,0,0.0,0.0,0.0,79.17,40.2,-19.26,4.0,2,0,2,0,0,0,0,1
1,0,1,0,67.0,1,1,0,1,0,0,1,0,1,91.75,0.0,0.0,0.0,365.0,0.0,0.0,0.0,0.0,0.0,0.0,3,0,0.0,0.0,0.0,79.36,86.54179104477612,0.21,0.0,2,0,1,1,0,0,0,0
1,1,1,0,6.0,1,0,0,1,0,0,0,1,1,84.2,0.0,0.0,0.0,365.0,1.0,21.5,21.5,0.0,1.0,0.0,1,0,0.0,0.0,0.0,28.95,86.52499999999999,-7.34,0.0,2,2,0,1,0,0,1,0
1,1,0,0,6.0,1,0,0,0,0,0,1,0,1,79.7,9.0,62.0,2.0,141.0,2.0,9.8,17.5,1.0,1.0,0.5,1,0,0.0,0.0,0.0,88.22,82.93333333333334,-11.84,4.5,1,2,0,1,0,0,1,0
1,0,0,0,13.0,1,1,0,0,0,1,1,1,1,99.0,0.0,0.0,0.0,365.0,0.0,0.0,0.0,0.0,0.0,0.0,2,0,0.0,0.0,0.0,86.1,100.13076923076923,7.46,0.0,3,1,0,1,0,0,0,1
0,0,0,0,11.0,1,1,0,0,1,0,1,1,1,100.75,0.0,0.0,0.0,365.0,0.0,0.0,0.0,0.0,0.0,0.0,1,1,1.0,29.06,29.06,69.31,102.70454545454545,9.21,0.0,3,3,0,1,0,0,1,0
1,0,0,1,1.0,1,0,0,0,0,0,0,0,1,19.3,3.0,63.0,1.0,191.0,0.0,0.0,0.0,0.0,0.0,0.0,3,0,0.0,0.0,0.0,85.69,19.3,-1.77,3.0,0,2,0,0,1,0,0,1
1,0,0,0,5.0,1,0,1,0,0,1,0,0,1,55.75,5.0,89.0,1.0,37.0,0.0,0.0,0.0,0.0,0.0,0.0,1,0,0.0,0.0,0.0,29.41,53.39,-2.31,5.0,2,2,0,0,0,0,0,1
1,0,0,0,13.0,1,0,0,0,0,0,0,0,1,19.95,7.0,71.0,1.0,36.0,1.0,14.6,14.6,0.0,1.0,0.0,2,0,0.0,0.0,0.0,22.7,19.76923076923077,-1.12,7.0,0,0,1,0,1,0,0,1
0,0,1,0,9.0,1,1,1,1,1,0,0,0,0,91.75,4.0,55.0,1.0,209.0,0.0,0.0,0.0,0.0,0.0,0.0,2,0,0.0,0.0,0.0,63.08,96.19999999999999,0.21,4.0,3,2,0,1,0,0,0,0
1,0,0,0,29.0,1,0,0,1,0,1,1,0,0,89.65,6.0,15.0,1.0,132.0,0.0,0.0,0.0,0.0,0.0,0.0,2,0,0.0,0.0,0.0,107.84,90.47068965517242,-1.89,6.0,3,1,0,1,0,0,0,1
1,1,0,0,1.0,1,0,0,0,0,0,0,0,1,45.85,0.0,0.0,0.0,365.0,0.0,0.0,0.0,0.0,0.0,0.0,2,0,0.0,0.0,0.0,67.89,45.85,-12.21,0.0,0,2,0,0,0,0,0,1
0,0,0,0,1.0,1,1,0,0,1,0,0,0,1,79.55,9.0,162.0,1.0,327.0,0.0,0.0,0.0,0.0,0.0,0.0,2,0,0.0,0.0,0.0,45.35,79.55,-11.99,9.0,1,2,0,1,0,0,0,1
0,0,1,1,18.0,1,0,0,0,0,0,1,0,0,55.95,0.0,0.0,0.0,365.0,0.0,0.0,0.0,0.0,0.0,0.0,3,0,0.0,0.0,0.0,84.98,60.15555555555555,-2.11,0.0,1,1,0,0,0,0,0,1
0,0,1,0,2.0,1,0,0,0,1,0,1,1,0,69.0,0.0,0.0,0.0,365.0,0.0,0.0,0.0,0.0,0.0,0.0,1,0,0.0,0.0,0.0,67.42,73.9,10.94,0.0,3,2,0,0,0,1,0,0
1,0,1,1,30.0,1,1,0,1,0,1,0,0,1,83.55,0.0,0.0,0.0,365.0,0.0,0.0,0.0,0.0,0.0,0.0,1,0,0.0,0.0,0.0,41.07,85.67333333333333,-7.99,0.0,2,1,0,1,0,0,0,0
1,0,0,1,66.0,1,1,1,1,0,1,0,0,0,65.7,0.0,0.0,0.0,365.0,0.0,0.0,0.0,0.0,0.0,0.0,3,1,0.33,2.26,6.78,88.27,66.3469696969697,7.64,0.0,3,1,2,0,0,0,0,0
1,0,1,1,38.0,1,1,0,0,1,1,1,0,1,94.9,0.0,0.0,0.0,365.0,0.0,0.0,0.0,0.0,0.0,0.0,2,0,0.0,0.0,0.0,58.76,95.16447368421052,3.36,0.0,3,0,2,1,0,0,0,0
1,0,1,1,44.0,1,0,0,1,1,1,0,0,1,61.9,0.0,0.0,0.0,365.0,0.0,0.0,0.0,0.0,0.0,0.0,3,3,1.0,27.13,43.48,80.08,66.45568181818182,3.84,0.0,3,2,0,0,0,0,0,1
0,0,0,0,54.0,1,1,0,1,1,1,1,1,0,111.1,7.0,24.0,2.0,97.0,0.0,0.0,0.0,0.0,0.0,0.0,3,0,0.0,0.0,0.0,65.32,111.38611111111112,19.56,3.5,5,1,0,1,0,0,1,0
1,0,0,0,2.0,1,0,0,0,0,0,0,0,0,20.0,0.0,0.0,0.0,365.0,1.0,48.3,48.3,0.0,0.0,0.0,1,0,0.0,0.0,0.0,30.44,16.35,-1.07,0.0,0,2,0,0,1,0,0,1
0,0,0,0,42.0,1,0,1,1,0,1,0,1,1,67.7,7.0,164.0,1.0,357.0,0.0,0.0,0.0,0.0,0.0,0.0,2,0,0.0,0.0,0.0,50.93,68.625,9.64,7.0,4,0,1,0,0,0,0,1
0,0,1,1,58.0,1,1,0,0,0,0,0,0,0,25.15,6.0,102.0,1.0,94.0,0.0,0.0,0.0,0.0,0.0,0.0,2,0,0.0,0.0,0.0,75.65,26.032758620689656,4.08,6.0,0,0,2,0,1,1,0,0
1,0,1,1,58.0,1,0,0,1,0,0,1,1,1,92.85,7.0,217.0,2.0,14.0,1.0,41.4,41.4,0.0,1.0,0.0,1,0,0.0,0.0,0.0,58.62,91.46637931034483,1.31,3.5,3,1,0,1,0,0,1,0
0,0,1,1,25.0,1,1,0,0,1,0,0,1,1,89.1,0.0,0.0,0.0,365.0,0.0,0.0,0.0,0.0,0.0,0.0,2,0,0.0,0.0,0.0,102.5,94.736,-2.44,0.0,2,1,0,1,0,0,1,0
0,0,0,0,71.0,1,1,1,1,1,1,1,1,0,111.3,0.0,0.0,0.0,365.0,0.0,0.0,0.0,0.0,0.0,0.0,1,0,0.0,0.0,0.0,63.91,112.47746478873239,19.76,0.0,6,0,2,1,0,0,0,1
0,0,0,0,37.0,1,1,0,1,1,0,1,1,1,101.9,0.0,0.0,0.0,365.0,0.0,0.0,0.0,0.0,0.0,0.0,1,0,0.0,0.0,0.0,20.23,95.82027027027027,10.36,0.0,4,1,0,1,0,0,0,0
0,0,1,1,14.0,1,1,0,0,0,1,1,0,1,91.65,3.0,8.0,1.0,154.0,0.0,0.0,0.0,0.0,0.0,0.0,2,0,0.0,0.0,0.0,78.73,92.92857142857143,0.11,3.0,2,1,0,1,0,0,1,0
0,1,0,0,4.0,1,1,0,0,1,0,0,1,1,88.85,0.0,0.0,0.0,365.0,0.0,0.0,0.0,0.0,0.0,0.0,1,0,0.0,0.0,0.0,113.35,93.1125,-2.69,0.0,2,2,0,1,0,0,1,0
0,0,1,0,48.0,1,1,1,0,0,1,0,0,1,60.6,0.0,0.0,0.0,365.0,0.0,0.0,0.0,0.0,0.0,0.0,2,0,0.0,0.0,0.0,82.42,62.192708333333336,2.54,0.0,2,0,1,0,0,0,0,0
0,1,0,0,3.0,0,0,0,0,0,0,0,0,0,25.3,4.0,291.0,1.0,41.0,0.0,0.0,0.0,0.0,0.0,0.0,1,1,1.0,49.31,49.31,109.96,25.916666666666668,-32.76,4.0,0,3,0,0,0,0,1,0
0,0,1,0,8.0,1,0,1,0,0,1,0,1,0,65.5,0.0,0.0,0.0,365.0,0.0,0.0,0.0,0.0,0.0,0.0,2,1,0.5,14.48,28.97,82.86,70.54375,7.44,0.0,3,2,2,0,0,0,0,1
1,0,0,0,1.0,1,1,0,0,0,0,1,1,1,95.45,0.0,0.0,0.0,365.0,1.0,7.8,7.8,1.0,0.0,1.0,2,0,0.0,0.0,0.0,114.9,95.45,3.91,0.0,2,2,0,1,0,0,1,0
1,0,0,0,67.0,1,0,0,0,0,0,0,0,0,19.95,0.0,0.0,0.0,365.0,0.0,0.0,0.0,0.0,0.0,0.0,3,0,0.0,0.0,0.0,63.04,19.578358208955223,-1.12,0.0,0,0,2,0,1,0,0,0
1,0,0,0,13.0,1,0,0,0,0,0,1,1,1,91.1,0.0,0.0,0.0,365.0,0.0,0.0,0.0,0.0,0.0,0.0,1,0,0.0,0.0,0.0,87.47,87.36153846153846,-0.44,0.0,2,1,0,1,0,0,1,0
0,0,1,1,45.0,1,0,0,1,0,1,0,0,1,54.15,0.0,0.0,0.0,365.0,0.0,0.0,0.0,0.0,0.0,0.0,1,0,0.0,0.0,0.0,80.99,51.55111111111111,-3.91,0.0,2,0,1,0,0,1,0,0
1,0,0,0,49.0,1,1,0,0,0,0,0,0,1,74.6,4.0,75.0,1.0,226.0,0.0,0.0,0.0,0.0,0.0,0.0,2,0,0.0,0.0,0.0,58.88,75.92551020408163,-16.94,4.0,0,1,0,1,0,0,0,0
0,0,1,0,52.0,1,1,0,1,1,0,1,0,0,94.6,6.0,127.0,2.0,37.0,1.0,7.8,7.8,1.0,0.0,1.0,3,2,0.67,20.35,57.11,86.16,96.65,3.06,3.0,3,2,0,1,0,0,0,0
0,0,1,0,63.0,1,0,1,0,1,0,0,0,1,81.15,0.0,0.0,0.0,365.0,0.0,0.0,0.0,0.0,0.0,0.0,1,0,0.0,0.0,0.0,108.24,82.92857142857143,-10.39,0.0,2,0,1,1,0,1,0,0
0,0,1,1,68.0,1,1,1,1,1,1,1,1,1,89.05,9.0,289.0,1.0,181.0,0.0,0.0,0.0,0.0,0.0,0.0,1,0,0.0,0.0,0.0,91.3,90.96764705882353,30.99,9.0,6,0,2,0,0,0,0,0
0,0,1,0,31.0,1,0,0,0,0,1,0,0,1,49.2,0.0,0.0,0.0,365.0,0.0,0.0,0.0,0.0,0.0,0.0,3,0,0.0,0.0,0.0,55.98,48.34032258064516,-8.86,0.0,1,1,0,0,0,0,0,1
0,0,1,0,64.0,1,0,0,0,0,0,0,0,0,19.45,6.0,238.0,1.0,284.0,0.0,0.0,0.0,0.0,0.0,0.0,3,0,0.0,0.0,0.0,84.64,18.884375,-1.62,6.0,0,0,2,0,1,1,0,0
0,0,1,0,62.0,1,0,1,0,1,1,1,1,1,104.3,11.0,16.0,1.0,99.0,0.0,0.0,0.0,0.0,0.0,0.0,1,0,0.0,0.0,0.0,116.65,106.67177419354839,12.76,11.0,5,0,1,1,0,0,1,0
0,0,0,0,1.0,1,0,0,0,0,0,0,0,0,69.7,0.0,0.0,0.0,365.0,0.0,0.0,0.0,0.0,0.0,0.0,2,0,0.0,0.0,0.0,69.97,69.7,-21.84,0.0,0,2,0,1,0,0,0,0
0,0,0,0,6.0,1,0,0,0,0,0,1,1,1,89.5,10.0,7.0,1.0,258.0,0.0,0.0,0.0,0.0,0.0,0.0,2,0,0.0,0.0,0.0,55.83,95.55,-2.04,10.0,2,2,0,1,0,0,1,0
0,0,1,0,21.0,1,0,0,0,0,1,1,0,1,86.05,0.0,0.0,0.0,365.0,0.0,0.0,0.0,0.0,0.0,0.0,2,0,0.0,0.0,0.0,46.58,86.61428571428571,-5.49,0.0,2,1,0,1,0,0,1,0
0,0,1,1,72.0,1,1,0,0,0,0,0,0,0,25.2,4.0,46.0,1.0,191.0,0.0,0.0,0.0,0.0,0.0,0.0,3,0,0.0,0.0,0.0,55.47,24.824305555555554,4.13,4.0,0,0,2,0,1,0,0,0
0,0,1,1,32.0,0,0,1,1,0,0,0,0,1,35.15,16.0,133.0,3.0,245.0,0.0,0.0,0.0,0.0,0.0,0.0,2,0,0.0,0.0,0.0,76.06,32.8453125,-22.91,5.333,2,1,0,0,0,0,1,0
0,1,0,0,71.0,1,1,1,1,0,1,1,0,1,99.65,0.0,0.0,0.0,365.0,0.0,0.0,0.0,0.0,0.0,0.0,3,0,0.0,0.0,0.0,74.5,101.1443661971831,8.11,0.0,4,0,1,1,0,1,0,0
0,0,0,1,34.0,1,0,1,1,1,0,1,1,1,105.35,5.0,234.0,1.0,19.0,1.0,12.8,12.8,1.0,0.0,1.0,3,0,0.0,0.0,0.0,84.74,108.48823529411764,13.81,5.0,5,1,0,1,0,0,0,0
1,0,1,0,3.0,0,0,0,0,0,0,0,1,1,35.15,15.0,125.0,2.0,56.0,0.0,0.0,0.0,0.0,0.0,0.0,1,1,1.0,3.4,3.4,58.03,33.25,-22.91,7.5,1,3,0,0,0,0,1,0
1,0,0,1,12.0,1,1,0,0,0,0,0,0,1,73.75,0.0,0.0,0.0,365.0,0.0,0.0,0.0,0.0,0.0,0.0,2,0,0.0,0.0,0.0,66.27,72.61666666666666,-17.79,0.0,0,1,0,1,0,1,0,0
0,1,0,0,8.0,1,1,0,0,1,0,1,1,0,101.35,0.0,0.0,0.0,365.0,0.0,0.0,0.0,0.0,0.0,0.0,1,0,0.0,0.0,0.0,79.17,97.5625,9.81,0.0,3,2,0,1,0,0,1,0
0,0,1,1,35.0,1,1,0,0,0,0,0,0,0,24.3,0.0,0.0,0.0,365.0,1.0,58.8,58.8,0.0,0.0,0.0,1,0,0.0,0.0,0.0,29.16,23.474285714285713,3.23,0.0,0,0,2,0,1,0,0,0
0,0,1,1,3.0,1,0,0,0,0,0,1,0,1,80.7,0.0,0.0,0.0,365.0,0.0,0.0,0.0,0.0,0.0,0.0,3,0,0.0,0.0,0.0,77.86,79.81666666666666,-10.84,0.0,1,2,0,1,0,0,1,0
1,0,0,0,3.0,1,0,0,0,1,1,1,0,1,89.85,0.0,0.0,0.0,365.0,0.0,0.0,0.0,0.0,0.0,0.0,2,0,0.0,0.0,0.0,75.87,81.48333333333333,-1.69,0.0,3,2,0,1,0,0,0,1
1,0,0,0,53.0,1,0,0,0,1,0,0,1,1,61.1,7.0,178.0,1.0,288.0,0.0,0.0,0.0,0.0,0.0,0.0,1,0,0.0,0.0,0.0,85.05,63.35660377358491,3.04,7.0,2,0,1,0,0,0,1,0
0,0,1,0,4.0,0,0,1,0,0,0,0,0,1,29.05,0.0,0.0,0.0,365.0,0.0,0.0,0.0,0.0,0.0,0.0,3,3,1.0,23.49,53.56,76.26,32.4,-29.01,0.0,1,3,0,0,0,0,1,0
0,0,1,1,48.0,1,0,1,0,1,0,1,1,1,99.7,0.0,0.0,0.0,365.0,2.0,32.25,32.9,1.0,1.0,0.5,2,0,0.0,0.0,0.0,81.24,103.69166666666666,8.16,0.0,4,0,1,1,0,0,0,0
0,0,1,1,6.0,1,0,1,1,0,0,0,0,0,55.9,0.0,0.0,0.0,365.0,0.0,0.0,0.0,0.0,0.0,0.0,3,0,0.0,0.0,0.0,71.01,60.89166666666667,-2.16,0.0,2,2,0,0,0,1,0,0
1,1,1,0,3.0,1,1,0,1,1,0,1,1,1,105.9,0.0,0.0,0.0,365.0,0.0,0.0,0.0,0.0,0.0,0.0,2,1,0.5,26.82,53.64,80.52,111.55,14.36,0.0,4,3,0,1,0,0,1,0
1,0,1,1,54.0,0,0,0,0,1,1,0,1,0,46.0,0.0,0.0,0.0,365.0,1.0,21.1,21.1,1.0,0.0,1.0,3,1,0.33,18.82,56.45,104.64,44.88981481481482,-12.06,0.0,3,1,2,0,0,1,0,0
0,0,0,0,1.0,1,0,0,0,0,0,0,0,0,43.95,0.0,0.0,0.0,365.0,2.0,4.75,8.8,0.0,1.0,0.0,3,0,0.0,0.0,0.0,65.0,43.95,-14.11,0.0,0,2,0,0,0,0,0,1
1,0,0,0,62.0,1,0,0,1,1,1,1,1,1,80.4,0.0,0.0,0.0,365.0,0.0,0.0,0.0,0.0,0.0,0.0,1,0,0.0,0.0,0.0,62.92,80.34112903225805,22.34,0.0,5,1,0,0,0,0,0,0
1,0,1,1,22.0,1,0,0,1,1,0,1,1,1,100.05,0.0,0.0,0.0,365.0,1.0,118.9,118.9,1.0,0.0,1.0,1,0,0.0,0.0,0.0,23.38,95.01136363636364,8.51,0.0,4,0,1,1,0,0,0,1
1,0,0,0,1.0,1,0,0,0,0,0,0,0,1,45.1,0.0,0.0,0.0,365.0,0.0,0.0,0.0,0.0,0.0,0.0,3,2,0.67,13.2,19.85,91.7,45.1,-12.96,0.0,0,3,0,0,0,0,0,0
1,1,0,0,51.0,1,0,0,0,1,0,1,1,1,94.0,0.0,0.0,0.0,365.0,0.0,0.0,0.0,0.0,0.0,0.0,2,1,0.5,5.22,10.44,64.18,96.19117647058823,2.46,0.0,3,1,1,1,0,0,0,0
0,0,0,0,30.0,1,1,0,1,1,0,1,0,1,68.95,0.0,0.0,0.0,365.0,0.0,0.0,0.0,0.0,0.0,0.0,1,0,0.0,0.0,0.0,66.21,67.95666666666666,10.89,0.0,3,0,1,0,0,1,0,0
0,1,1,0,56.0,1,1,1,1,1,1,0,0,1,68.45,0.0,0.0,0.0,365.0,1.0,3.0,3.0,1.0,0.0,1.0,1,0,0.0,0.0,0.0,55.92,71.67857142857143,10.39,0.0,4,0,1,0,0,1,0,0
1,0,1,0,35.0,1,1,0,1,0,1,1,0,1,69.0,0.0,0.0,0.0,365.0,0.0,0.0,0.0,0.0,0.0,0.0,1,0,0.0,0.0,0.0,72.23,69.76285714285714,10.94,0.0,3,0,1,0,0,0,1,0
0,1,0,0,64.0,0,0,0,1,0,1,1,0,1,43.85,0.0,0.0,0.0,365.0,1.0,2.9,2.9,0.0,0.0,0.0,3,1,0.33,1.36,4.08,59.45,42.984375,-14.21,0.0,3,2,0,0,0,0,1,0
1,0,0,1,30.0,0,0,0,0,0,0,1,1,1,44.5,0.0,0.0,0.0,365.0,0.0,0.0,0.0,0.0,0.0,0.0,1,0,0.0,0.0,0.0,96.29,43.593333333333334,-13.56,0.0,2,1,0,0,0,0,1,0
0,0,1,1,25.0,1,0,0,0,0,0,0,0,1,18.7,0.0,0.0,0.0,365.0,1.0,54.4,54.4,0.0,1.0,0.0,1,0,0.0,0.0,0.0,61.57,15.345999999999998,-2.37,0.0,0,0,2,0,1,0,0,1
0,0,0,0,41.0,1,0,0,0,0,0,0,0,0,70.25,2.0,218.0,1.0,44.0,0.0,0.0,0.0,0.0,0.0,0.0,3,1,0.33,9.6,28.79,90.79,69.95243902439024,-21.29,2.0,0,2,0,1,0,0,0,0
1,0,0,1,9.0,1,0,0,0,0,0,1,0,0,55.35,0.0,0.0,0.0,365.0,0.0,0.0,0.0,0.0,0.0,0.0,3,1,0.33,3.73,11.18,89.4,49.97222222222222,-2.71,0.0,1,3,0,0,0,0,1,0
0,0,1,0,1.0,1,0,1,1,0,0,0,0,1,53.55,0.0,0.0,0.0,365.0,0.0,0.0,0.0,0.0,0.0,0.0,3,0,0.0,0.0,0.0,77.14,53.55,-4.51,0.0,2,2,0,0,0,0,0,1
1,0,0,1,70.0,1,1,1,1,1,1,1,1,1,114.6,0.0,0.0,0.0,365.0,1.0,14.7,14.7,1.0,0.0,1.0,3,0,0.0,0.0,0.0,44.71,112.60714285714286,23.06,0.0,6,0,2,1,0,0,1,0
0,0,1,1,57.0,1,0,0,0,0,0,0,0,1,20.1,0.0,0.0,0.0,365.0,0.0,0.0,0.0,0.0,0.0,0.0,2,0,0.0,0.0,0.0,41.28,19.082456140350878,-0.97,0.0,0,0,2,0,1,0,0,0
1,0,0,0,9.0,1,1,0,0,0,0,1,0,1,85.5,0.0,0.0,0.0,365.0,0.0,0.0,0.0,0.0,0.0,0.0,3,0,0.0,0.0,0.0,65.95,87.96666666666667,-6.04,0.0,1,2,0,1,0,0,1,0
0,0,1,1,69.0,1,1,0,1,1,1,1,1,1,108.75,10.0,191.5,2.0,121.0,0.0,0.0,0.0,0.0,0.0,0.0,3,1,0.33,3.93,11.78,86.04,108.59492753623189,17.21,5.0,5,1,1,1,0,0,0,0
1,1,1,0,43.0,1,1,0,1,1,0,1,1,1,103.0,3.0,142.0,1.0,346.0,1.0,15.9,15.9,0.0,0.0,0.0,2,0,0.0,0.0,0.0,47.02,102.65813953488373,11.46,3.0,4,1,0,1,0,0,1,0
0,0,1,0,72.0,1,1,0,0,1,0,1,1,1,97.85,0.0,0.0,0.0,365.0,0.0,0.0,0.0,0.0,0.0,0.0,3,0,0.0,0.0,0.0,75.07,95.01805555555556,6.31,0.0,3,0,2,1,0,0,1,0
1,0,0,1,44.0,1,0,0,0,0,0,0,0,0,19.55,0.0,0.0,0.0,365.0,0.0,0.0,0.0,0.0,0.0,0.0,3,0,0.0,0.0,0.0,82.87,18.635227272727274,-1.52,0.0,0,0,2,0,1,0,0,0
0,0,1,0,72.0,1,1,1,1,0,0,0,0,1,84.05,16.0,31.0,3.0,6.0,0.0,0.0,0.0,0.0,0.0,0.0,3,1,0.33,7.57,22.71,58.7,84.05902777777777,-7.49,5.333,2,1,2,1,0,0,0,0
0,0,1,0,33.0,1,0,1,0,1,1,1,1,1,103.75,0.0,0.0,0.0,365.0,1.0,88.5,88.5,1.0,0.0,1.0,1,0,0.0,0.0,0.0,55.76,101.85000000000001,12.21,0.0,5,0,1,1,0,0,1,0
1,0,0,0,54.0,1,1,0,0,1,0,0,1,0,89.4,0.0,0.0,0.0,365.0,0.0,0.0,0.0,0.0,0.0,0.0,1,0,0.0,0.0,0.0,71.23,90.17592592592592,-2.14,0.0,2,1,0,1,0,1,0,0
1,0,0,1,27.0,1,0,0,0,0,0,0,0,0,19.7,9.0,48.0,1.0,175.0,0.0,0.0,0.0,0.0,0.0,0.0,3,2,0.67,16.05,32.94,76.53,18.862962962962964,-1.37,9.0,0,1,2,0,1,1,0,0
1,0,0,0,54.0,1,1,0,1,0,0,0,0,1,79.85,0.0,0.0,0.0,365.0,0.0,0.0,0.0,0.0,0.0,0.0,2,0,0.0,0.0,0.0,63.4,79.7824074074074,-11.69,0.0,1,1,0,1,0,0,0,0
1,0,0,0,3.0,1,0,0,1,0,0,0,0,0,74.45,4.0,265.0,1.0,277.0,0.0,0.0,0.0,0.0,0.0,0.0,1,0,0.0,0.0,0.0,113.69,73.7,-17.09,4.0,1,2,0,1,0,1,0,0
0,0,1,0,53.0,1,1,1,1,1,0,0,1,0,74.1,0.0,0.0,0.0,365.0,0.0,0.0,0.0,0.0,0.0,0.0,2,0,0.0,0.0,0.0,50.84,72.33867924528302,16.04,0.0,4,0,1,0,0,0,0,0
1,0,0,0,1.0,1,0,0,0,0,0,0,0,1,69.35,0.0,0.0,0.0,365.0,0.0,0.0,0.0,0.0,0.0,0.0,1,0,0.0,0.0,0.0,41.47,69.35,-22.19,0.0,0,2,0,1,0,0,1,0
1,0,1,0,15.0,1,0,0,0,0,0,0,0,0,20.15,0.0,0.0,0.0,365.0,0.0,0.0,0.0,0.0,0.0,0.0,3,1,0.33,2.1,6.29,55.38,19.663333333333334,-0.92,0.0,0,1,1,0,1,0,0,1
0,0,0,0,56.0,1,0,0,1,0,0,0,0,1,73.85,0.0,0.0,0.0,365.0,0.0,0.0,0.0,0.0,0.0,0.0,2,0,0.0,0.0,0.0,79.32,73.08660714285715,-17.69,0.0,1,1,0,1,0,0,1,0
1,0,1,1,5.0,1,1,1,1,0,1,0,0,0,64.4,0.0,0.0,0.0,365.0,0.0,0.0,0.0,0.0,0.0,0.0,3,0,0.0,0.0,0.0,45.2,63.379999999999995,6.34,0.0,3,2,0,0,0,1,0,0
1,0,1,1,48.0,1,0,0,1,1,0,0,0,1,55.8,0.0,0.0,0.0,365.0,0.0,0.0,0.0,0.0,0.0,0.0,1,0,0.0,0.0,0.0,79.11,55.23333333333333,-2.26,0.0,2,0,1,0,0,1,0,0
0,0,0,1,25.0,1,0,0,0,0,0,0,0,0,20.05,0.0,0.0,0.0,365.0,0.0,0.0,0.0,0.0,0.0,0.0,2,0,0.0,0.0,0.0,76.38,18.868,-1.02,0.0,0,1,0,0,1,1,0,0
0,0,1,0,3.0,1,1,0,0,0,0,0,0,1,75.15,0.0,0.0,0.0,365.0,0.0,0.0,0.0,0.0,0.0,0.0,2,0,0.0,0.0,0.0,41.88,72.25,-16.39,0.0,0,2,0,1,0,1,0,0
1,0,0,0,58.0,1,0,1,1,0,0,1,1,0,99.15,0.0,0.0,0.0,365.0,0.0,0.0,0.0,0.0,0.0,0.0,2,0,0.0,0.0,0.0,79.99,98.63706896551724,7.61,0.0,4,0,1,1,0,0,0,0
1,0,0,0,10.0,1,0,0,0,0,0,0,1,1,56.75,0.0,0.0,0.0,365.0,0.0,0.0,0.0,0.0,0.0,0.0,3,1,0.33,2.39,7.17,100.73,50.325,-1.31,0.0,1,3,0,0,0,0,0,0
1,0,0,0,12.0,1,0,0,0,0,0,0,0,1,69.6,5.0,221.0,1.0,270.0,1.0,7.4,7.4,0.0,1.0,0.0,1,0,0.0,0.0,0.0,20.83,5.8,-21.94,5.0,0,1,0,1,0,0,1,0
1,0,1,0,71.0,1,1,0,1,0,1,1,1,1,104.15,0.0,0.0,0.0,365.0,0.0,0.0,0.0,0.0,0.0,0.0,3,0,0.0,0.0,0.0,57.45,103.73661971830987,12.61,0.0,4,0,2,1,0,1,0,0
0,0,1,1,65.0,1,1,0,1,1,1,1,1,1,110.8,0.0,0.0,0.0,365.0,0.0,0.0,0.0,0.0,0.0,0.0,2,0,0.0,0.0,0.0,73.16,111.47538461538461,19.26,0.0,5,0,2,1,0,1,0,0
1,0,1,1,5.0,1,1,0,1,0,0,0,0,1,80.15,0.0,0.0,0.0,365.0,0.0,0.0,0.0,0.0,0.0,0.0,2,1,0.5,6.74,13.47,80.3,77.0,-11.39,0.0,1,3,0,1,0,0,1,0
0,0,0,0,28.0,0,0,0,0,1,1,0,0,1,35.75,0.0,0.0,0.0,365.0,0.0,0.0,0.0,0.0,0.0,0.0,3,1,0.33,4.9,14.7,36.68,34.33571428571428,-22.31,0.0,2,2,0,0,0,0,0,1
0,0,1,1,67.0,1,1,0,0,1,1,0,1,1,69.9,0.0,0.0,0.0,365.0,0.0,0.0,0.0,0.0,0.0,0.0,1,0,0.0,0.0,0.0,117.89,68.89402985074626,11.84,0.0,3,0,2,0,0,0,0,0
1,0,0,0,35.0,1,0,1,0,0,1,0,1,1,89.2,0.0,0.0,0.0,365.0,0.0,0.0,0.0,0.0,0.0,0.0,1,0,0.0,0.0,0.0,94.71,92.89428571428572,-2.34,0.0,3,0,1,1,0,0,1,0
0,0,1,1,72.0,0,0,1,1,1,1,0,1,0,56.15,3.0,84.0,1.0,146.0,1.0,11.7,11.7,0.0,1.0,0.0,1,0,0.0,0.0,0.0,78.82,53.889583333333334,-1.91,3.0,5,0,2,0,0,1,0,0
0,0,1,1,61.0,0,0,1,1,0,1,0,1,1,50.7,0.0,0.0,0.0,365.0,0.0,0.0,0.0,0.0,0.0,0.0,1,1,1.0,51.19,51.19,118.12,50.635245901639344,-7.36,0.0,4,1,1,0,0,0,0,0
1,1,0,0,68.0,1,0,0,0,0,0,0,0,1,20.0,6.0,103.0,1.0,7.0,0.0,0.0,0.0,0.0,0.0,0.0,1,0,0.0,0.0,0.0,102.69,20.529411764705884,-1.07,6.0,0,0,2,0,1,1,0,0
0,0,1,1,1.0,0,0,1,0,0,0,0,0,0,30.5,0.0,0.0,0.0,365.0,0.0,0.0,0.0,0.0,0.0,0.0,2,0,0.0,0.0,0.0,88.9,30.5,-27.56,0.0,1,2,0,0,0,0,0,0
1,0,0,0,3.0,1,0,0,0,0,0,0,0,1,19.1,0.0,0.0,0.0,365.0,0.0,0.0,0.0,0.0,0.0,0.0,2,0,0.0,0.0,0.0,52.85,17.683333333333334,-1.97,0.0,0,2,0,0,1,0,0,1
1,0,1,1,70.0,1,1,0,1,0,0,1,1,0,98.3,3.0,160.0,1.0,107.0,0.0,0.0,0.0,0.0,0.0,0.0,3,0,0.0,0.0,0.0,94.37,97.99285714285715,6.76,3.0,3,0,2,1,0,0,0,0
0,0,0,1,48.0,0,0,0,1,1,0,0,1,0,45.55,4.0,140.0,1.0,240.0,0.0,0.0,0.0,0.0,0.0,0.0,1,0,0.0,0.0,0.0,38.3,43.92395833333333,-12.51,4.0,3,1,0,0,0,1,0,0
1,0,1,1,68.0,1,1,0,1,0,0,1,1,1,101.05,4.0,165.0,1.0,347.0,0.0,0.0,0.0,0.0,0.0,0.0,3,0,0.0,0.0,0.0,68.78,99.56617647058823,9.51,4.0,3,0,1,1,0,1,0,0
0,0,0,0,47.0,1,0,1,0,1,1,1,1,1,103.7,0.0,0.0,0.0,365.0,0.0,0.0,0.0,0.0,0.0,0.0,3,1,0.33,1.61,4.83,64.83,100.65106382978725,12.16,0.0,5,1,1,1,0,0,1,0
1,0,1,1,32.0,0,0,0,0,1,1,0,0,1,36.25,0.0,0.0,0.0,365.0,0.0,0.0,0.0,0.0,0.0,0.0,1,0,0.0,0.0,0.0,102.94,35.9703125,-21.81,0.0,2,0,1,0,0,0,0,1
0,0,1,1,5.0,1,0,1,0,0,0,0,0,1,49.4,11.0,110.5,2.0,176.0,0.0,0.0,0.0,0.0,0.0,0.0,3,1,0.33,1.02,3.06,77.78,46.510000000000005,-8.66,5.5,1,3,0,0,0,0,0,1
1,0,0,0,49.0,1,0,0,0,0,0,0,0,1,19.9,0.0,0.0,0.0,365.0,0.0,0.0,0.0,0.0,0.0,0.0,2,1,0.5,4.87,9.74,36.16,20.869387755102043,-1.17,0.0,0,1,2,0,1,1,0,0
0,0,0,0,48.0,1,1,0,1,1,0,1,1,1,107.4,13.0,184.33333333333331,3.0,3.0,0.0,0.0,0.0,0.0,0.0,0.0,2,0,0.0,0.0,0.0,59.56,106.69375000000001,15.86,4.333,4,1,0,1,0,0,0,0
0,1,0,0,13.0,1,1,0,0,0,0,0,1,1,82.0,3.0,21.0,1.0,213.0,0.0,0.0,0.0,0.0,0.0,0.0,3,1,0.33,4.17,12.51,98.62,86.70769230769231,-9.54,3.0,1,2,0,1,0,0,1,0
1,0,0,0,15.0,1,0,0,0,0,0,0,0,1,19.8,0.0,0.0,0.0,365.0,0.0,0.0,0.0,0.0,0.0,0.0,1,0,0.0,0.0,0.0,99.96,20.626666666666665,-1.27,0.0,0,1,0,0,1,0,0,1
0,0,0,0,12.0,1,0,0,0,0,0,0,0,1,45.05,0.0,0.0,0.0,365.0,0.0,0.0,0.0,0.0,0.0,0.0,2,1,0.5,6.46,12.93,71.77,43.59166666666667,-13.01,0.0,0,2,0,0,0,0,1,0
1,1,0,0,67.0,1,1,1,1,0,1,0,0,1,64.55,0.0,0.0,0.0,365.0,0.0,0.0,0.0,0.0,0.0,0.0,2,0,0.0,0.0,0.0,55.32,63.43432835820896,6.49,0.0,3,0,2,0,0,0,0,0
1,0,0,0,9.0,1,0,0,0,0,1,1,0,0,86.25,0.0,0.0,0.0,365.0,0.0,0.0,0.0,0.0,0.0,0.0,1,0,0.0,0.0,0.0,57.54,85.61111111111111,-5.29,0.0,2,2,0,1,0,0,1,0
0,0,1,1,13.0,1,0,0,0,0,0,0,0,1,19.75,9.0,195.0,1.0,88.0,0.0,0.0,0.0,0.0,0.0,0.0,1,0,0.0,0.0,0.0,78.32,18.976923076923075,-1.32,9.0,0,0,2,0,1,0,0,0
0,0,0,0,38.0,1,0,0,0,0,0,1,1,1,89.1,4.0,142.0,1.0,138.0,0.0,0.0,0.0,0.0,0.0,0.0,2,0,0.0,0.0,0.0,58.47,87.94736842105263,-2.44,4.0,2,0,1,1,0,0,0,1
0,1,1,0,42.0,1,1,0,1,1,0,1,0,1,95.55,0.0,0.0,0.0,365.0,2.0,34.0,45.5,0.0,1.0,0.0,1,1,1.0,12.7,12.7,55.74,93.58571428571429,4.01,0.0,3,2,0,1,0,0,1,0
0,0,1,0,24.0,1,1,0,0,0,0,0,0,1,75.4,0.0,0.0,0.0,365.0,0.0,0.0,0.0,0.0,0.0,0.0,1,0,0.0,0.0,0.0,55.39,72.82708333333333,-16.14,0.0,0,1,0,1,0,1,0,0
0,1,1,0,27.0,1,0,1,0,1,0,1,1,1,101.25,0.0,0.0,0.0,365.0,0.0,0.0,0.0,0.0,0.0,0.0,3,0,0.0,0.0,0.0,47.69,102.01666666666667,9.71,0.0,4,1,0,1,0,0,1,0
1,0,1,1,9.0,1,1,0,1,1,0,1,1,1,102.6,0.0,0.0,0.0,365.0,0.0,0.0,0.0,0.0,0.0,0.0,3,0,0.0,0.0,0.0,66.03,99.75,11.06,0.0,4,2,0,1,0,1,0,0
0,0,1,0,49.0,0,0,0,1,0,1,1,1,1,56.3,4.0,136.0,1.0,200.0,0.0,0.0,0.0,0.0,0.0,0.0,1,0,0.0,0.0,0.0,22.36,56.7469387755102,-1.76,4.0,4,0,1,0,0,1,0,0
0,1,1,0,61.0,1,1,1,1,1,1,0,0,1,94.2,0.0,0.0,0.0,365.0,0.0,0.0,0.0,0.0,0.0,0.0,3,0,0.0,0.0,0.0,98.67,96.6467213114754,2.66,0.0,4,1,0,1,0,1,0,0
1,0,0,1,50.0,0,0,1,1,0,0,1,0,1,43.05,0.0,0.0,0.0,365.0,0.0,0.0,0.0,0.0,0.0,0.0,3,0,0.0,0.0,0.0,78.6,44.161,-15.01,0.0,3,0,1,0,0,0,0,0
1,1,0,0,25.0,1,1,0,1,0,0,1,0,1,89.5,0.0,0.0,0.0,365.0,0.0,0.0,0.0,0.0,0.0,0.0,1,0,0.0,0.0,0.0,89.01,87.846,-2.04,0.0,2,1,0,1,0,0,1,0
0,1,0,0,22.0,1,1,0,0,0,0,0,0,1,74.4,0.0,0.0,0.0,365.0,0.0,0.0,0.0,0.0,0.0,0.0,2,0,0.0,0.0,0.0,87.42,76.93636363636364,-17.14,0.0,0,1,0,1,0,0,0,0
1,0,0,0,1.0,1,0,0,0,0,0,0,0,0,20.15,0.0,0.0,0.0,365.0,0.0,0.0,0.0,0.0,0.0,0.0,2,0,0.0,0.0,0.0,116.38,20.5,-0.92,0.0,0,2,0,0,1,0,0,1
1,0,0,0,4.0,1,1,0,0,0,0,0,0,1,74.35,0.0,0.0,0.0,365.0,0.0,0.0,0.0,0.0,0.0,0.0,3,1,0.33,7.85,23.55,70.78,66.3375,-17.19,0.0,0,3,0,1,0,0,1,0
0,1,1,0,18.0,1,1,0,0,0,1,1,1,0,99.75,0.0,0.0,0.0,365.0,0.0,0.0,0.0,0.0,0.0,0.0,1,1,1.0,30.49,30.49,76.28,102.01388888888889,8.21,0.0,3,2,0,1,0,0,0,0
0,1,0,0,56.0,1,1,0,1,1,1,1,1,1,91.75,6.0,49.0,1.0,312.0,0.0,0.0,0.0,0.0,0.0,0.0,3,0,0.0,0.0,0.0,76.78,114.62321428571428,0.21,6.0,5,0,1,1,0,0,1,0
0,1,1,0,53.0,1,0,0,1,1,1,1,0,1,94.0,0.0,0.0,0.0,365.0,0.0,0.0,0.0,0.0,0.0,0.0,1,0,0.0,0.0,0.0,102.67,91.91415094339622,2.46,0.0,4,0,1,1,0,0,1,0
0,0,1,0,51.0,1,1,0,0,1,0,1,1,1,98.85,4.0,123.0,1.0,167.0,1.0,3.8,3.8,1.0,0.0,1.0,1,0,0.0,0.0,0.0,89.56,97.0107843137255,7.31,4.0,3,0,1,1,0,0,1,0
0,0,1,1,24.0,1,1,1,1,1,0,0,0,0,64.35,7.0,84.0,1.0,26.0,0.0,0.0,0.0,0.0,0.0,0.0,3,0,0.0,0.0,0.0,88.51,64.94375000000001,6.29,7.0,3,0,2,0,0,0,1,0
0,0,1,0,62.0,1,0,1,1,1,0,1,0,1,72.0,0.0,0.0,0.0,365.0,1.0,39.2,39.2,0.0,0.0,0.0,2,0,0.0,0.0,0.0,83.65,69.1,13.94,0.0,4,0,2,0,0,1,0,0
1,0,0,0,24.0,1,0,0,1,0,0,0,0,1,49.7,0.0,0.0,0.0,365.0,0.0,0.0,0.0,0.0,0.0,0.0,1,0,0.0,0.0,0.0,33.67,50.760416666666664,-8.36,0.0,1,1,0,0,0,0,0,1
0,0,1,1,70.0,1,1,1,1,1,1,1,0,0,80.7,0.0,0.0,0.0,365.0,0.0,0.0,0.0,0.0,0.0,0.0,3,0,0.0,0.0,0.0,79.49,80.25642857142857,22.64,0.0,5,0,2,0,0,0,1,0
1,0,0,1,1.0,0,0,0,0,0,0,0,0,0,24.2,0.0,0.0,0.0,365.0,0.0,0.0,0.0,0.0,0.0,0.0,1,0,0.0,0.0,0.0,29.22,24.2,-33.86,0.0,0,2,0,0,0,0,0,1
1,1,0,0,16.0,0,0,0,1,0,0,1,0,1,39.0,8.0,183.0,1.0,95.0,0.0,0.0,0.0,0.0,0.0,0.0,1,0,0.0,0.0,0.0,49.72,42.490625,-19.06,8.0,2,1,0,0,0,0,0,1
0,0,0,0,8.0,1,0,0,1,0,1,1,0,1,65.45,0.0,0.0,0.0,365.0,0.0,0.0,0.0,0.0,0.0,0.0,3,0,0.0,0.0,0.0,86.37,69.30625,7.39,0.0,3,2,0,0,0,0,1,0
0,0,1,1,72.0,1,0,1,1,1,1,0,1,1,74.35,0.0,0.0,0.0,365.0,0.0,0.0,0.0,0.0,0.0,0.0,1,0,0.0,0.0,0.0,106.23,72.74166666666666,16.29,0.0,5,0,2,0,0,0,1,0
0,0,0,0,23.0,1,0,0,1,1,1,0,0,0,83.2,0.0,0.0,0.0,365.0,1.0,18.0,18.0,1.0,0.0,1.0,2,1,0.5,3.18,6.36,39.66,88.36086956521739,-8.34,0.0,3,2,0,1,0,0,0,0
1,0,0,1,31.0,0,0,0,0,0,0,0,0,0,25.0,7.0,278.0,1.0,85.0,0.0,0.0,0.0,0.0,0.0,0.0,2,1,0.5,7.3,14.61,44.04,25.458064516129035,-33.06,7.0,0,2,0,0,0,1,0,0
1,0,1,1,37.0,0,0,1,0,1,1,0,0,1,56.15,0.0,0.0,0.0,365.0,0.0,0.0,0.0,0.0,0.0,0.0,2,0,0.0,0.0,0.0,72.77,41.225675675675674,-1.91,0.0,3,0,1,0,0,0,1,0
0,0,1,0,30.0,1,1,0,1,0,1,1,0,1,94.1,5.0,198.0,1.0,74.0,1.0,34.0,34.0,1.0,0.0,1.0,1,0,0.0,0.0,0.0,66.73,93.48166666666665,2.56,5.0,3,1,0,1,0,1,0,0
0,1,0,0,35.0,1,1,1,1,1,0,1,1,1,108.35,0.0,0.0,0.0,365.0,0.0,0.0,0.0,0.0,0.0,0.0,1,1,1.0,23.96,23.96,87.31,106.46142857142857,16.81,0.0,5,1,1,1,0,0,1,0
0,0,1,1,23.0,1,1,0,1,0,1,1,0,1,69.5,0.0,0.0,0.0,365.0,0.0,0.0,0.0,0.0,0.0,0.0,3,0,0.0,0.0,0.0,52.13,71.83043478260869,11.44,0.0,3,1,0,0,0,1,0,0
0,0,1,1,20.0,1,1,1,0,0,0,1,1,0,76.0,0.0,0.0,0.0,365.0,0.0,0.0,0.0,0.0,0.0,0.0,2,0,0.0,0.0,0.0,69.33,79.4375,17.94,0.0,3,0,1,0,0,0,0,0
1,0,1,0,36.0,1,0,1,0,0,0,1,1,1,93.6,8.0,19.0,1.0,159.0,0.0,0.0,0.0,0.0,0.0,0.0,2,0,0.0,0.0,0.0,65.44,93.5013888888889,2.06,8.0,3,1,0,1,0,0,1,0
0,0,0,0,8.0,1,1,0,0,0,0,1,1,0,95.65,4.0,295.0,1.0,226.0,0.0,0.0,0.0,0.0,0.0,0.0,2,0,0.0,0.0,0.0,80.59,97.2625,4.11,4.0,2,2,0,1,0,0,0,0
1,0,1,1,71.0,1,1,0,1,0,0,1,1,0,100.55,0.0,0.0,0.0,365.0,0.0,0.0,0.0,0.0,0.0,0.0,3,1,0.33,2.33,7.0,85.58,100.19366197183099,9.01,0.0,3,1,1,1,0,0,0,0
0,1,1,0,50.0,1,1,0,1,0,0,1,0,1,88.05,7.0,140.0,2.0,8.0,0.0,0.0,0.0,0.0,0.0,0.0,2,0,0.0,0.0,0.0,76.84,87.34700000000001,-3.49,3.5,2,1,0,1,0,0,1,0
0,0,1,1,43.0,1,1,0,0,0,0,0,0,1,24.45,0.0,0.0,0.0,365.0,0.0,0.0,0.0,0.0,0.0,0.0,3,1,0.33,2.84,8.53,71.59,23.096511627906978,3.38,0.0,0,1,1,0,1,0,0,0
1,0,0,1,57.0,1,1,1,1,1,1,1,1,0,89.55,3.0,236.0,1.0,353.0,0.0,0.0,0.0,0.0,0.0,0.0,3,1,0.33,2.67,8.01,66.86,87.93596491228071,31.49,3.0,6,1,2,0,0,0,0,1
0,0,1,1,41.0,1,0,0,1,0,1,0,1,1,66.5,0.0,0.0,0.0,365.0,1.0,2.2,2.2,1.0,0.0,1.0,1,0,0.0,0.0,0.0,112.21,66.55121951219512,8.44,0.0,3,0,1,0,0,0,0,0
0,0,1,0,27.0,1,0,0,1,0,0,0,0,1,76.1,0.0,0.0,0.0,365.0,0.0,0.0,0.0,0.0,0.0,0.0,3,1,0.33,5.51,16.52,33.13,77.53333333333333,-15.44,0.0,1,2,0,1,0,0,1,0
0,0,0,0,13.0,1,0,0,0,0,0,0,1,1,80.5,0.0,0.0,0.0,365.0,0.0,0.0,0.0,0.0,0.0,0.0,2,0,0.0,0.0,0.0,49.42,77.83076923076922,-11.04,0.0,1,1,0,1,0,0,1,0
1,0,0,0,3.0,0,0,1,1,0,0,0,0,1,35.45,0.0,0.0,0.0,365.0,0.0,0.0,0.0,0.0,0.0,0.0,3,1,0.33,6.02,18.06,48.85,35.61666666666667,-22.61,0.0,2,3,0,0,0,0,0,1
0,0,0,0,67.0,1,0,0,0,0,0,0,0,0,20.55,0.0,0.0,0.0,365.0,0.0,0.0,0.0,0.0,0.0,0.0,2,0,0.0,0.0,0.0,30.64,20.050746268656717,-0.52,0.0,0,0,1,0,1,0,1,0
1,0,0,0,3.0,1,0,0,1,0,0,0,0,1,49.9,0.0,0.0,0.0,365.0,0.0,0.0,0.0,0.0,0.0,0.0,1,0,0.0,0.0,0.0,86.09,43.36666666666667,-8.16,0.0,1,2,0,0,0,0,0,1
0,0,1,0,64.0,1,1,0,1,0,1,1,1,1,91.75,6.0,29.0,1.0,106.0,0.0,0.0,0.0,0.0,0.0,0.0,3,0,0.0,0.0,0.0,77.14,106.16796875,0.21,6.0,4,0,2,1,0,0,0,0
1,0,0,0,26.0,0,0,0,0,1,1,0,0,0,35.75,0.0,0.0,0.0,365.0,0.0,0.0,0.0,0.0,0.0,0.0,3,0,0.0,0.0,0.0,70.45,39.32692307692308,-22.31,0.0,2,1,0,0,0,0,1,0
1,0,0,0,38.0,1,1,0,1,1,0,0,1,1,95.1,16.0,186.0,2.0,74.0,0.0,0.0,0.0,0.0,0.0,0.0,3,0,0.0,0.0,0.0,99.32,97.13684210526316,3.56,8.0,3,1,0,1,0,1,0,0
1,0,1,0,23.0,1,0,0,0,0,0,0,0,0,19.3,0.0,0.0,0.0,365.0,0.0,0.0,0.0,0.0,0.0,0.0,2,1,0.5,11.07,22.14,67.07,21.139130434782608,-1.77,0.0,0,1,1,0,1,1,0,0
1,0,0,0,40.0,1,1,0,1,1,0,1,1,1,104.5,8.0,103.0,2.0,56.0,1.0,49.8,49.8,0.0,1.0,0.0,1,0,0.0,0.0,0.0,97.37,100.92125,12.96,4.0,4,1,0,1,0,1,0,0
1,1,1,0,72.0,0,0,1,1,1,1,1,1,1,63.1,6.0,156.0,1.0,57.0,0.0,0.0,0.0,0.0,0.0,0.0,3,2,0.67,22.39,41.75,84.74,65.07708333333333,5.04,6.0,6,1,2,0,0,0,0,0
0,1,0,0,3.0,1,1,0,0,0,0,0,0,1,75.05,0.0,0.0,0.0,365.0,2.0,14.4,23.5,2.0,0.0,1.0,3,0,0.0,0.0,0.0,59.09,85.41666666666667,-16.49,0.0,0,2,0,1,0,1,0,0
1,0,0,0,23.0,1,1,0,0,1,0,0,0,1,81.0,0.0,0.0,0.0,365.0,2.0,28.6,40.6,1.0,0.0,0.5,2,0,0.0,0.0,0.0,93.56,83.35217391304347,-10.54,0.0,1,1,0,1,0,0,1,0
0,1,1,0,1.0,1,1,0,0,0,0,0,0,1,74.45,0.0,0.0,0.0,365.0,0.0,0.0,0.0,0.0,0.0,0.0,2,1,0.5,6.95,13.9,76.58,74.45,-17.09,0.0,0,3,0,1,0,0,1,0
0,0,0,0,4.0,1,0,1,1,0,1,0,0,1,60.4,1.0,61.0,1.0,65.0,0.0,0.0,0.0,0.0,0.0,0.0,3,0,0.0,0.0,0.0,53.24,68.0375,2.34,1.0,3,2,0,0,0,0,0,1
0,0,1,0,62.0,1,1,1,1,0,1,1,1,1,84.95,0.0,0.0,0.0,365.0,1.0,2.7,2.7,0.0,0.0,0.0,2,0,0.0,0.0,0.0,55.05,83.0733870967742,26.89,0.0,5,0,2,0,0,0,1,0
0,0,0,0,40.0,1,1,0,1,1,0,1,0,1,93.4,0.0,0.0,0.0,365.0,0.0,0.0,0.0,0.0,0.0,0.0,1,0,0.0,0.0,0.0,60.28,93.91,1.86,0.0,3,1,0,1,0,0,0,0
1,0,0,0,41.0,1,1,0,1,0,0,1,0,1,89.2,0.0,0.0,0.0,365.0,0.0,0.0,0.0,0.0,0.0,0.0,1,0,0.0,0.0,0.0,59.92,88.92073170731707,-2.34,0.0,2,1,0,1,0,0,1,0
1,1,1,0,34.0,1,0,0,0,1,0,1,0,1,85.2,5.0,49.0,1.0,170.0,1.0,56.0,56.0,1.0,0.0,1.0,3,1,0.33,6.79,20.36,50.21,84.54264705882352,-6.34,5.0,2,2,0,1,0,1,0,0
0,0,0,0,1.0,1,0,0,1,0,0,0,0,0,49.95,0.0,0.0,0.0,365.0,0.0,0.0,0.0,0.0,0.0,0.0,1,0,0.0,0.0,0.0,97.24,49.95,-8.11,0.0,1,2,0,0,0,0,1,0
0,0,0,0,51.0,1,0,0,0,0,0,0,0,0,20.65,0.0,0.0,0.0,365.0,0.0,0.0,0.0,0.0,0.0,0.0,2,2,1.0,33.68,45.77,104.58,20.014705882352942,-0.42,0.0,0,1,2,0,1,0,0,0
1,0,1,1,1.0,1,0,0,0,0,0,0,0,1,70.65,0.0,0.0,0.0,365.0,0.0,0.0,0.0,0.0,0.0,0.0,2,0,0.0,0.0,0.0,72.4,70.65,-20.89,0.0,0,2,0,1,0,0,0,1
0,0,0,0,39.0,1,0,0,0,0,0,0,0,0,20.15,0.0,0.0,0.0,365.0,0.0,0.0,0.0,0.0,0.0,0.0,2,0,0.0,0.0,0.0,64.4,21.17948717948718,-0.92,0.0,0,0,2,0,1,0,0,1
1,0,1,1,12.0,1,0,0,0,0,0,0,0,1,19.2,0.0,0.0,0.0,365.0,0.0,0.0,0.0,0.0,0.0,0.0,2,0,0.0,0.0,0.0,54.14,19.916666666666668,-1.87,0.0,0,1,0,0,1,0,1,0
1,0,0,0,12.0,1,0,0,0,0,1,1,0,1,56.15,3.0,178.0,1.0,127.0,0.0,0.0,0.0,0.0,0.0,0.0,2,0,0.0,0.0,0.0,91.84,60.65,-1.91,3.0,2,0,1,0,0,0,1,0
1,0,0,0,72.0,1,1,0,1,1,0,1,1,1,104.95,0.0,0.0,0.0,365.0,0.0,0.0,0.0,0.0,0.0,0.0,3,0,0.0,0.0,0.0,83.11,104.78194444444445,13.41,0.0,4,0,1,1,0,0,1,0
0,1,1,0,63.0,1,1,0,1,1,0,1,1,1,103.5,0.0,0.0,0.0,365.0,0.0,0.0,0.0,0.0,0.0,0.0,2,0,0.0,0.0,0.0,73.67,102.84761904761905,11.96,0.0,4,1,0,1,0,0,1,0
1,0,1,0,44.0,1,1,1,0,1,0,0,0,1,91.75,1.0,112.0,1.0,139.0,0.0,0.0,0.0,0.0,0.0,0.0,3,0,0.0,0.0,0.0,73.38,82.41704545454546,0.21,1.0,2,1,0,1,0,1,0,0
0,0,0,0,18.0,1,1,0,0,1,1,0,1,1,95.05,0.0,0.0,0.0,365.0,0.0,0.0,0.0,0.0,0.0,0.0,2,0,0.0,0.0,0.0,47.42,93.30000000000001,3.51,0.0,3,1,0,1,0,0,0,0
0,0,0,0,9.0,1,0,0,0,0,0,0,0,1,44.2,0.0,0.0,0.0,365.0,0.0,0.0,0.0,0.0,0.0,0.0,1,0,0.0,0.0,0.0,72.22,44.81666666666667,-13.86,0.0,0,2,0,0,0,0,0,0
1,0,0,0,13.0,1,0,0,1,0,1,1,1,0,73.35,0.0,0.0,0.0,365.0,0.0,0.0,0.0,0.0,0.0,0.0,1,0,0.0,0.0,0.0,55.22,71.6576923076923,15.29,0.0,4,1,0,0,0,0,0,1
0,0,1,0,68.0,1,0,0,1,0,1,1,0,0,56.15,6.0,250.0,1.0,16.0,0.0,0.0,0.0,0.0,0.0,0.0,3,1,0.33,14.96,44.89,73.65,63.62132352941177,-1.91,6.0,3,1,2,0,0,0,0,0
0,1,0,0,6.0,0,0,0,0,0,0,1,1,1,44.4,0.0,0.0,0.0,365.0,0.0,0.0,0.0,0.0,0.0,0.0,2,0,0.0,0.0,0.0,92.18,43.84166666666667,-13.66,0.0,2,2,0,0,0,0,1,0
0,0,0,0,2.0,1,0,0,0,0,0,0,0,1,20.05,0.0,0.0,0.0,365.0,0.0,0.0,0.0,0.0,0.0,0.0,2,0,0.0,0.0,0.0,48.44,19.625,-1.02,0.0,0,2,0,0,1,0,0,1
1,1,1,0,55.0,1,1,1,1,0,0,0,0,0,56.15,8.0,264.0,1.0,25.0,1.0,25.8,25.8,0.0,0.0,0.0,3,1,0.33,7.58,22.74,81.01,60.29272727272727,-1.91,8.0,2,1,1,0,0,1,0,0
1,1,0,0,1.0,1,1,0,0,0,0,0,0,1,75.75,0.0,0.0,0.0,365.0,1.0,19.0,19.0,0.0,1.0,0.0,1,0,0.0,0.0,0.0,84.44,75.75,-15.79,0.0,0,2,0,1,0,0,1,0
1,0,0,0,38.0,1,0,0,0,0,0,0,0,1,69.5,0.0,0.0,0.0,365.0,1.0,39.5,39.5,0.0,0.0,0.0,1,0,0.0,0.0,0.0,101.01,69.08552631578948,-22.04,0.0,0,1,0,1,0,1,0,0
0,0,0,0,67.0,1,1,1,1,1,0,1,0,1,102.95,5.0,79.0,1.0,83.0,0.0,0.0,0.0,0.0,0.0,0.0,3,0,0.0,0.0,0.0,36.2,102.77985074626865,11.41,5.0,4,1,0,1,0,1,0,0
1,0,0,0,19.0,1,0,0,0,0,0,1,0,1,78.7,0.0,37.0,1.0,365.0,0.0,0.0,0.0,0.0,0.0,0.0,2,1,0.5,11.58,23.17,105.49,78.68947368421053,-12.84,0.0,1,2,0,1,0,0,0,0
0,0,0,0,12.0,0,0,0,1,1,1,1,1,0,60.65,2.0,210.0,1.0,234.0,0.0,0.0,0.0,0.0,0.0,0.0,1,0,0.0,0.0,0.0,105.69,61.94166666666666,2.59,2.0,5,0,1,0,0,0,1,0
0,0,0,0,64.0,1,0,0,0,0,0,0,0,1,21.15,0.0,0.0,0.0,365.0,1.0,10.5,10.5,0.0,0.0,0.0,1,0,0.0,0.0,0.0,97.83,22.178125,0.08,0.0,0,0,2,0,1,0,0,0
1,0,1,1,24.0,1,1,1,0,1,1,1,1,1,84.8,0.0,0.0,0.0,365.0,1.0,3.4,3.4,1.0,0.0,1.0,2,0,0.0,0.0,0.0,78.63,82.9375,26.74,0.0,5,0,1,0,0,0,0,1
0,0,1,1,72.0,1,1,0,1,1,0,1,1,1,103.2,5.0,187.0,1.0,101.0,0.0,0.0,0.0,0.0,0.0,0.0,2,0,0.0,0.0,0.0,71.89,102.26249999999999,11.66,5.0,4,0,1,1,0,1,0,0
0,0,1,1,11.0,0,0,1,0,0,0,0,0,1,29.6,0.0,0.0,0.0,365.0,0.0,0.0,0.0,0.0,0.0,0.0,2,0,0.0,0.0,0.0,89.16,31.495454545454546,-28.46,0.0,1,2,0,0,0,0,1,0
1,1,1,0,4.0,1,1,0,0,0,0,0,0,1,74.4,4.0,232.0,1.0,187.0,0.0,0.0,0.0,0.0,0.0,0.0,3,1,0.33,5.89,17.67,98.59,76.65,-17.14,4.0,0,3,0,1,0,0,0,1
1,0,0,0,66.0,1,0,1,0,1,1,1,1,1,105.65,0.0,0.0,0.0,365.0,0.0,0.0,0.0,0.0,0.0,0.0,2,0,0.0,0.0,0.0,71.18,103.70454545454545,14.11,0.0,5,0,2,1,0,0,0,0
